# M_Ms    log_t_yr  Teff     L_Ls    g   R_Rs Log_Li_Li0 logTc  logROc   Mrad     Rrad       k2conv      k2rad
 0.075     5.694352     2835.  -1.261  3.338  0.972   0.0000   5.816  -0.1479  0.0000   0.000E+00  4.416E-01  0.000E+00
 0.075     5.702628     2836.  -1.265  3.342  0.966   0.0000   5.818  -0.1414  0.0000   0.000E+00  4.418E-01  0.000E+00
 0.075     5.710924     2838.  -1.269  3.347  0.961   0.0000   5.820  -0.1349  0.0000   0.000E+00  4.420E-01  0.000E+00
 0.075     5.719243     2839.  -1.273  3.352  0.956   0.0000   5.822  -0.1285  0.0000   0.000E+00  4.422E-01  0.000E+00
 0.075     5.735973     2842.  -1.280  3.361  0.945   0.0000   5.825  -0.1155  0.0000   0.000E+00  4.425E-01  0.000E+00
 0.075     5.744396     2844.  -1.284  3.366  0.940   0.0000   5.827  -0.1090  0.0000   0.000E+00  4.427E-01  0.000E+00
 0.075     5.752866     2846.  -1.288  3.371  0.935   0.0000   5.829  -0.1025  0.0000   0.000E+00  4.429E-01  0.000E+00
 0.075     5.761389     2847.  -1.291  3.376  0.930   0.0000   5.831  -0.0960  0.0000   0.000E+00  4.431E-01  0.000E+00
 0.075     5.769974     2849.  -1.295  3.380  0.925   0.0000   5.833  -0.0895  0.0000   0.000E+00  4.433E-01  0.000E+00
 0.075     5.787366     2853.  -1.302  3.390  0.915   0.0000   5.837  -0.0766  0.0000   0.000E+00  4.437E-01  0.000E+00
 0.075     5.796197     2855.  -1.306  3.394  0.910   0.0000   5.839  -0.0701  0.0000   0.000E+00  4.438E-01  0.000E+00
 0.075     5.805133     2857.  -1.309  3.399  0.905   0.0000   5.841  -0.0637  0.0000   0.000E+00  4.440E-01  0.000E+00
 0.075     5.814192     2859.  -1.313  3.404  0.900   0.0000   5.843  -0.0573  0.0000   0.000E+00  4.442E-01  0.000E+00
 0.075     5.823386     2861.  -1.316  3.408  0.896   0.0000   5.845  -0.0509  0.0000   0.000E+00  4.444E-01  0.000E+00
 0.075     5.832741     2863.  -1.319  3.413  0.891   0.0000   5.847  -0.0445  0.0000   0.000E+00  4.446E-01  0.000E+00
 0.075     5.842275     2865.  -1.323  3.418  0.886   0.0000   5.849  -0.0381  0.0000   0.000E+00  4.447E-01  0.000E+00
 0.075     5.852020     2867.  -1.326  3.422  0.881   0.0000   5.851  -0.0318  0.0000   0.000E+00  4.449E-01  0.000E+00
 0.075     5.862007     2870.  -1.329  3.427  0.877   0.0000   5.853  -0.0255  0.0000   0.000E+00  4.451E-01  0.000E+00
 0.075     5.872273     2872.  -1.332  3.431  0.872   0.0000   5.854  -0.0192  0.0000   0.000E+00  4.453E-01  0.000E+00
 0.075     5.882860     2874.  -1.335  3.436  0.868   0.0000   5.856  -0.0129  0.0000   0.000E+00  4.454E-01  0.000E+00
 0.075     5.893824     2877.  -1.339  3.440  0.863   0.0000   5.858  -0.0067  0.0000   0.000E+00  4.456E-01  0.000E+00
 0.075     5.905236     2879.  -1.342  3.445  0.859   0.0000   5.860  -0.0006  0.0000   0.000E+00  4.458E-01  0.000E+00
 0.075     5.917052     2882.  -1.344  3.449  0.854   0.0000   5.862   0.0055  0.0000   0.000E+00  4.460E-01  0.000E+00
 0.075     5.928690     2884.  -1.347  3.454  0.850   0.0000   5.864   0.0112  0.0000   0.000E+00  4.461E-01  0.000E+00
 0.075     5.940147     2886.  -1.350  3.457  0.847   0.0000   5.865   0.0164  0.0000   0.000E+00  4.462E-01  0.000E+00
 0.075     5.951423     2888.  -1.352  3.461  0.843   0.0000   5.867   0.0213  0.0000   0.000E+00  4.464E-01  0.000E+00
 0.075     5.962514     2890.  -1.354  3.464  0.840   0.0000   5.868   0.0259  0.0000   0.000E+00  4.465E-01  0.000E+00
 0.075     5.973421     2892.  -1.356  3.467  0.837   0.0000   5.870   0.0300  0.0000   0.000E+00  4.466E-01  0.000E+00
 0.075     5.984144     2894.  -1.358  3.470  0.834   0.0000   5.871   0.0339  0.0000   0.000E+00  4.467E-01  0.000E+00
 0.075     5.994684     2896.  -1.359  3.473  0.832   0.0000   5.872   0.0375  0.0000   0.000E+00  4.468E-01  0.000E+00
 0.075     6.005043     2897.  -1.361  3.475  0.829   0.0000   5.873   0.0408  0.0000   0.000E+00  4.469E-01  0.000E+00
 0.075     6.015221     2899.  -1.362  3.477  0.827   0.0000   5.874   0.0439  0.0000   0.000E+00  4.470E-01  0.000E+00
 0.075     6.025220     2900.  -1.363  3.479  0.825   0.0000   5.875   0.0467  0.0000   0.000E+00  4.471E-01  0.000E+00
 0.075     6.035045     2901.  -1.365  3.481  0.823   0.0000   5.876   0.0494  0.0000   0.000E+00  4.472E-01  0.000E+00
 0.075     6.046554     2902.  -1.366  3.483  0.822   0.0000   5.877   0.0522  0.0000   0.000E+00  4.472E-01  0.000E+00
 0.075     6.059968     2904.  -1.367  3.486  0.819   0.0000   5.878   0.0553  0.0000   0.000E+00  4.473E-01  0.000E+00
 0.075     6.075540     2905.  -1.369  3.488  0.817   0.0000   5.878   0.0586  0.0000   0.000E+00  4.474E-01  0.000E+00
 0.075     6.093516     2906.  -1.371  3.491  0.815   0.0000   5.880   0.0621  0.0000   0.000E+00  4.475E-01  0.000E+00
 0.075     6.113546     2908.  -1.373  3.493  0.812   0.0000   5.881   0.0657  0.0000   0.000E+00  4.476E-01  0.000E+00
 0.075     6.131923     2909.  -1.374  3.496  0.810   0.0000   5.882   0.0690  0.0000   0.000E+00  4.477E-01  0.000E+00
 0.075     6.148920     2910.  -1.376  3.498  0.808   0.0000   5.883   0.0720  0.0000   0.000E+00  4.478E-01  0.000E+00
 0.075     6.164727     2912.  -1.377  3.500  0.806   0.0000   5.883   0.0748  0.0000   0.000E+00  4.479E-01  0.000E+00
 0.075     6.179497     2912.  -1.379  3.502  0.804   0.0000   5.884   0.0775  0.0000   0.000E+00  4.479E-01  0.000E+00
 0.075     6.193350     2912.  -1.381  3.504  0.803   0.0000   5.885   0.0801  0.0000   0.000E+00  4.480E-01  0.000E+00
 0.075     6.206383     2912.  -1.382  3.505  0.801   0.0000   5.886   0.0826  0.0000   0.000E+00  4.481E-01  0.000E+00
 0.075     6.218683     2912.  -1.384  3.507  0.799   0.0000   5.887   0.0851  0.0000   0.000E+00  4.481E-01  0.000E+00
 0.075     6.230314     2912.  -1.386  3.509  0.798   0.0000   5.888   0.0875  0.0000   0.000E+00  4.482E-01  0.000E+00
 0.075     6.241337     2913.  -1.387  3.511  0.796   0.0000   5.888   0.0899  0.0000   0.000E+00  4.483E-01  0.000E+00
 0.075     6.251799     2913.  -1.389  3.512  0.795   0.0000   5.889   0.0922  0.0000   0.000E+00  4.484E-01  0.000E+00
 0.075     6.261746     2913.  -1.390  3.514  0.793   0.0000   5.890   0.0946  0.0000   0.000E+00  4.484E-01  0.000E+00
 0.075     6.271214     2913.  -1.392  3.516  0.791   0.0000   5.890   0.0969  0.0000   0.000E+00  4.485E-01  0.000E+00
 0.075     6.280241     2913.  -1.394  3.517  0.790   0.0000   5.891   0.0992  0.0000   0.000E+00  4.485E-01  0.000E+00
 0.075     6.288855     2913.  -1.395  3.519  0.788   0.0000   5.892   0.1014  0.0000   0.000E+00  4.486E-01  0.000E+00
 0.075     6.297086     2913.  -1.397  3.521  0.787   0.0000   5.893   0.1037  0.0000   0.000E+00  4.487E-01  0.000E+00
 0.075     6.304956     2914.  -1.398  3.522  0.785   0.0000   5.893   0.1060  0.0000   0.000E+00  4.487E-01  0.000E+00
 0.075     6.312490     2914.  -1.400  3.524  0.784   0.0000   5.894   0.1082  0.0000   0.000E+00  4.488E-01  0.000E+00
 0.075     6.319708     2914.  -1.401  3.526  0.783   0.0000   5.895   0.1105  0.0000   0.000E+00  4.489E-01  0.000E+00
 0.075     6.326629     2914.  -1.403  3.527  0.781   0.0000   5.895   0.1127  0.0000   0.000E+00  4.489E-01  0.000E+00
 0.075     6.333272     2914.  -1.404  3.529  0.780   0.0000   5.896   0.1149  0.0000   0.000E+00  4.490E-01  0.000E+00
 0.075     6.339648     2914.  -1.406  3.530  0.778   0.0000   5.897   0.1171  0.0000   0.000E+00  4.490E-01  0.000E+00
 0.075     6.345777     2914.  -1.408  3.532  0.777   0.0000   5.897   0.1193  0.0000   0.000E+00  4.491E-01  0.000E+00
 0.075     6.351673     2914.  -1.409  3.534  0.775   0.0000   5.898   0.1215  0.0000   0.000E+00  4.492E-01  0.000E+00
 0.075     6.357342     2915.  -1.411  3.535  0.774   0.0000   5.899   0.1237  0.0000   0.000E+00  4.492E-01  0.000E+00
 0.075     6.362803     2915.  -1.412  3.537  0.772   0.0000   5.899   0.1259  0.0000   0.000E+00  4.493E-01  0.000E+00
 0.075     6.368064     2915.  -1.414  3.538  0.771   0.0000   5.900   0.1281  0.0000   0.000E+00  4.493E-01  0.000E+00
 0.075     6.373133     2915.  -1.415  3.540  0.770   0.0000   5.901   0.1303  0.0000   0.000E+00  4.494E-01  0.000E+00
 0.075     6.378023     2915.  -1.417  3.542  0.768   0.0000   5.901   0.1324  0.0000   0.000E+00  4.495E-01  0.000E+00
 0.075     6.382741     2915.  -1.418  3.543  0.767   0.0000   5.902   0.1346  0.0000   0.000E+00  4.495E-01  0.000E+00
 0.075     6.387295     2915.  -1.419  3.545  0.766   0.0000   5.903   0.1367  0.0000   0.000E+00  4.496E-01  0.000E+00
 0.075     6.391695     2915.  -1.421  3.546  0.764   0.0000   5.903   0.1388  0.0000   0.000E+00  4.496E-01  0.000E+00
 0.075     6.395946     2916.  -1.422  3.548  0.763   0.0000   5.904   0.1409  0.0000   0.000E+00  4.497E-01  0.000E+00
 0.075     6.400054     2916.  -1.424  3.549  0.762   0.0000   5.905   0.1430  0.0000   0.000E+00  4.497E-01  0.000E+00
 0.075     6.411596     2916.  -1.428  3.554  0.758   0.0000   5.907   0.1493  0.0000   0.000E+00  4.499E-01  0.000E+00
 0.075     6.422076     2916.  -1.432  3.558  0.754   0.0000   5.909   0.1555  0.0000   0.000E+00  4.501E-01  0.000E+00
 0.075     6.431623     2917.  -1.437  3.563  0.750   0.0000   5.910   0.1616  0.0000   0.000E+00  4.502E-01  0.000E+00
 0.075     6.440347     2917.  -1.441  3.567  0.746   0.0000   5.912   0.1676  0.0000   0.000E+00  4.504E-01  0.000E+00
 0.075     6.450860     2918.  -1.446  3.573  0.741   0.0000   5.915   0.1754  0.0000   0.000E+00  4.506E-01  0.000E+00
 0.075     6.460266     2918.  -1.451  3.578  0.737   0.0000   5.917   0.1831  0.0000   0.000E+00  4.508E-01  0.000E+00
 0.075     6.470700     2919.  -1.458  3.585  0.731   0.0000   5.920   0.1924  0.0000   0.000E+00  4.511E-01  0.000E+00
 0.075     6.479890     2919.  -1.464  3.591  0.726   0.0000   5.923   0.2014  0.0000   0.000E+00  4.513E-01  0.000E+00
 0.075     6.489554     2920.  -1.471  3.599  0.719   0.0000   5.926   0.2118  0.0000   0.000E+00  4.516E-01  0.000E+00
 0.075     6.499283     2920.  -1.479  3.607  0.713   0.0000   5.930   0.2234  0.0000   0.000E+00  4.519E-01  0.000E+00
 0.075     6.509851     2921.  -1.488  3.617  0.704   0.0000   5.934   0.2374  0.0000   0.000E+00  4.522E-01  0.000E+00
 0.075     6.519617     2922.  -1.498  3.627  0.696   0.0000   5.939   0.2519  0.0000   0.000E+00  4.526E-01  0.000E+00
 0.075     6.529278     2922.  -1.509  3.638  0.687   0.0000   5.944   0.2677  0.0000   0.000E+00  4.529E-01  0.000E+00
 0.075     6.539061     2923.  -1.521  3.651  0.677   0.0000   5.949   0.2853  0.0000   0.000E+00  4.533E-01  0.000E+00
 0.075     6.549371     2924.  -1.535  3.665  0.666   0.0000   5.956   0.3054  0.0000   0.000E+00  4.538E-01  0.000E+00
 0.075     6.559025     2925.  -1.548  3.679  0.656   0.0000   5.962   0.3255  0.0000   0.000E+00  4.542E-01  0.000E+00
 0.075     6.569003     2927.  -1.562  3.694  0.644   0.0000   5.969   0.3469  0.0000   0.000E+00  4.547E-01  0.000E+00
 0.075     6.579164     2928.  -1.577  3.710  0.633   0.0000   5.976   0.3689  0.0000   0.000E+00  4.551E-01  0.000E+00
 0.075     6.589165     2929.  -1.591  3.725  0.622   0.0000   5.982   0.3901  0.0000   0.000E+00  4.556E-01  0.000E+00
 0.075     6.601981     2930.  -1.609  3.743  0.609   0.0000   5.991   0.4166  0.0000   0.000E+00  4.561E-01  0.000E+00
 0.075     6.611803     2932.  -1.623  3.757  0.599   0.0000   5.997   0.4364  0.0000   0.000E+00  4.565E-01  0.000E+00
 0.075     6.621805     2933.  -1.636  3.771  0.590   0.0000   6.003   0.4563  0.0000   0.000E+00  4.569E-01  0.000E+00
 0.075     6.631994     2934.  -1.649  3.785  0.580   0.0000   6.009   0.4761  0.0000   0.000E+00  4.573E-01  0.000E+00
 0.075     6.642373     2935.  -1.662  3.799  0.571   0.0000   6.016   0.4958  0.0000   0.000E+00  4.577E-01  0.000E+00
 0.075     6.649399     2936.  -1.671  3.808  0.565   0.0000   6.020   0.5090  0.0000   0.000E+00  4.579E-01  0.000E+00
 0.075     6.660107     2938.  -1.684  3.822  0.556   0.0000   6.026   0.5288  0.0000   0.000E+00  4.583E-01  0.000E+00
 0.075     6.671020     2939.  -1.697  3.836  0.547   0.0000   6.032   0.5486  0.0000   0.000E+00  4.587E-01  0.000E+00
 0.075     6.682147     2941.  -1.709  3.850  0.539   0.0000   6.038   0.5684  0.0000   0.000E+00  4.590E-01  0.000E+00
 0.075     6.689684     2942.  -1.718  3.859  0.533   0.0000   6.043   0.5817  0.0000   0.000E+00  4.593E-01  0.000E+00
 0.075     6.701177     2944.  -1.731  3.873  0.525   0.0000   6.049   0.6016  0.0000   0.000E+00  4.596E-01  0.000E+00
 0.075     6.712894     2946.  -1.743  3.887  0.516   0.0000   6.055   0.6215  0.0000   0.000E+00  4.599E-01  0.000E+00
 0.075     6.720831     2947.  -1.752  3.896  0.511   0.0000   6.059   0.6349  0.0000   0.000E+00  4.601E-01  0.000E+00
 0.075     6.732924     2950.  -1.764  3.910  0.503   0.0000   6.065   0.6549  0.0000   0.000E+00  4.605E-01  0.000E+00
 0.075     6.741112     2951.  -1.773  3.919  0.497   0.0000   6.069   0.6684  0.0000   0.000E+00  4.607E-01  0.000E+00
 0.075     6.749398     2953.  -1.781  3.928  0.492   0.0000   6.074   0.6818  0.0000   0.000E+00  4.608E-01  0.000E+00
 0.075     6.762008     2955.  -1.794  3.942  0.484   0.0000   6.080   0.7020  0.0000   0.000E+00  4.611E-01  0.000E+00
 0.075     6.770533     2957.  -1.802  3.952  0.479   0.0000   6.084   0.7155  0.0000   0.000E+00  4.613E-01  0.000E+00
 0.075     6.779148     2959.  -1.810  3.961  0.474   0.0000   6.088   0.7291  0.0000   0.000E+00  4.615E-01  0.000E+00
 0.075     6.792231     2961.  -1.823  3.975  0.467   0.0000   6.094   0.7494  0.0000   0.000E+00  4.617E-01  0.000E+00
 0.075     6.801056     2963.  -1.831  3.984  0.462   0.0000   6.098   0.7630  0.0000   0.000E+00  4.619E-01  0.000E+00
 0.075     6.809958     2965.  -1.839  3.993  0.457   0.0000   6.103   0.7765  0.0000   0.000E+00  4.621E-01  0.000E+00
 0.075     6.823450     2966.  -1.852  4.007  0.449   0.0000   6.109   0.7969  0.0000   0.000E+00  4.623E-01  0.000E+00
 0.075     6.832549     2967.  -1.861  4.017  0.445   0.0000   6.113   0.8104  0.0000   0.000E+00  4.625E-01  0.000E+00
 0.075     6.841732     2967.  -1.870  4.026  0.440   0.0000   6.117   0.8239  0.0000   0.000E+00  4.627E-01  0.000E+00
 0.075     6.850994     2967.  -1.879  4.035  0.435   0.0000   6.121   0.8375  0.0000   0.000E+00  4.628E-01  0.000E+00
 0.075     6.860339     2967.  -1.889  4.044  0.431   0.0000   6.125   0.8510  0.0000   0.000E+00  4.630E-01  0.000E+00
 0.075     6.869761     2968.  -1.898  4.054  0.426   0.0000   6.129   0.8645  0.0000   0.000E+00  4.632E-01  0.000E+00
 0.075     6.879259     2968.  -1.907  4.063  0.422   0.0000   6.133   0.8781  0.0000   0.000E+00  4.633E-01  0.000E+00
 0.075     6.893651     2968.  -1.921  4.077  0.415   0.0000   6.139   0.8983  0.0000   0.000E+00  4.635E-01  0.000E+00
 0.075     6.903341     2968.  -1.930  4.086  0.411   0.0000   6.144   0.9118  0.0000   0.000E+00  4.637E-01  0.000E+00
 0.075     6.913107     2968.  -1.939  4.095  0.406   0.0000   6.148   0.9253  0.0000   0.000E+00  4.638E-01  0.000E+00
 0.075     6.922951     2968.  -1.948  4.104  0.402   0.0000   6.152   0.9388  0.0000   0.000E+00  4.640E-01  0.000E+00
 0.075     6.932874     2968.  -1.957  4.113  0.398   0.0000   6.156   0.9523  0.0000   0.000E+00  4.641E-01  0.000E+00
 0.075     6.942871     2968.  -1.967  4.123  0.394   0.0000   6.160   0.9659  0.0000   0.000E+00  4.643E-01  0.000E+00
 0.075     6.952940     2968.  -1.976  4.132  0.389   0.0000   6.164   0.9794  0.0000   0.000E+00  4.644E-01  0.000E+00
 0.075     6.963083     2968.  -1.985  4.141  0.385   0.0000   6.168   0.9929  0.0000   0.000E+00  4.645E-01  0.000E+00
 0.075     6.973299     2967.  -1.994  4.150  0.381   0.0000   6.172   1.0065  0.0000   0.000E+00  4.647E-01  0.000E+00
 0.075     6.983592     2967.  -2.003  4.159  0.377   0.0000   6.176   1.0200  0.0000   0.000E+00  4.648E-01  0.000E+00
 0.075     6.993962     2967.  -2.013  4.168  0.373   0.0000   6.180   1.0336  0.0000   0.000E+00  4.649E-01  0.000E+00
 0.075     6.999178     2967.  -2.017  4.173  0.371   0.0000   6.182   1.0404  0.0000   0.000E+00  4.649E-01  0.000E+00
 0.075     7.009668     2967.  -2.026  4.182  0.367   0.0000   6.186   1.0540  0.0000   0.000E+00  4.651E-01  0.000E+00
 0.075     7.020241     2967.  -2.036  4.191  0.364   0.0000   6.190   1.0677  0.0000   0.000E+00  4.652E-01  0.000E+00
 0.075     7.030891     2967.  -2.045  4.200  0.360   0.0000   6.194   1.0813  0.0000   0.000E+00  4.653E-01  0.000E+00
 0.075     7.041622     2967.  -2.054  4.210  0.356   0.0000   6.198   1.0950  0.0000   0.000E+00  4.654E-01  0.000E+00
 0.075     7.052428     2966.  -2.063  4.219  0.352   0.0000   6.202   1.1087  0.0000   0.000E+00  4.654E-01  0.000E+00
 0.075     7.063303     2966.  -2.073  4.228  0.349   0.0000   6.206   1.1224  0.0000   0.000E+00  4.655E-01  0.000E+00
 0.075     7.074249     2966.  -2.082  4.237  0.345   0.0000   6.210   1.1361  0.0000   0.000E+00  4.656E-01  0.000E+00
 0.075     7.079749     2966.  -2.086  4.242  0.343   0.0000   6.212   1.1430  0.0000   0.000E+00  4.657E-01  0.000E+00
 0.075     7.090801     2966.  -2.096  4.251  0.340   0.0000   6.216   1.1567  0.0000   0.000E+00  4.657E-01  0.000E+00
 0.075     7.101922     2966.  -2.105  4.260  0.336   0.0000   6.220   1.1705  0.0000   0.000E+00  4.658E-01  0.000E+00
 0.075     7.113111     2966.  -2.114  4.269  0.332   0.0000   6.224   1.1843  0.0000   0.000E+00  4.659E-01  0.000E+00
 0.075     7.124364     2966.  -2.123  4.278  0.329   0.0000   6.229   1.1981  0.0000   0.000E+00  4.659E-01  0.000E+00
 0.075     7.130018     2966.  -2.128  4.283  0.327   0.0000   6.231   1.2050  0.0000   0.000E+00  4.659E-01  0.000E+00
 0.075     7.141365     2966.  -2.137  4.292  0.324   0.0000   6.235   1.2188  0.0000   0.000E+00  4.660E-01  0.000E+00
 0.075     7.152771     2966.  -2.146  4.301  0.320   0.0000   6.239   1.2326  0.0000   0.000E+00  4.661E-01  0.000E+00
 0.075     7.164225     2966.  -2.156  4.310  0.317   0.0000   6.243   1.2464  0.0000   0.000E+00  4.661E-01  0.000E+00
 0.075     7.169974     2966.  -2.160  4.315  0.315   0.0000   6.245   1.2533  0.0000   0.000E+00  4.661E-01  0.000E+00
 0.075     7.181506     2965.  -2.169  4.324  0.312   0.0000   6.249   1.2671  0.0000   0.000E+00  4.662E-01  0.000E+00
 0.075     7.193088     2965.  -2.179  4.333  0.309   0.0000   6.253   1.2808  0.0000   0.000E+00  4.662E-01  0.000E+00
 0.075     7.204717     2965.  -2.188  4.342  0.306   0.0000   6.257   1.2946  0.0000   0.000E+00  4.663E-01  0.000E+00
 0.075     7.210549     2965.  -2.192  4.347  0.304   0.0000   6.259   1.3015  0.0000   0.000E+00  4.663E-01  0.000E+00
 0.075     7.222248     2965.  -2.202  4.356  0.301   0.0000   6.263   1.3153  0.0000   0.000E+00  4.663E-01  0.000E+00
 0.075     7.233993     2965.  -2.211  4.365  0.298   0.0000   6.267   1.3291  0.0000   0.000E+00  4.663E-01  0.000E+00
 0.075     7.239882     2965.  -2.215  4.370  0.296   0.0000   6.269   1.3360  0.0000   0.000E+00  4.664E-01  0.000E+00
 0.075     7.251697     2965.  -2.225  4.379  0.293   0.0000   6.273   1.3498  0.0000   0.000E+00  4.664E-01  0.000E+00
 0.075     7.263553     2965.  -2.234  4.388  0.290   0.0000   6.277   1.3635  0.0000   0.000E+00  4.664E-01  0.000E+00
 0.075     7.269499     2965.  -2.238  4.393  0.288   0.0000   6.279   1.3704  0.0000   0.000E+00  4.664E-01  0.000E+00
 0.075     7.281424     2964.  -2.248  4.402  0.285   0.0000   6.282   1.3841  0.0000   0.000E+00  4.665E-01  0.000E+00
 0.075     7.293393     2964.  -2.257  4.411  0.282   0.0000   6.286   1.3978  0.0000   0.000E+00  4.665E-01  0.000E+00
 0.075     7.299396     2964.  -2.262  4.415  0.281   0.0000   6.288   1.4046  0.0000   0.000E+00  4.665E-01  0.000E+00
 0.075     7.311434     2964.  -2.271  4.425  0.278   0.0000   6.292   1.4183  0.0000   0.000E+00  4.665E-01  0.000E+00
 0.075     7.323458     2963.  -2.280  4.434  0.275   0.0000   6.296   1.4319  0.0000   0.000E+00  4.665E-01  0.000E+00
 0.075     7.329514     2963.  -2.285  4.438  0.274   0.0000   6.298   1.4387  0.0000   0.000E+00  4.665E-01  0.000E+00
 0.075     7.341656     2963.  -2.294  4.447  0.271   0.0000   6.302   1.4524  0.0000   0.000E+00  4.666E-01  0.000E+00
 0.075     7.353841     2963.  -2.303  4.456  0.268   0.0000   6.306   1.4660  0.0000   0.000E+00  4.666E-01  0.000E+00
 0.075     7.359947     2962.  -2.308  4.461  0.267   0.0000   6.307   1.4728  0.0000   0.000E+00  4.666E-01  0.000E+00
 0.075     7.372192     2962.  -2.317  4.470  0.264   0.0000   6.311   1.4864  0.0000   0.000E+00  4.666E-01  0.000E+00
 0.075     7.384475     2961.  -2.327  4.479  0.261   0.0000   6.315   1.5000  0.0000   0.000E+00  4.666E-01  0.000E+00
 0.075     7.390631     2961.  -2.331  4.484  0.260   0.0000   6.317   1.5068  0.0000   0.000E+00  4.666E-01  0.000E+00
 0.075     7.402975     2961.  -2.341  4.493  0.257   0.0000   6.321   1.5203  0.0000   0.000E+00  4.666E-01  0.000E+00
 0.075     7.409162     2961.  -2.345  4.497  0.256   0.0000   6.322   1.5271  0.0000   0.000E+00  4.666E-01  0.000E+00
 0.075     7.421568     2959.  -2.355  4.506  0.253   0.0000   6.326   1.5406  0.0000   0.000E+00  4.667E-01  0.000E+00
 0.075     7.434030     2958.  -2.365  4.515  0.250   0.0000   6.330   1.5541  0.0000   0.000E+00  4.667E-01  0.000E+00
 0.075     7.440284     2957.  -2.370  4.520  0.249   0.0000   6.332   1.5609  0.0000   0.000E+00  4.667E-01  0.000E+00
 0.075     7.452838     2955.  -2.380  4.529  0.246   0.0000   6.335   1.5743  0.0000   0.000E+00  4.667E-01  0.000E+00
 0.075     7.459138     2955.  -2.385  4.534  0.245   0.0000   6.337   1.5811  0.0000   0.000E+00  4.667E-01  0.000E+00
 0.075     7.471784     2953.  -2.395  4.543  0.243   0.0000   6.340   1.5946  0.0000   0.000E+00  4.667E-01  0.000E+00
 0.075     7.484431     2951.  -2.405  4.552  0.240   0.0000   6.344   1.6080  0.0000   0.000E+00  4.667E-01  0.000E+00
 0.075     7.490805     2950.  -2.410  4.556  0.239   0.0000   6.346   1.6147  0.0000   0.000E+00  4.667E-01  0.000E+00
 0.075     7.503597     2949.  -2.420  4.565  0.236  -0.0004   6.349   1.6282  0.0000   0.000E+00  4.667E-01  0.000E+00
 0.075     7.510014     2948.  -2.425  4.570  0.235  -0.0004   6.351   1.6349  0.0000   0.000E+00  4.667E-01  0.000E+00
 0.075     7.522889     2946.  -2.435  4.579  0.233  -0.0004   6.355   1.6484  0.0000   0.000E+00  4.667E-01  0.000E+00
 0.075     7.529344     2945.  -2.441  4.583  0.232  -0.0004   6.356   1.6551  0.0000   0.000E+00  4.667E-01  0.000E+00
 0.075     7.542295     2943.  -2.451  4.592  0.229  -0.0004   6.360   1.6685  0.0000   0.000E+00  4.668E-01  0.000E+00
 0.075     7.555292     2941.  -2.461  4.601  0.227  -0.0004   6.363   1.6819  0.0000   0.000E+00  4.668E-01  0.000E+00
 0.075     7.561807     2940.  -2.466  4.606  0.226  -0.0009   6.365   1.6886  0.0000   0.000E+00  4.668E-01  0.000E+00
 0.075     7.574869     2938.  -2.476  4.615  0.223  -0.0009   6.368   1.7020  0.0000   0.000E+00  4.668E-01  0.000E+00
 0.075     7.581416     2937.  -2.481  4.619  0.222  -0.0009   6.370   1.7087  0.0000   0.000E+00  4.668E-01  0.000E+00
 0.075     7.594540     2935.  -2.491  4.628  0.220  -0.0013   6.373   1.7220  0.0000   0.000E+00  4.668E-01  0.000E+00
 0.075     7.601117     2934.  -2.497  4.633  0.219  -0.0013   6.375   1.7287  0.0000   0.000E+00  4.668E-01  0.000E+00
 0.075     7.614301     2932.  -2.507  4.642  0.216  -0.0017   6.378   1.7421  0.0000   0.000E+00  4.669E-01  0.000E+00
 0.075     7.620907     2931.  -2.512  4.646  0.215  -0.0022   6.380   1.7487  0.0000   0.000E+00  4.669E-01  0.000E+00
 0.075     7.634150     2929.  -2.522  4.655  0.213  -0.0026   6.383   1.7620  0.0000   0.000E+00  4.669E-01  0.000E+00
 0.075     7.640786     2927.  -2.528  4.660  0.212  -0.0031   6.385   1.7687  0.0000   0.000E+00  4.669E-01  0.000E+00
 0.075     7.654087     2925.  -2.538  4.669  0.210  -0.0035   6.388   1.7820  0.0000   0.000E+00  4.669E-01  0.000E+00
 0.075     7.660753     2924.  -2.543  4.673  0.209  -0.0039   6.390   1.7886  0.0000   0.000E+00  4.669E-01  0.000E+00
 0.075     7.674115     2921.  -2.554  4.682  0.207  -0.0048   6.393   1.8019  0.0000   0.000E+00  4.670E-01  0.000E+00
 0.075     7.680811     2920.  -2.559  4.687  0.206  -0.0057   6.395   1.8085  0.0000   0.000E+00  4.670E-01  0.000E+00
 0.075     7.694235     2917.  -2.569  4.696  0.203  -0.0070   6.398   1.8218  0.0000   0.000E+00  4.670E-01  0.000E+00
 0.075     7.700964     2916.  -2.574  4.700  0.202  -0.0079   6.399   1.8284  0.0000   0.000E+00  4.670E-01  0.000E+00
 0.075     7.714456     2914.  -2.585  4.709  0.200  -0.0097   6.402   1.8416  0.0000   0.000E+00  4.671E-01  0.000E+00
 0.075     7.721219     2912.  -2.590  4.714  0.199  -0.0110   6.404   1.8483  0.0000   0.000E+00  4.671E-01  0.000E+00
 0.075     7.734778     2909.  -2.601  4.722  0.197  -0.0137   6.407   1.8615  0.0000   0.000E+00  4.671E-01  0.000E+00
 0.075     7.741575     2908.  -2.606  4.727  0.196  -0.0150   6.409   1.8681  0.0000   0.000E+00  4.671E-01  0.000E+00
 0.075     7.755203     2905.  -2.617  4.736  0.194  -0.0186   6.412   1.8813  0.0000   0.000E+00  4.672E-01  0.000E+00
 0.075     7.762035     2904.  -2.622  4.740  0.193  -0.0205   6.413   1.8880  0.0000   0.000E+00  4.672E-01  0.000E+00
 0.075     7.775735     2901.  -2.633  4.749  0.191  -0.0255   6.416   1.9012  0.0000   0.000E+00  4.672E-01  0.000E+00
 0.075     7.782346     2900.  -2.638  4.754  0.190  -0.0278   6.418   1.9076  0.0000   0.000E+00  4.672E-01  0.000E+00
 0.075     7.793872     2897.  -2.647  4.761  0.189  -0.0334   6.420   1.9187  0.0000   0.000E+00  4.672E-01  0.000E+00
 0.075     7.803710     2895.  -2.655  4.767  0.187  -0.0386   6.422   1.9282  0.0000   0.000E+00  4.673E-01  0.000E+00
 0.075     7.812306     2893.  -2.661  4.773  0.186  -0.0438   6.424   1.9364  0.0000   0.000E+00  4.673E-01  0.000E+00
 0.075     7.819946     2891.  -2.667  4.778  0.185  -0.0491   6.426   1.9437  0.0000   0.000E+00  4.673E-01  0.000E+00
 0.075     7.830031     2888.  -2.675  4.784  0.184  -0.0570   6.428   1.9534  0.0000   0.000E+00  4.673E-01  0.000E+00
 0.075     7.841556     2886.  -2.685  4.792  0.182  -0.0680   6.430   1.9644  0.0000   0.000E+00  4.673E-01  0.000E+00
 0.075     7.849116     2884.  -2.691  4.797  0.181  -0.0757   6.432   1.9716  0.0000   0.000E+00  4.674E-01  0.000E+00
 0.075     7.860172     2881.  -2.699  4.804  0.180  -0.0894   6.434   1.9822  0.0000   0.000E+00  4.674E-01  0.000E+00
 0.075     7.869758     2878.  -2.707  4.810  0.178  -0.1024   6.436   1.9913  0.0000   0.000E+00  4.674E-01  0.000E+00
 0.075     7.879810     2876.  -2.715  4.816  0.177  -0.1186   6.438   2.0008  0.0000   0.000E+00  4.674E-01  0.000E+00
 0.075     7.890028     2873.  -2.723  4.823  0.176  -0.1373   6.440   2.0105  0.0000   0.000E+00  4.674E-01  0.000E+00
 0.075     7.899007     2870.  -2.730  4.828  0.175  -0.1561   6.442   2.0190  0.0000   0.000E+00  4.675E-01  0.000E+00
 0.075     7.909164     2868.  -2.738  4.835  0.173  -0.1805   6.444   2.0285  0.0000   0.000E+00  4.675E-01  0.000E+00
 0.075     7.919047     2865.  -2.746  4.841  0.172  -0.2076   6.446   2.0379  0.0000   0.000E+00  4.675E-01  0.000E+00
 0.075     7.929428     2862.  -2.755  4.848  0.171  -0.2403   6.448   2.0476  0.0000   0.000E+00  4.675E-01  0.000E+00
 0.075     7.939286     2859.  -2.763  4.854  0.170  -0.2757   6.449   2.0569  0.0000   0.000E+00  4.676E-01  0.000E+00
 0.075     7.949290     2856.  -2.771  4.860  0.168  -0.3170   6.451   2.0662  0.0000   0.000E+00  4.676E-01  0.000E+00
 0.075     7.959268     2853.  -2.779  4.866  0.167  -0.3635   6.453   2.0756  0.0000   0.000E+00  4.676E-01  0.000E+00
 0.075     7.969100     2849.  -2.787  4.872  0.166  -0.4168   6.455   2.0847  0.0000   0.000E+00  4.676E-01  0.000E+00
 0.075     7.979146     2846.  -2.795  4.879  0.165  -0.4776   6.457   2.0941  0.0000   0.000E+00  4.676E-01  0.000E+00
 0.075     7.989214     2843.  -2.803  4.885  0.164  -0.5467   6.459   2.1034  0.0000   0.000E+00  4.677E-01  0.000E+00
 0.075     7.999176     2839.  -2.812  4.891  0.162  -0.6253   6.460   2.1126  0.0000   0.000E+00  4.677E-01  0.000E+00
 0.075     8.009243     2836.  -2.820  4.897  0.161  -0.7144   6.462   2.1219  0.0000   0.000E+00  4.677E-01  0.000E+00
 0.075     8.019008     2833.  -2.828  4.903  0.160  -0.8125   6.464   2.1309  0.0000   0.000E+00  4.677E-01  0.000E+00
 0.075     8.029148     2829.  -2.836  4.909  0.159  -0.9281   6.466   2.1402  0.0000   0.000E+00  4.677E-01  0.000E+00
 0.075     8.039025     2825.  -2.845  4.915  0.158  -1.0565   6.467   2.1493  0.0000   0.000E+00  4.677E-01  0.000E+00
 0.075     8.048981     2822.  -2.853  4.921  0.157  -1.2013   6.469   2.1583  0.0000   0.000E+00  4.678E-01  0.000E+00
 0.075     8.059048     2818.  -2.861  4.928  0.156  -1.3675   6.471   2.1675  0.0000   0.000E+00  4.678E-01  0.000E+00
 0.075     8.069087     2814.  -2.870  4.934  0.155  -1.5544   6.472   2.1766  0.0000   0.000E+00  4.678E-01  0.000E+00
 0.075     8.079004     2811.  -2.878  4.940  0.154  -1.7620   6.474   2.1856  0.0000   0.000E+00  4.678E-01  0.000E+00
 0.075     8.089078     2807.  -2.886  4.946  0.153  -2.0000   6.476   2.1947  0.0000   0.000E+00  4.678E-01  0.000E+00
 0.075     8.099066     2803.  -2.895  4.952  0.152  -2.2628   6.477   2.2037  0.0000   0.000E+00  4.678E-01  0.000E+00
 0.075     8.108981     2799.  -2.903  4.957  0.151  -2.5575   6.479   2.2126  0.0000   0.000E+00  4.679E-01  0.000E+00
 0.075     8.119005     2794.  -2.912  4.963  0.149  -2.8928   6.480   2.2216  0.0000   0.000E+00  4.679E-01  0.000E+00
 0.075     8.129016     2789.  -2.921  4.969  0.148  -3.2644   6.482   2.2305  0.0000   0.000E+00  4.679E-01  0.000E+00
 0.075     8.138991     2785.  -2.930  4.975  0.147  -3.6819   6.483   2.2394  0.0000   0.000E+00  4.679E-01  0.000E+00
 0.075     8.149576     2780.  -2.939  4.981  0.146  -4.1379   6.485   2.2488  0.0000   0.000E+00  4.679E-01  0.000E+00
 0.075     8.159700     2775.  -2.948  4.987  0.145  -4.3757   6.486   2.2577  0.0000   0.000E+00  4.679E-01  0.000E+00
 0.075     8.169689     2771.  -2.956  4.993  0.144  -4.5331   6.487   2.2664  0.0000   0.000E+00  4.679E-01  0.000E+00
 0.075     8.179882     2766.  -2.965  4.999  0.143  -4.6596   6.489   2.2753  0.0000   0.000E+00  4.679E-01  0.000E+00
 0.075     8.193881     2759.  -2.978  5.007  0.142  -4.8069   6.491   2.2874  0.0000   0.000E+00  4.679E-01  0.000E+00
 0.075     8.201351     2755.  -2.984  5.011  0.141  -4.8827   6.492   2.2939  0.0000   0.000E+00  4.679E-01  0.000E+00
 0.075     8.216316     2748.  -2.997  5.020  0.140  -5.0395   6.494   2.3067  0.0000   0.000E+00  4.679E-01  0.000E+00
 0.075     8.223807     2744.  -3.004  5.024  0.139  -5.1198   6.495   2.3131  0.0000   0.000E+00  4.679E-01  0.000E+00
 0.075     8.231312     2740.  -3.011  5.028  0.139  -5.2000   6.496   2.3194  0.0000   0.000E+00  4.679E-01  0.000E+00
 0.075     8.246353     2732.  -3.024  5.036  0.137  -5.3585   6.497   2.3322  0.0000   0.000E+00  4.679E-01  0.000E+00
 0.075     8.253888     2727.  -3.031  5.040  0.137  -5.4401   6.498   2.3385  0.0000   0.000E+00  4.679E-01  0.000E+00
 0.075     8.261439     2723.  -3.038  5.045  0.136  -5.5229   6.499   2.3449  0.0000   0.000E+00  4.679E-01  0.000E+00
 0.075     8.269008     2719.  -3.045  5.049  0.136  -5.6091   6.500   2.3512  0.0000   0.000E+00  4.679E-01  0.000E+00
 0.075     8.284185     2711.  -3.058  5.057  0.134  -5.7825   6.502   2.3638  0.0000   0.000E+00  4.679E-01  0.000E+00
 0.075     8.291799     2706.  -3.065  5.061  0.134  -5.8729   6.503   2.3701  0.0000   0.000E+00  4.679E-01  0.000E+00
 0.075     8.299440     2702.  -3.072  5.065  0.133  -5.9666   6.503   2.3764  0.0000   0.000E+00  4.679E-01  0.000E+00
 0.075     8.314773     2693.  -3.086  5.073  0.132  -6.1549   6.505   2.3889  0.0000   0.000E+00  4.679E-01  0.000E+00
 0.075     8.322472     2689.  -3.093  5.077  0.131  -6.2518   6.506   2.3952  0.0000   0.000E+00  4.679E-01  0.000E+00
 0.075     8.330199     2685.  -3.099  5.081  0.130  -6.3507   6.506   2.4015  0.0000   0.000E+00  4.679E-01  0.000E+00
 0.075     8.345715     2676.  -3.113  5.090  0.129  -6.5544   6.508   2.4140  0.0000   0.000E+00  4.679E-01  0.000E+00
 0.075     8.353514     2672.  -3.120  5.094  0.129  -6.6576   6.509   2.4203  0.0000   0.000E+00  4.679E-01  0.000E+00
 0.075     8.361348     2667.  -3.127  5.098  0.128  -6.7645   6.510   2.4265  0.0000   0.000E+00  4.679E-01  0.000E+00
 0.075     8.369208     2663.  -3.134  5.102  0.127  -6.8697   6.510   2.4327  0.0000   0.000E+00  4.678E-01  0.000E+00
 0.075     8.385027     2654.  -3.148  5.110  0.126  -7.0904   6.511   2.4452  0.0000   0.000E+00  4.678E-01  0.000E+00
 0.075     8.392990     2649.  -3.155  5.114  0.126  -7.2027   6.512   2.4515  0.0000   0.000E+00  4.678E-01  0.000E+00
 0.075     8.400988     2644.  -3.162  5.118  0.125  -7.3170   6.513   2.4577  0.0000   0.000E+00  4.678E-01  0.000E+00
 0.075     8.409028     2640.  -3.169  5.122  0.125  -7.4330   6.513   2.4640  0.0000   0.000E+00  4.678E-01  0.000E+00
 0.075     8.425233     2630.  -3.184  5.130  0.123  -7.6696   6.515   2.4765  0.0000   0.000E+00  4.677E-01  0.000E+00
 0.075     8.433405     2625.  -3.191  5.134  0.123  -7.7905   6.515   2.4827  0.0000   0.000E+00  4.677E-01  0.000E+00
 0.075     8.441621     2620.  -3.198  5.138  0.122  -7.9136   6.516   2.4890  0.0000   0.000E+00  4.677E-01  0.000E+00
 0.075     8.449887     2615.  -3.206  5.142  0.122  -8.0357   6.516   2.4953  0.0000   0.000E+00  4.677E-01  0.000E+00
 0.075     8.466578     2605.  -3.221  5.150  0.121  -8.2874   6.517   2.5078  0.0000   0.000E+00  4.676E-01  0.000E+00
 0.075     8.475005     2600.  -3.228  5.154  0.120  -8.4145   6.518   2.5141  0.0000   0.000E+00  4.676E-01  0.000E+00
 0.075     8.483493     2594.  -3.236  5.158  0.119  -8.5436   6.518   2.5204  0.0000   0.000E+00  4.676E-01  0.000E+00
 0.075     8.492049     2589.  -3.244  5.162  0.119  -8.6716   6.519   2.5267  0.0000   0.000E+00  4.676E-01  0.000E+00
 0.075     8.500669     2583.  -3.252  5.166  0.118  -8.8013   6.519   2.5330  0.0000   0.000E+00  4.676E-01  0.000E+00
 0.075     8.509352     2577.  -3.260  5.170  0.118  -8.9318   6.520   2.5392  0.0000   0.000E+00  4.675E-01  0.000E+00
 0.075     8.526882     2565.  -3.276  5.178  0.117  -9.1871   6.521   2.5518  0.0000   0.000E+00  4.675E-01  0.000E+00
 0.075     8.535747     2559.  -3.284  5.182  0.116  -9.3107   6.521   2.5580  0.0000   0.000E+00  4.674E-01  0.000E+00
 0.075     8.544677     2553.  -3.292  5.186  0.116  -9.4306   6.521   2.5643  0.0000   0.000E+00  4.674E-01  0.000E+00
 0.075     8.553683     2547.  -3.300  5.190  0.115  -9.5452   6.522   2.5705  0.0000   0.000E+00  4.674E-01  0.000E+00
 0.075     8.562772     2541.  -3.308  5.194  0.115  -9.6498   6.522   2.5767  0.0000   0.000E+00  4.674E-01  0.000E+00
 0.075     8.571932     2534.  -3.317  5.198  0.114  -9.7471   6.522   2.5830  0.0000   0.000E+00  4.673E-01  0.000E+00
 0.075     8.581165     2528.  -3.325  5.202  0.114  -9.8356   6.523   2.5892  0.0000   0.000E+00  4.673E-01  0.000E+00
 0.075     8.590474     2521.  -3.334  5.206  0.113  -9.9172   6.523   2.5953  0.0000   0.000E+00  4.673E-01  0.000E+00
 0.075     8.599549     2515.  -3.342  5.210  0.113  -9.9872   6.523   2.6013  0.0000   0.000E+00  4.672E-01  0.000E+00
 0.075     8.609018     2508.  -3.350  5.214  0.112 -10.0560   6.523   2.6075  0.0000   0.000E+00  4.672E-01  0.000E+00
 0.075     8.628225     2494.  -3.368  5.222  0.111 -10.1765   6.524   2.6197  0.0000   0.000E+00  4.672E-01  0.000E+00
 0.075     8.637976     2487.  -3.377  5.226  0.110 -10.2306   6.524   2.6258  0.0000   0.000E+00  4.671E-01  0.000E+00
 0.075     8.647832     2480.  -3.386  5.230  0.110 -10.2823   6.524   2.6319  0.0000   0.000E+00  4.671E-01  0.000E+00
 0.075     8.657798     2473.  -3.395  5.234  0.109 -10.3307   6.524   2.6380  0.0000   0.000E+00  4.671E-01  0.000E+00
 0.075     8.667880     2465.  -3.404  5.238  0.109 -10.3757   6.524   2.6441  0.0000   0.000E+00  4.670E-01  0.000E+00
 0.075     8.678086     2458.  -3.413  5.242  0.109 -10.4202   6.524   2.6501  0.0000   0.000E+00  4.670E-01  0.000E+00
 0.075     8.688417     2450.  -3.422  5.245  0.108 -10.4609   6.524   2.6562  0.0000   0.000E+00  4.669E-01  0.000E+00
 0.075     8.698880     2443.  -3.432  5.249  0.108 -10.5003   6.524   2.6622  0.0000   0.000E+00  4.669E-01  0.000E+00
 0.075     8.709481     2435.  -3.441  5.253  0.107 -10.5376   6.524   2.6682  0.0000   0.000E+00  4.669E-01  0.000E+00
 0.075     8.720225     2427.  -3.450  5.257  0.107 -10.5735   6.524   2.6742  0.0000   0.000E+00  4.668E-01  0.000E+00
 0.075     8.731119     2419.  -3.460  5.261  0.106 -10.6055   6.524   2.6801  0.0000   0.000E+00  4.668E-01  0.000E+00
 0.075     8.742171     2411.  -3.469  5.265  0.106 -10.6364   6.524   2.6861  0.0000   0.000E+00  4.668E-01  0.000E+00
 0.075     8.753388     2403.  -3.479  5.269  0.105 -10.6655   6.524   2.6920  0.0000   0.000E+00  4.667E-01  0.000E+00
 0.075     8.764780     2395.  -3.489  5.272  0.105 -10.6925   6.524   2.6979  0.0000   0.000E+00  4.667E-01  0.000E+00
 0.075     8.776353     2387.  -3.498  5.276  0.104 -10.7167   6.524   2.7038  0.0000   0.000E+00  4.667E-01  0.000E+00
 0.075     8.788115     2379.  -3.508  5.280  0.104 -10.7399   6.523   2.7097  0.0000   0.000E+00  4.666E-01  0.000E+00
 0.075     8.800071     2370.  -3.518  5.284  0.103 -10.7620   6.523   2.7155  0.0000   0.000E+00  4.666E-01  0.000E+00
 0.075     8.812214     2362.  -3.528  5.287  0.103 -10.7825   6.523   2.7213  0.0000   0.000E+00  4.665E-01  0.000E+00
 0.075     8.824533     2353.  -3.538  5.291  0.103 -10.7986   6.522   2.7271  0.0000   0.000E+00  4.665E-01  0.000E+00
 0.075     8.837021     2345.  -3.548  5.295  0.102 -10.8153   6.522   2.7328  0.0000   0.000E+00  4.665E-01  0.000E+00
 0.075     8.849685     2337.  -3.558  5.298  0.102 -10.8297   6.522   2.7385  0.0000   0.000E+00  4.664E-01  0.000E+00
 0.075     8.862537     2328.  -3.568  5.302  0.101 -10.8447   6.521   2.7441  0.0000   0.000E+00  4.664E-01  0.000E+00
 0.075     8.875584     2320.  -3.578  5.306  0.101 -10.8570   6.521   2.7496  0.0000   0.000E+00  4.663E-01  0.000E+00
 0.075     8.888834     2311.  -3.588  5.309  0.100 -10.8697   6.520   2.7551  0.0000   0.000E+00  4.663E-01  0.000E+00
 0.075     8.902298     2303.  -3.598  5.313  0.100 -10.8794   6.520   2.7606  0.0000   0.000E+00  4.663E-01  0.000E+00
 0.075     8.915993     2294.  -3.608  5.316  0.100 -10.8894   6.519   2.7660  0.0000   0.000E+00  4.662E-01  0.000E+00
 0.075     8.929917     2285.  -3.618  5.320  0.099 -10.8996   6.519   2.7713  0.0000   0.000E+00  4.662E-01  0.000E+00
 0.075     8.944087     2277.  -3.628  5.323  0.099 -10.9066   6.518   2.7766  0.0000   0.000E+00  4.662E-01  0.000E+00
 0.075     8.958528     2268.  -3.638  5.326  0.098 -10.9136   6.518   2.7818  0.0000   0.000E+00  4.661E-01  0.000E+00
 0.075     8.973244     2259.  -3.648  5.330  0.098 -10.9208   6.517   2.7870  0.0000   0.000E+00  4.661E-01  0.000E+00
 0.075     8.987639     2251.  -3.657  5.333  0.098 -10.9281   6.516   2.7919  0.0000   0.000E+00  4.661E-01  0.000E+00
 0.075     9.001574     2243.  -3.666  5.336  0.097 -10.9355   6.516   2.7965  0.0000   0.000E+00  4.660E-01  0.000E+00
 0.075     9.015075     2235.  -3.675  5.339  0.097 -10.9393   6.515   2.8008  0.0000   0.000E+00  4.660E-01  0.000E+00
 0.075     9.028164     2228.  -3.683  5.341  0.097 -10.9431   6.515   2.8049  0.0000   0.000E+00  4.660E-01  0.000E+00
 0.075     9.040875     2221.  -3.691  5.344  0.096 -10.9469   6.514   2.8088  0.0000   0.000E+00  4.659E-01  0.000E+00
 0.075     9.053224     2214.  -3.699  5.346  0.096 -10.9508   6.514   2.8124  0.0000   0.000E+00  4.659E-01  0.000E+00
 0.075     9.065232     2208.  -3.706  5.349  0.096 -10.9547   6.513   2.8159  0.0000   0.000E+00  4.659E-01  0.000E+00
 0.075     9.076917     2202.  -3.713  5.351  0.096 -10.9586   6.513   2.8191  0.0000   0.000E+00  4.659E-01  0.000E+00
 0.075     9.088292     2194.  -3.721  5.353  0.095 -10.9586   6.512   2.8222  0.0000   0.000E+00  4.658E-01  0.000E+00
 0.075     9.099380     2186.  -3.730  5.355  0.095 -10.9626   6.511   2.8251  0.0000   0.000E+00  4.658E-01  0.000E+00
 0.075     9.110192     2178.  -3.738  5.356  0.095 -10.9666   6.511   2.8277  0.0000   0.000E+00  4.658E-01  0.000E+00
 0.075     9.120742     2170.  -3.746  5.358  0.095 -10.9666   6.511   2.8302  0.0000   0.000E+00  4.658E-01  0.000E+00
 0.075     9.131041     2163.  -3.753  5.359  0.095 -10.9706   6.510   2.8325  0.0000   0.000E+00  4.658E-01  0.000E+00
 0.075     9.141098     2156.  -3.760  5.361  0.095 -10.9706   6.510   2.8347  0.0000   0.000E+00  4.657E-01  0.000E+00
 0.075     9.150931     2150.  -3.766  5.362  0.094 -10.9706   6.509   2.8368  0.0000   0.000E+00  4.657E-01  0.000E+00
 0.075     9.160547     2144.  -3.772  5.364  0.094 -10.9747   6.509   2.8387  0.0000   0.000E+00  4.657E-01  0.000E+00
 0.075     9.169953     2138.  -3.778  5.365  0.094 -10.9747   6.509   2.8405  0.0000   0.000E+00  4.657E-01  0.000E+00
 0.075     9.179161     2133.  -3.784  5.366  0.094 -10.9747   6.508   2.8422  0.0000   0.000E+00  4.657E-01  0.000E+00
 0.075     9.188174     2127.  -3.789  5.367  0.094 -10.9747   6.508   2.8438  0.0000   0.000E+00  4.657E-01  0.000E+00
 0.075     9.197007     2123.  -3.794  5.368  0.094 -10.9788   6.508   2.8452  0.0000   0.000E+00  4.657E-01  0.000E+00
 0.075     9.205664     2118.  -3.799  5.369  0.094 -10.9788   6.507   2.8467  0.0000   0.000E+00  4.657E-01  0.000E+00
 0.075     9.214152     2113.  -3.803  5.370  0.094 -10.9788   6.507   2.8480  0.0000   0.000E+00  4.657E-01  0.000E+00
 0.075     9.222477     2109.  -3.807  5.370  0.094 -10.9788   6.507   2.8492  0.0000   0.000E+00  4.657E-01  0.000E+00
 0.075     9.230646     2105.  -3.811  5.371  0.093 -10.9788   6.507   2.8504  0.0000   0.000E+00  4.657E-01  0.000E+00
 0.075     9.238661     2102.  -3.815  5.372  0.093 -10.9788   6.506   2.8515  0.0000   0.000E+00  4.656E-01  0.000E+00
 0.075     9.246533     2099.  -3.818  5.373  0.093 -10.9788   6.506   2.8526  0.0000   0.000E+00  4.656E-01  0.000E+00
 0.075     9.254265     2097.  -3.821  5.373  0.093 -10.9788   6.506   2.8536  0.0000   0.000E+00  4.656E-01  0.000E+00
 0.075     9.261862     2094.  -3.823  5.374  0.093 -10.9788   6.506   2.8545  0.0000   0.000E+00  4.656E-01  0.000E+00
 0.075     9.269328     2092.  -3.825  5.375  0.093 -10.9788   6.505   2.8555  0.0000   0.000E+00  4.656E-01  0.000E+00
 0.075     9.276666     2091.  -3.828  5.375  0.093 -10.9788   6.505   2.8564  0.0000   0.000E+00  4.656E-01  0.000E+00
 0.075     9.283884     2089.  -3.830  5.376  0.093 -10.9788   6.505   2.8572  0.0000   0.000E+00  4.656E-01  0.000E+00
 0.075     9.290985     2087.  -3.832  5.376  0.093 -10.9788   6.505   2.8580  0.0000   0.000E+00  4.656E-01  0.000E+00
 0.075     9.297970     2085.  -3.834  5.377  0.093 -10.9788   6.505   2.8588  0.0000   0.000E+00  4.656E-01  0.000E+00
 0.075     9.304846     2083.  -3.836  5.377  0.093 -10.9788   6.505   2.8596  0.0000   0.000E+00  4.656E-01  0.000E+00
 0.075     9.311612     2082.  -3.838  5.378  0.093 -10.9788   6.504   2.8603  0.0000   0.000E+00  4.656E-01  0.000E+00
 0.075     9.318276     2080.  -3.839  5.378  0.093 -10.9788   6.504   2.8611  0.0000   0.000E+00  4.656E-01  0.000E+00
 0.075     9.324840     2079.  -3.841  5.379  0.093 -10.9788   6.504   2.8617  0.0000   0.000E+00  4.656E-01  0.000E+00
 0.075     9.331306     2077.  -3.843  5.379  0.093 -10.9788   6.504   2.8624  0.0000   0.000E+00  4.656E-01  0.000E+00
 0.075     9.337677     2076.  -3.844  5.379  0.093 -10.9788   6.504   2.8630  0.0000   0.000E+00  4.656E-01  0.000E+00
 0.075     9.343954     2074.  -3.846  5.380  0.093 -10.9788   6.504   2.8636  0.0000   0.000E+00  4.656E-01  0.000E+00
 0.075     9.350143     2073.  -3.847  5.380  0.093 -10.9788   6.503   2.8642  0.0000   0.000E+00  4.656E-01  0.000E+00
 0.075     9.356246     2072.  -3.849  5.381  0.092 -10.9788   6.503   2.8648  0.0000   0.000E+00  4.656E-01  0.000E+00
 0.075     9.362264     2071.  -3.850  5.381  0.092 -10.9747   6.503   2.8653  0.0000   0.000E+00  4.656E-01  0.000E+00
 0.075     9.368199     2070.  -3.851  5.381  0.092 -10.9747   6.503   2.8659  0.0000   0.000E+00  4.656E-01  0.000E+00
 0.075     9.374055     2068.  -3.853  5.382  0.092 -10.9747   6.503   2.8664  0.0000   0.000E+00  4.655E-01  0.000E+00
 0.075     9.379831     2067.  -3.854  5.382  0.092 -10.9747   6.503   2.8669  0.0000   0.000E+00  4.655E-01  0.000E+00
 0.075     9.385533     2066.  -3.855  5.382  0.092 -10.9747   6.503   2.8673  0.0000   0.000E+00  4.655E-01  0.000E+00
 0.075     9.391161     2065.  -3.856  5.383  0.092 -10.9747   6.503   2.8678  0.0000   0.000E+00  4.655E-01  0.000E+00
 0.075     9.402203     2063.  -3.859  5.383  0.092 -10.9706   6.503   2.8686  0.0000   0.000E+00  4.655E-01  0.000E+00
 0.075     9.412969     2061.  -3.861  5.384  0.092 -10.9706   6.502   2.8694  0.0000   0.000E+00  4.655E-01  0.000E+00
 0.075     9.423477     2060.  -3.863  5.384  0.092 -10.9706   6.502   2.8702  0.0000   0.000E+00  4.655E-01  0.000E+00
 0.075     9.433735     2058.  -3.864  5.385  0.092 -10.9706   6.502   2.8709  0.0000   0.000E+00  4.655E-01  0.000E+00
 0.075     9.443757     2057.  -3.866  5.385  0.092 -10.9666   6.502   2.8715  0.0000   0.000E+00  4.655E-01  0.000E+00
 0.075     9.453554     2055.  -3.868  5.385  0.092 -10.9666   6.502   2.8721  0.0000   0.000E+00  4.655E-01  0.000E+00
 0.075     9.463133     2054.  -3.869  5.386  0.092 -10.9626   6.502   2.8727  0.0000   0.000E+00  4.655E-01  0.000E+00
 0.075     9.472506     2053.  -3.870  5.386  0.092 -10.9626   6.501   2.8732  0.0000   0.000E+00  4.655E-01  0.000E+00
 0.075     9.481680     2052.  -3.872  5.386  0.092 -10.9626   6.501   2.8737  0.0000   0.000E+00  4.655E-01  0.000E+00
 0.075     9.490666     2051.  -3.873  5.387  0.092 -10.9586   6.501   2.8742  0.0000   0.000E+00  4.655E-01  0.000E+00
 0.075     9.499470     2050.  -3.874  5.387  0.092 -10.9586   6.501   2.8746  0.0000   0.000E+00  4.655E-01  0.000E+00
 0.075     9.512348     2048.  -3.875  5.387  0.092 -10.9547   6.501   2.8752  0.0000   0.000E+00  4.655E-01  0.000E+00
 0.075     9.520727     2048.  -3.876  5.388  0.092 -10.9547   6.501   2.8755  0.0000   0.000E+00  4.655E-01  0.000E+00
 0.075     9.532999     2046.  -3.878  5.388  0.092 -10.9508   6.501   2.8760  0.0000   0.000E+00  4.655E-01  0.000E+00
 0.075     9.540992     2046.  -3.878  5.388  0.092 -10.9508   6.501   2.8763  0.0000   0.000E+00  4.655E-01  0.000E+00
 0.075     9.552712     2045.  -3.880  5.388  0.092 -10.9469   6.500   2.8768  0.0000   0.000E+00  4.655E-01  0.000E+00
 0.075     9.560354     2044.  -3.880  5.389  0.092 -10.9431   6.500   2.8770  0.0000   0.000E+00  4.655E-01  0.000E+00
 0.075     9.571569     2043.  -3.881  5.389  0.092 -10.9431   6.500   2.8774  0.0000   0.000E+00  4.655E-01  0.000E+00
 0.075     9.582503     2043.  -3.882  5.389  0.092 -10.9393   6.500   2.8777  0.0000   0.000E+00  4.655E-01  0.000E+00
 0.075     9.589641     2042.  -3.883  5.389  0.092 -10.9393   6.500   2.8779  0.0000   0.000E+00  4.655E-01  0.000E+00
 0.075     9.600135     2042.  -3.883  5.389  0.092 -10.9355   6.500   2.8782  0.0000   0.000E+00  4.655E-01  0.000E+00
 0.075     9.610380     2041.  -3.884  5.390  0.092 -10.9318   6.500   2.8784  0.0000   0.000E+00  4.655E-01  0.000E+00
 0.075     9.620390     2040.  -3.884  5.390  0.092 -10.9281   6.500   2.8786  0.0000   0.000E+00  4.655E-01  0.000E+00
 0.075     9.630174     2040.  -3.885  5.390  0.091 -10.9281   6.500   2.8788  0.0000   0.000E+00  4.655E-01  0.000E+00
 0.075     9.639741     2040.  -3.885  5.390  0.091 -10.9245   6.500   2.8790  0.0000   0.000E+00  4.655E-01  0.000E+00
 0.075     9.649104     2039.  -3.886  5.390  0.091 -10.9208   6.500   2.8792  0.0000   0.000E+00  4.655E-01  0.000E+00
 0.075     9.661281     2039.  -3.886  5.390  0.091 -10.9172   6.500   2.8794  0.0000   0.000E+00  4.655E-01  0.000E+00
 0.075     9.670195     2038.  -3.887  5.390  0.091 -10.9136   6.500   2.8795  0.0000   0.000E+00  4.655E-01  0.000E+00
 0.075     9.681802     2038.  -3.887  5.390  0.091 -10.9101   6.500   2.8797  0.0000   0.000E+00  4.655E-01  0.000E+00
 0.075     9.690308     2038.  -3.887  5.390  0.091 -10.9066   6.500   2.8798  0.0000   0.000E+00  4.655E-01  0.000E+00
 0.075     9.701396     2038.  -3.888  5.391  0.091 -10.9031   6.500   2.8799  0.0000   0.000E+00  4.654E-01  0.000E+00
 0.075     9.709531     2037.  -3.888  5.391  0.091 -10.9031   6.500   2.8800  0.0000   0.000E+00  4.654E-01  0.000E+00
 0.075     9.720145     2037.  -3.888  5.391  0.091 -10.8996   6.500   2.8801  0.0000   0.000E+00  4.654E-01  0.000E+00
 0.075     9.730506     2037.  -3.888  5.391  0.091 -10.8962   6.500   2.8802  0.0000   0.000E+00  4.654E-01  0.000E+00
 0.075     9.740626     2037.  -3.889  5.391  0.091 -10.8894   6.500   2.8802  0.0000   0.000E+00  4.654E-01  0.000E+00
 0.075     9.750515     2037.  -3.889  5.391  0.091 -10.8861   6.500   2.8803  0.0000   0.000E+00  4.654E-01  0.000E+00
 0.075     9.760184     2037.  -3.889  5.391  0.091 -10.8827   6.500   2.8804  0.0000   0.000E+00  4.654E-01  0.000E+00
 0.075     9.769642     2037.  -3.889  5.391  0.091 -10.8794   6.500   2.8804  0.0000   0.000E+00  4.654E-01  0.000E+00
 0.075     9.781183     2036.  -3.889  5.391  0.091 -10.8761   6.500   2.8804  0.0000   0.000E+00  4.654E-01  0.000E+00
 0.075     9.790200     2036.  -3.889  5.391  0.091 -10.8729   6.500   2.8805  0.0000   0.000E+00  4.654E-01  0.000E+00
 0.075     9.799033     2036.  -3.889  5.391  0.091 -10.8697   6.500   2.8805  0.0000   0.000E+00  4.654E-01  0.000E+00
 0.075     9.809828     2036.  -3.889  5.391  0.091 -10.8633   6.500   2.8805  0.0000   0.000E+00  4.654E-01  0.000E+00
 0.075     9.820360     2036.  -3.889  5.391  0.091 -10.8601   6.500   2.8805  0.0000   0.000E+00  4.654E-01  0.000E+00
 0.075     9.830644     2036.  -3.889  5.391  0.091 -10.8570   6.500   2.8806  0.0000   0.000E+00  4.654E-01  0.000E+00
 0.075     9.840689     2036.  -3.889  5.391  0.091 -10.8508   6.500   2.8806  0.0000   0.000E+00  4.654E-01  0.000E+00
 0.075     9.850508     2036.  -3.889  5.391  0.091 -10.8477   6.500   2.8806  0.0000   0.000E+00  4.654E-01  0.000E+00
 0.075     9.860109     2036.  -3.889  5.391  0.091 -10.8447   6.500   2.8806  0.0000   0.000E+00  4.654E-01  0.000E+00
 0.075     9.869503     2036.  -3.889  5.391  0.091 -10.8386   6.500   2.8806  0.0000   0.000E+00  4.654E-01  0.000E+00
 0.075     9.880513     2036.  -3.889  5.391  0.091 -10.8356   6.500   2.8806  0.0000   0.000E+00  4.654E-01  0.000E+00
 0.075     9.889480     2036.  -3.889  5.391  0.091 -10.8297   6.500   2.8806  0.0000   0.000E+00  4.654E-01  0.000E+00
 0.075     9.900002     2036.  -3.889  5.391  0.091 -10.8268   6.500   2.8806  0.0000   0.000E+00  4.654E-01  0.000E+00
 0.075     9.910275     2036.  -3.889  5.391  0.091 -10.8210   6.500   2.8806  0.0000   0.000E+00  4.654E-01  0.000E+00
 0.075     9.920310     2036.  -3.889  5.391  0.091 -10.8153   6.500   2.8806  0.0000   0.000E+00  4.654E-01  0.000E+00
 0.075     9.930118     2036.  -3.889  5.391  0.091 -10.8125   6.500   2.8806  0.0000   0.000E+00  4.654E-01  0.000E+00
 0.075     9.939710     2036.  -3.889  5.391  0.091 -10.8069   6.500   2.8806  0.0000   0.000E+00  4.654E-01  0.000E+00
 0.075     9.949095     2037.  -3.889  5.391  0.091 -10.8013   6.500   2.8806  0.0000   0.000E+00  4.654E-01  0.000E+00
 0.075     9.959794     2037.  -3.889  5.391  0.091 -10.7959   6.500   2.8806  0.0000   0.000E+00  4.654E-01  0.000E+00
 0.075     9.970235     2037.  -3.889  5.391  0.091 -10.7905   6.500   2.8806  0.0000   0.000E+00  4.654E-01  0.000E+00
 0.075     9.978989     2037.  -3.889  5.391  0.091 -10.7878   6.500   2.8806  0.0000   0.000E+00  4.654E-01  0.000E+00
 0.075     9.988984     2037.  -3.889  5.391  0.091 -10.7825   6.500   2.8806  0.0000   0.000E+00  4.654E-01  0.000E+00
 0.075    10.000130     2037.  -3.889  5.391  0.091 -10.7773   6.500   2.8806  0.0000   0.000E+00  4.654E-01  0.000E+00
