# M_Ms    log_t_yr  Teff     L_Ls    g   R_Rs Log_Li_Li0 logTc  logROc   Mrad     Rrad       k2conv      k2rad
0.170     5.693846     3139.  -0.669  3.278  1.568   0.0000   5.955  -0.4031  0.0000   0.000E+00  4.399E-01  0.000E+00
 0.170     5.710400     3139.  -0.670  3.279  1.565   0.0000   5.956  -0.4009  0.0000   0.000E+00  4.399E-01  0.000E+00
 0.170     5.725940     3139.  -0.672  3.281  1.562   0.0000   5.957  -0.3986  0.0000   0.000E+00  4.400E-01  0.000E+00
 0.170     5.740570     3140.  -0.673  3.282  1.559   0.0000   5.957  -0.3964  0.0000   0.000E+00  4.400E-01  0.000E+00
 0.170     5.754374     3140.  -0.675  3.284  1.556   0.0000   5.958  -0.3942  0.0000   0.000E+00  4.400E-01  0.000E+00
 0.170     5.767428     3140.  -0.676  3.285  1.553   0.0000   5.959  -0.3921  0.0000   0.000E+00  4.401E-01  0.000E+00
 0.170     5.779796     3140.  -0.677  3.287  1.551   0.0000   5.959  -0.3899  0.0000   0.000E+00  4.401E-01  0.000E+00
 0.170     5.791532     3140.  -0.679  3.288  1.548   0.0000   5.960  -0.3878  0.0000   0.000E+00  4.402E-01  0.000E+00
 0.170     5.802688     3140.  -0.680  3.290  1.545   0.0000   5.961  -0.3857  0.0000   0.000E+00  4.402E-01  0.000E+00
 0.170     5.813307     3140.  -0.682  3.291  1.543   0.0000   5.962  -0.3836  0.0000   0.000E+00  4.403E-01  0.000E+00
 0.170     5.823429     3140.  -0.683  3.293  1.540   0.0000   5.962  -0.3815  0.0000   0.000E+00  4.403E-01  0.000E+00
 0.170     5.833088     3140.  -0.685  3.294  1.537   0.0000   5.963  -0.3794  0.0000   0.000E+00  4.404E-01  0.000E+00
 0.170     5.842317     3141.  -0.686  3.296  1.535   0.0000   5.963  -0.3773  0.0000   0.000E+00  4.404E-01  0.000E+00
 0.170     5.851143     3141.  -0.687  3.297  1.532   0.0000   5.964  -0.3753  0.0000   0.000E+00  4.404E-01  0.000E+00
 0.170     5.859594     3141.  -0.689  3.299  1.530   0.0000   5.965  -0.3732  0.0000   0.000E+00  4.405E-01  0.000E+00
 0.170     5.867691     3141.  -0.690  3.300  1.527   0.0000   5.966  -0.3712  0.0000   0.000E+00  4.405E-01  0.000E+00
 0.170     5.875458     3141.  -0.692  3.302  1.525   0.0000   5.966  -0.3691  0.0000   0.000E+00  4.405E-01  0.000E+00
 0.170     5.882914     3141.  -0.693  3.303  1.522   0.0000   5.967  -0.3671  0.0000   0.000E+00  4.406E-01  0.000E+00
 0.170     5.890076     3141.  -0.695  3.305  1.520   0.0000   5.968  -0.3650  0.0000   0.000E+00  4.406E-01  0.000E+00
 0.170     5.896961     3141.  -0.696  3.306  1.517   0.0000   5.968  -0.3630  0.0000   0.000E+00  4.407E-01  0.000E+00
 0.170     5.903586     3141.  -0.697  3.307  1.515   0.0000   5.969  -0.3610  0.0000   0.000E+00  4.407E-01  0.000E+00
 0.170     5.909964     3141.  -0.699  3.309  1.512   0.0000   5.970  -0.3590  0.0000   0.000E+00  4.407E-01  0.000E+00
 0.170     5.916108     3141.  -0.700  3.310  1.510   0.0000   5.970  -0.3569  0.0000   0.000E+00  4.408E-01  0.000E+00
 0.170     5.922030     3141.  -0.701  3.312  1.507   0.0000   5.971  -0.3549  0.0000   0.000E+00  4.408E-01  0.000E+00
 0.170     5.933255     3142.  -0.704  3.315  1.502   0.0000   5.972  -0.3510  0.0000   0.000E+00  4.409E-01  0.000E+00
 0.170     5.943721     3142.  -0.707  3.317  1.497   0.0000   5.973  -0.3470  0.0000   0.000E+00  4.410E-01  0.000E+00
 0.170     5.953500     3142.  -0.710  3.320  1.493   0.0000   5.975  -0.3431  0.0000   0.000E+00  4.411E-01  0.000E+00
 0.170     5.962653     3142.  -0.712  3.323  1.488   0.0000   5.976  -0.3392  0.0000   0.000E+00  4.411E-01  0.000E+00
 0.170     5.971236     3142.  -0.715  3.326  1.483   0.0000   5.977  -0.3353  0.0000   0.000E+00  4.412E-01  0.000E+00
 0.170     5.979299     3142.  -0.718  3.328  1.479   0.0000   5.979  -0.3315  0.0000   0.000E+00  4.413E-01  0.000E+00
 0.170     5.990512     3142.  -0.722  3.332  1.472   0.0000   5.980  -0.3258  0.0000   0.000E+00  4.414E-01  0.000E+00
 0.170     6.000777     3142.  -0.726  3.336  1.465   0.0000   5.982  -0.3202  0.0000   0.000E+00  4.415E-01  0.000E+00
 0.170     6.010207     3143.  -0.729  3.340  1.458   0.0000   5.984  -0.3147  0.0000   0.000E+00  4.416E-01  0.000E+00
 0.170     6.021636     3143.  -0.734  3.345  1.450   0.0000   5.986  -0.3075  0.0000   0.000E+00  4.418E-01  0.000E+00
 0.170     6.029453     3143.  -0.738  3.349  1.444   0.0000   5.988  -0.3022  0.0000   0.000E+00  4.419E-01  0.000E+00
 0.170     6.038994     3143.  -0.743  3.354  1.435   0.0000   5.990  -0.2952  0.0000   0.000E+00  4.420E-01  0.000E+00
 0.170     6.049691     3143.  -0.749  3.360  1.426   0.0000   5.993  -0.2868  0.0000   0.000E+00  4.422E-01  0.000E+00
 0.170     6.059223     3143.  -0.755  3.366  1.416   0.0000   5.996  -0.2786  0.0000   0.000E+00  4.423E-01  0.000E+00
 0.170     6.069368     3143.  -0.762  3.373  1.405   0.0000   5.999  -0.2692  0.0000   0.000E+00  4.425E-01  0.000E+00
 0.170     6.079720     3143.  -0.769  3.380  1.393   0.0000   6.002  -0.2586  0.0000   0.000E+00  4.427E-01  0.000E+00
 0.170     6.089962     3143.  -0.777  3.388  1.380   0.0000   6.006  -0.2472  0.0000   0.000E+00  4.430E-01  0.000E+00
 0.170     6.099867     3143.  -0.786  3.397  1.367   0.0000   6.009  -0.2353  0.0000   0.000E+00  4.432E-01  0.000E+00
 0.170     6.109292     3142.  -0.795  3.405  1.353   0.0000   6.013  -0.2230  0.0000   0.000E+00  4.435E-01  0.000E+00
 0.170     6.119632     3142.  -0.805  3.416  1.337   0.0000   6.018  -0.2084  0.0000   0.000E+00  4.438E-01  0.000E+00
 0.170     6.129558     3142.  -0.816  3.427  1.320   0.0000   6.023  -0.1935  0.0000   0.000E+00  4.441E-01  0.000E+00
 0.170     6.139410     3141.  -0.828  3.438  1.303   0.0000   6.028  -0.1779  0.0000   0.000E+00  4.444E-01  0.000E+00
 0.170     6.149308     3141.  -0.840  3.450  1.286   0.0000   6.033  -0.1615  0.0000   0.000E+00  4.447E-01  0.000E+00
 0.170     6.159236     3140.  -0.852  3.462  1.268   0.0000   6.038  -0.1447  0.0000   0.000E+00  4.451E-01  0.000E+00
 0.170     6.170182     3139.  -0.866  3.475  1.249   0.0000   6.044  -0.1262  0.0000   0.000E+00  4.454E-01  0.000E+00
 0.170     6.180264     3138.  -0.878  3.487  1.232   0.0000   6.050  -0.1094  0.0000   0.000E+00  4.458E-01  0.000E+00
 0.170     6.192088     3137.  -0.893  3.501  1.212   0.0000   6.056  -0.0900  0.0000   0.000E+00  4.461E-01  0.000E+00
 0.170     6.200194     3136.  -0.903  3.510  1.199   0.0000   6.060  -0.0769  0.0000   0.000E+00  4.464E-01  0.000E+00
 0.170     6.212582     3135.  -0.918  3.524  1.180   0.0000   6.066  -0.0573  0.0000   0.000E+00  4.468E-01  0.000E+00
 0.170     6.220994     3134.  -0.927  3.533  1.168   0.0000   6.070  -0.0441  0.0000   0.000E+00  4.470E-01  0.000E+00
 0.170     6.229528     3133.  -0.937  3.543  1.155   0.0000   6.074  -0.0310  0.0000   0.000E+00  4.472E-01  0.000E+00
 0.170     6.242569     3131.  -0.952  3.557  1.137   0.0000   6.081  -0.0113  0.0000   0.000E+00  4.476E-01  0.000E+00
 0.170     6.251419     3130.  -0.962  3.566  1.125   0.0000   6.085   0.0019  0.0000   0.000E+00  4.478E-01  0.000E+00
 0.170     6.260393     3129.  -0.972  3.575  1.113   0.0000   6.089   0.0152  0.0000   0.000E+00  4.481E-01  0.000E+00
 0.170     6.269490     3128.  -0.982  3.585  1.101   0.0000   6.093   0.0284  0.0000   0.000E+00  4.483E-01  0.000E+00
 0.170     6.283356     3127.  -0.996  3.599  1.083   0.0000   6.099   0.0484  0.0000   0.000E+00  4.486E-01  0.000E+00
 0.170     6.292748     3126.  -1.006  3.608  1.071   0.0000   6.104   0.0617  0.0000   0.000E+00  4.489E-01  0.000E+00
 0.170     6.302255     3126.  -1.016  3.617  1.060   0.0000   6.108   0.0751  0.0000   0.000E+00  4.491E-01  0.000E+00
 0.170     6.311875     3125.  -1.026  3.627  1.049   0.0000   6.112   0.0884  0.0000   0.000E+00  4.493E-01  0.000E+00
 0.170     6.321605     3124.  -1.035  3.636  1.037   0.0000   6.116   0.1018  0.0000   0.000E+00  4.495E-01  0.000E+00
 0.170     6.331439     3124.  -1.045  3.645  1.026   0.0000   6.120   0.1152  0.0000   0.000E+00  4.497E-01  0.000E+00
 0.170     6.341377     3124.  -1.054  3.655  1.015   0.0000   6.125   0.1286  0.0000   0.000E+00  4.500E-01  0.000E+00
 0.170     6.351416     3123.  -1.064  3.664  1.004   0.0000   6.129   0.1420  0.0000   0.000E+00  4.502E-01  0.000E+00
 0.170     6.361548     3123.  -1.073  3.674  0.994   0.0000   6.133   0.1554  0.0000   0.000E+00  4.504E-01  0.000E+00
 0.170     6.371777     3123.  -1.083  3.683  0.983   0.0000   6.137   0.1688  0.0000   0.000E+00  4.506E-01  0.000E+00
 0.170     6.382096     3123.  -1.092  3.692  0.972   0.0000   6.141   0.1822  0.0000   0.000E+00  4.508E-01  0.000E+00
 0.170     6.392505     3123.  -1.102  3.702  0.962   0.0000   6.146   0.1957  0.0000   0.000E+00  4.510E-01  0.000E+00
 0.170     6.403002     3123.  -1.111  3.711  0.952   0.0000   6.150   0.2092  0.0000   0.000E+00  4.513E-01  0.000E+00
 0.170     6.413585     3123.  -1.120  3.721  0.941   0.0000   6.154   0.2226  0.0000   0.000E+00  4.515E-01  0.000E+00
 0.170     6.424246     3123.  -1.130  3.730  0.931   0.0000   6.159   0.2362  0.0000   0.000E+00  4.517E-01  0.000E+00
 0.170     6.429609     3124.  -1.134  3.735  0.926   0.0000   6.161   0.2429  0.0000   0.000E+00  4.518E-01  0.000E+00
 0.170     6.440390     3124.  -1.143  3.744  0.916   0.0000   6.165   0.2565  0.0000   0.000E+00  4.520E-01  0.000E+00
 0.170     6.451247     3125.  -1.152  3.754  0.906   0.0000   6.170   0.2700  0.0000   0.000E+00  4.522E-01  0.000E+00
 0.170     6.462181     3126.  -1.162  3.763  0.896   0.0000   6.174   0.2836  0.0000   0.000E+00  4.525E-01  0.000E+00
 0.170     6.473188     3126.  -1.171  3.772  0.887   0.0000   6.178   0.2972  0.0000   0.000E+00  4.527E-01  0.000E+00
 0.170     6.484266     3127.  -1.179  3.782  0.877   0.0000   6.183   0.3109  0.0000   0.000E+00  4.529E-01  0.000E+00
 0.170     6.489832     3128.  -1.184  3.787  0.872   0.0000   6.185   0.3177  0.0000   0.000E+00  4.530E-01  0.000E+00
 0.170     6.501013     3129.  -1.193  3.796  0.863   0.0000   6.189   0.3314  0.0000   0.000E+00  4.532E-01  0.000E+00
 0.170     6.512259     3130.  -1.202  3.806  0.854   0.0000   6.194   0.3450  0.0000   0.000E+00  4.534E-01  0.000E+00
 0.170     6.523564     3131.  -1.210  3.815  0.844   0.0000   6.198   0.3587  0.0000   0.000E+00  4.536E-01  0.000E+00
 0.170     6.529235     3132.  -1.215  3.820  0.840   0.0000   6.200   0.3656  0.0000   0.000E+00  4.537E-01  0.000E+00
 0.170     6.540611     3134.  -1.223  3.829  0.831   0.0000   6.205   0.3793  0.0000   0.000E+00  4.538E-01  0.000E+00
 0.170     6.552033     3135.  -1.232  3.839  0.822   0.0000   6.209   0.3931  0.0000   0.000E+00  4.540E-01  0.000E+00
 0.170     6.563494     3137.  -1.240  3.848  0.813   0.0000   6.213   0.4069  0.0000   0.000E+00  4.542E-01  0.000E+00
 0.170     6.569240     3138.  -1.244  3.853  0.808   0.0000   6.216   0.4137  0.0000   0.000E+00  4.543E-01  0.000E+00
 0.170     6.580761     3140.  -1.253  3.862  0.799   0.0000   6.220   0.4275  0.0000   0.000E+00  4.545E-01  0.000E+00
 0.170     6.592318     3142.  -1.261  3.872  0.791   0.0000   6.224   0.4413  0.0000   0.000E+00  4.546E-01  0.000E+00
 0.170     6.603906     3145.  -1.269  3.881  0.782   0.0000   6.229   0.4551  0.0000   0.000E+00  4.548E-01  0.000E+00
 0.170     6.609713     3146.  -1.273  3.886  0.778   0.0000   6.231   0.4620  0.0000   0.000E+00  4.549E-01  0.000E+00
 0.170     6.621349     3148.  -1.282  3.896  0.769   0.0000   6.236   0.4759  0.0000   0.000E+00  4.551E-01  0.000E+00
 0.170     6.633011     3151.  -1.290  3.905  0.761   0.0000   6.240   0.4897  0.0000   0.000E+00  4.552E-01  0.000E+00
 0.170     6.644697     3153.  -1.298  3.915  0.753   0.0000   6.245   0.5035  0.0000   0.000E+00  4.554E-01  0.000E+00
 0.170     6.650546     3155.  -1.302  3.919  0.749   0.0000   6.247   0.5105  0.0000   0.000E+00  4.554E-01  0.000E+00
 0.170     6.662261     3158.  -1.310  3.929  0.741   0.0000   6.251   0.5243  0.0000   0.000E+00  4.556E-01  0.000E+00
 0.170     6.673990     3161.  -1.317  3.938  0.733   0.0000   6.256   0.5382  0.0000   0.000E+00  4.557E-01  0.000E+00
 0.170     6.679859     3162.  -1.321  3.943  0.729   0.0000   6.258   0.5451  0.0000   0.000E+00  4.558E-01  0.000E+00
 0.170     6.691606     3165.  -1.329  3.952  0.721   0.0000   6.263   0.5590  0.0000   0.000E+00  4.559E-01  0.000E+00
 0.170     6.703358     3169.  -1.337  3.962  0.713   0.0000   6.267   0.5729  0.0000   0.000E+00  4.561E-01  0.000E+00
 0.170     6.709238     3170.  -1.340  3.967  0.709   0.0000   6.269   0.5798  0.0000   0.000E+00  4.561E-01  0.000E+00
 0.170     6.720996     3174.  -1.348  3.976  0.701   0.0000   6.274   0.5937  0.0000   0.000E+00  4.563E-01  0.000E+00
 0.170     6.732756     3178.  -1.355  3.986  0.694   0.0000   6.278   0.6076  0.0000   0.000E+00  4.564E-01  0.000E+00
 0.170     6.744513     3181.  -1.363  3.995  0.686   0.0000   6.282   0.6215  0.0000   0.000E+00  4.565E-01  0.000E+00
 0.170     6.750390     3183.  -1.367  4.000  0.683   0.0000   6.285   0.6284  0.0000   0.000E+00  4.566E-01  0.000E+00
 0.170     6.762146     3184.  -1.375  4.009  0.675   0.0000   6.289   0.6423  0.0000   0.000E+00  4.567E-01  0.000E+00
 0.170     6.773934     3185.  -1.385  4.019  0.668   0.0000   6.294   0.6561  0.0000   0.000E+00  4.568E-01  0.000E+00
 0.170     6.779842     3185.  -1.389  4.023  0.664   0.0000   6.296   0.6630  0.0000   0.000E+00  4.569E-01  0.000E+00
 0.170     6.791684     3186.  -1.398  4.033  0.657   0.0000   6.300   0.6768  0.0000   0.000E+00  4.570E-01  0.000E+00
 0.170     6.803564     3186.  -1.407  4.042  0.650   0.0000   6.305   0.6907  0.0000   0.000E+00  4.571E-01  0.000E+00
 0.170     6.809517     3187.  -1.411  4.047  0.647   0.0000   6.307   0.6976  0.0000   0.000E+00  4.572E-01  0.000E+00
 0.170     6.821450     3188.  -1.420  4.056  0.640   0.0000   6.311   0.7114  0.0000   0.000E+00  4.573E-01  0.000E+00
 0.170     6.833420     3188.  -1.429  4.065  0.633   0.0000   6.316   0.7252  0.0000   0.000E+00  4.574E-01  0.000E+00
 0.170     6.839418     3189.  -1.434  4.070  0.629   0.0000   6.318   0.7321  0.0000   0.000E+00  4.575E-01  0.000E+00
 0.170     6.851444     3189.  -1.443  4.079  0.623   0.0000   6.322   0.7460  0.0000   0.000E+00  4.576E-01  0.000E+00
 0.170     6.863505     3190.  -1.452  4.089  0.616   0.0000   6.327   0.7598  0.0000   0.000E+00  4.577E-01  0.000E+00
 0.170     6.869549     3190.  -1.456  4.094  0.613   0.0000   6.329   0.7667  0.0000   0.000E+00  4.577E-01  0.000E+00
 0.170     6.881664     3191.  -1.465  4.103  0.606   0.0000   6.333   0.7805  0.0000   0.000E+00  4.578E-01  0.000E+00
 0.170     6.893816     3192.  -1.474  4.112  0.600   0.0000   6.338   0.7944  0.0000   0.000E+00  4.579E-01  0.000E+00
 0.170     6.899904     3192.  -1.479  4.117  0.596   0.0000   6.340   0.8013  0.0000   0.000E+00  4.580E-01  0.000E+00
 0.170     6.912108     3192.  -1.488  4.126  0.590   0.0000   6.344   0.8151  0.0000   0.000E+00  4.581E-01  0.000E+00
 0.170     6.924346     3193.  -1.497  4.136  0.584   0.0000   6.349   0.8290  0.0000   0.000E+00  4.582E-01  0.000E+00
 0.170     6.930479     3193.  -1.502  4.140  0.581   0.0000   6.351   0.8359  0.0000   0.000E+00  4.582E-01  0.000E+00
 0.170     6.942769     3194.  -1.511  4.150  0.574   0.0000   6.355   0.8497  0.0000   0.000E+00  4.583E-01  0.000E+00
 0.170     6.955095     3195.  -1.520  4.159  0.568   0.0000   6.360   0.8636  0.0000   0.000E+00  4.584E-01  0.000E+00
 0.170     6.961270     3195.  -1.524  4.164  0.565   0.0000   6.362   0.8705  0.0000   0.000E+00  4.584E-01  0.000E+00
 0.170     6.973646     3195.  -1.533  4.173  0.559   0.0000   6.366   0.8844  0.0000   0.000E+00  4.585E-01  0.000E+00
 0.170     6.979846     3196.  -1.538  4.178  0.556   0.0000   6.369   0.8913  0.0000   0.000E+00  4.586E-01  0.000E+00
 0.170     6.992269     3196.  -1.547  4.187  0.550   0.0000   6.373   0.9052  0.0000   0.000E+00  4.586E-01  0.000E+00
 0.170     7.004721     3197.  -1.556  4.196  0.544   0.0000   6.377   0.9191  0.0000   0.000E+00  4.587E-01  0.000E+00
 0.170     7.010957     3197.  -1.560  4.201  0.541   0.0000   6.380   0.9260  0.0000   0.000E+00  4.587E-01  0.000E+00
 0.170     7.023450     3198.  -1.569  4.210  0.536   0.0000   6.384   0.9399  0.0000   0.000E+00  4.588E-01  0.000E+00
 0.170     7.029708     3198.  -1.574  4.215  0.533   0.0000   6.386   0.9469  0.0000   0.000E+00  4.588E-01  0.000E+00
 0.170     7.042233     3199.  -1.582  4.224  0.527   0.0000   6.391   0.9608  0.0000   0.000E+00  4.589E-01  0.000E+00
 0.170     7.054782     3199.  -1.591  4.234  0.521   0.0000   6.395   0.9747  0.0000   0.000E+00  4.590E-01  0.000E+00
 0.170     7.061060     3200.  -1.596  4.238  0.519   0.0000   6.397   0.9816  0.0000   0.000E+00  4.590E-01  0.000E+00
 0.170     7.073627     3200.  -1.605  4.247  0.513   0.0000   6.401   0.9955  0.0000   0.000E+00  4.591E-01  0.000E+00
 0.170     7.079915     3201.  -1.609  4.252  0.510   0.0000   6.404   1.0025  0.0000   0.000E+00  4.591E-01  0.000E+00
 0.170     7.092507     3201.  -1.618  4.261  0.505   0.0000   6.408   1.0164  0.0000   0.000E+00  4.592E-01  0.000E+00
 0.170     7.105101     3202.  -1.627  4.271  0.500  -0.0004   6.412   1.0303  0.0000   0.000E+00  4.592E-01  0.000E+00
 0.170     7.111404     3202.  -1.632  4.275  0.497  -0.0004   6.415   1.0372  0.0000   0.000E+00  4.593E-01  0.000E+00
 0.170     7.124008     3203.  -1.641  4.285  0.492  -0.0004   6.419   1.0511  0.0000   0.000E+00  4.593E-01  0.000E+00
 0.170     7.130314     3203.  -1.645  4.289  0.489  -0.0004   6.421   1.0580  0.0000   0.000E+00  4.594E-01  0.000E+00
 0.170     7.142927     3203.  -1.654  4.299  0.484  -0.0004   6.426   1.0719  0.0000   0.000E+00  4.594E-01  0.000E+00
 0.170     7.149235     3204.  -1.659  4.303  0.481  -0.0009   6.428   1.0788  0.0000   0.000E+00  4.595E-01  0.000E+00
 0.170     7.161856     3204.  -1.668  4.312  0.476  -0.0009   6.432   1.0926  0.0000   0.000E+00  4.595E-01  0.000E+00
 0.170     7.174478     3205.  -1.677  4.322  0.471  -0.0013   6.436   1.1064  0.0000   0.000E+00  4.596E-01  0.000E+00
 0.170     7.180791     3205.  -1.681  4.326  0.469  -0.0013   6.439   1.1133  0.0000   0.000E+00  4.596E-01  0.000E+00
 0.170     7.193420     3206.  -1.690  4.335  0.464  -0.0017   6.443   1.1271  0.0000   0.000E+00  4.597E-01  0.000E+00
 0.170     7.199736     3207.  -1.694  4.340  0.461  -0.0022   6.445   1.1340  0.0000   0.000E+00  4.597E-01  0.000E+00
 0.170     7.212377     3207.  -1.703  4.349  0.456  -0.0026   6.450   1.1479  0.0000   0.000E+00  4.598E-01  0.000E+00
 0.170     7.225025     3208.  -1.712  4.358  0.452  -0.0035   6.454   1.1617  0.0000   0.000E+00  4.598E-01  0.000E+00
 0.170     7.231355     3209.  -1.716  4.363  0.449  -0.0039   6.456   1.1686  0.0000   0.000E+00  4.598E-01  0.000E+00
 0.170     7.244017     3210.  -1.725  4.372  0.444  -0.0052   6.460   1.1824  0.0000   0.000E+00  4.599E-01  0.000E+00
 0.170     7.250357     3210.  -1.729  4.377  0.442  -0.0057   6.463   1.1893  0.0000   0.000E+00  4.599E-01  0.000E+00
 0.170     7.263039     3211.  -1.738  4.386  0.437  -0.0074   6.467   1.2032  0.0000   0.000E+00  4.600E-01  0.000E+00
 0.170     7.269387     3212.  -1.742  4.391  0.435  -0.0083   6.469   1.2101  0.0000   0.000E+00  4.600E-01  0.000E+00
 0.170     7.282094     3213.  -1.751  4.400  0.431  -0.0110   6.473   1.2239  0.0000   0.000E+00  4.600E-01  0.000E+00
 0.170     7.294821     3214.  -1.759  4.409  0.426  -0.0141   6.478   1.2378  0.0000   0.000E+00  4.601E-01  0.000E+00
 0.170     7.300678     3215.  -1.763  4.413  0.424  -0.0159   6.480   1.2442  0.0000   0.000E+00  4.601E-01  0.000E+00
 0.170     7.310610     3216.  -1.770  4.421  0.420  -0.0195   6.483   1.2550  0.0000   0.000E+00  4.601E-01  0.000E+00
 0.170     7.322511     3217.  -1.777  4.429  0.416  -0.0246   6.487   1.2679  0.0000   0.000E+00  4.601E-01  0.000E+00
 0.170     7.329095     3218.  -1.782  4.434  0.414  -0.0278   6.490   1.2751  0.0000   0.000E+00  4.601E-01  0.000E+00
 0.170     7.340107     3219.  -1.789  4.442  0.410  -0.0348   6.494   1.2871  0.0000   0.000E+00  4.602E-01  0.000E+00
 0.170     7.349122     3221.  -1.795  4.449  0.407  -0.0419   6.497   1.2970  0.0000   0.000E+00  4.602E-01  0.000E+00
 0.170     7.360186     3222.  -1.802  4.457  0.403  -0.0521   6.500   1.3091  0.0000   0.000E+00  4.602E-01  0.000E+00
 0.170     7.369257     3223.  -1.808  4.463  0.400  -0.0625   6.503   1.3190  0.0000   0.000E+00  4.602E-01  0.000E+00
 0.170     7.379275     3225.  -1.815  4.470  0.397  -0.0762   6.507   1.3300  0.0000   0.000E+00  4.602E-01  0.000E+00
 0.170     7.389540     3226.  -1.821  4.478  0.394  -0.0937   6.510   1.3412  0.0000   0.000E+00  4.602E-01  0.000E+00
 0.170     7.399637     3228.  -1.828  4.485  0.390  -0.1146   6.514   1.3522  0.0000   0.000E+00  4.602E-01  0.000E+00
 0.170     7.409356     3230.  -1.834  4.492  0.387  -0.1391   6.517   1.3629  0.0000   0.000E+00  4.602E-01  0.000E+00
 0.170     7.419129     3231.  -1.840  4.499  0.384  -0.1681   6.521   1.3736  0.0000   0.000E+00  4.602E-01  0.000E+00
 0.170     7.429108     3231.  -1.847  4.507  0.381  -0.2048   6.524   1.3845  0.0000   0.000E+00  4.602E-01  0.000E+00
 0.170     7.439290     3231.  -1.855  4.514  0.378  -0.2510   6.527   1.3955  0.0000   0.000E+00  4.602E-01  0.000E+00
 0.170     7.449008     3231.  -1.862  4.521  0.375  -0.3036   6.531   1.4061  0.0000   0.000E+00  4.603E-01  0.000E+00
 0.170     7.459198     3231.  -1.869  4.528  0.371  -0.3706   6.534   1.4171  0.0000   0.000E+00  4.603E-01  0.000E+00
 0.170     7.468970     3231.  -1.876  4.535  0.368  -0.4486   6.537   1.4277  0.0000   0.000E+00  4.603E-01  0.000E+00
 0.170     7.479103     3231.  -1.883  4.543  0.365  -0.5467   6.541   1.4387  0.0000   0.000E+00  4.603E-01  0.000E+00
 0.170     7.489030     3231.  -1.890  4.550  0.362  -0.6615   6.544   1.4494  0.0000   0.000E+00  4.603E-01  0.000E+00
 0.170     7.499050     3231.  -1.898  4.557  0.359  -0.8041   6.548   1.4601  0.0000   0.000E+00  4.603E-01  0.000E+00
 0.170     7.509061     3231.  -1.905  4.564  0.356  -0.9747   6.551   1.4709  0.0000   0.000E+00  4.603E-01  0.000E+00
 0.170     7.518973     3231.  -1.912  4.571  0.354  -1.1772   6.554   1.4815  0.0000   0.000E+00  4.603E-01  0.000E+00
 0.170     7.528982     3231.  -1.919  4.578  0.351  -1.4248   6.557   1.4922  0.0000   0.000E+00  4.603E-01  0.000E+00
 0.170     7.539023     3231.  -1.926  4.585  0.348  -1.7235   6.561   1.5028  0.0000   0.000E+00  4.603E-01  0.000E+00
 0.170     7.548970     3231.  -1.934  4.593  0.345  -2.0804   6.564   1.5134  0.0000   0.000E+00  4.603E-01  0.000E+00
 0.170     7.558972     3231.  -1.941  4.600  0.342  -2.5114   6.567   1.5240  0.0000   0.000E+00  4.603E-01  0.000E+00
 0.170     7.568992     3230.  -1.948  4.607  0.339  -3.0292   6.571   1.5346  0.0000   0.000E+00  4.603E-01  0.000E+00
 0.170     7.578970     3230.  -1.955  4.614  0.337  -3.6478   6.574   1.5451  0.0000   0.000E+00  4.604E-01  0.000E+00
 0.170     7.589457     3230.  -1.963  4.621  0.334  -4.2733   6.577   1.5561  0.0000   0.000E+00  4.604E-01  0.000E+00
 0.170     7.600521     3229.  -1.971  4.629  0.331  -4.5702   6.581   1.5677  0.0000   0.000E+00  4.604E-01  0.000E+00
 0.170     7.612316     3229.  -1.979  4.637  0.328  -4.7825   6.584   1.5800  0.0000   0.000E+00  4.604E-01  0.000E+00
 0.170     7.624303     3229.  -1.988  4.646  0.325  -4.9547   6.588   1.5924  0.0000   0.000E+00  4.604E-01  0.000E+00
 0.170     7.630927     3228.  -1.992  4.650  0.323  -5.0438   6.590   1.5993  0.0000   0.000E+00  4.604E-01  0.000E+00
 0.170     7.644192     3228.  -2.002  4.659  0.319  -5.2314   6.594   1.6130  0.0000   0.000E+00  4.604E-01  0.000E+00
 0.170     7.650836     3228.  -2.007  4.664  0.318  -5.3242   6.596   1.6198  0.0000   0.000E+00  4.605E-01  0.000E+00
 0.170     7.664143     3227.  -2.016  4.673  0.314  -5.5186   6.601   1.6335  0.0000   0.000E+00  4.605E-01  0.000E+00
 0.170     7.670807     3227.  -2.021  4.678  0.313  -5.6216   6.603   1.6403  0.0000   0.000E+00  4.605E-01  0.000E+00
 0.170     7.684148     3226.  -2.030  4.687  0.309  -5.8327   6.607   1.6539  0.0000   0.000E+00  4.605E-01  0.000E+00
 0.170     7.690836     3226.  -2.035  4.691  0.308  -5.9431   6.609   1.6608  0.0000   0.000E+00  4.605E-01  0.000E+00
 0.170     7.704241     3225.  -2.044  4.701  0.305  -6.1759   6.613   1.6744  0.0000   0.000E+00  4.605E-01  0.000E+00
 0.170     7.710957     3225.  -2.049  4.705  0.303  -6.2967   6.615   1.6812  0.0000   0.000E+00  4.605E-01  0.000E+00
 0.170     7.724413     3225.  -2.059  4.714  0.300  -6.5467   6.619   1.6949  0.0000   0.000E+00  4.605E-01  0.000E+00
 0.170     7.731156     3224.  -2.063  4.719  0.298  -6.6778   6.621   1.7017  0.0000   0.000E+00  4.605E-01  0.000E+00
 0.170     7.744672     3224.  -2.073  4.728  0.295  -6.9469   6.625   1.7153  0.0000   0.000E+00  4.606E-01  0.000E+00
 0.170     7.751445     3223.  -2.078  4.733  0.294  -7.0857   6.627   1.7222  0.0000   0.000E+00  4.606E-01  0.000E+00
 0.170     7.764979     3223.  -2.087  4.742  0.290  -7.3737   6.631   1.7357  0.0000   0.000E+00  4.606E-01  0.000E+00
 0.170     7.771783     3223.  -2.092  4.746  0.289  -7.5214   6.633   1.7426  0.0000   0.000E+00  4.606E-01  0.000E+00
 0.170     7.785417     3222.  -2.101  4.755  0.286  -7.8239   6.637   1.7562  0.0000   0.000E+00  4.606E-01  0.000E+00
 0.170     7.792249     3222.  -2.106  4.760  0.284  -7.9788   6.639   1.7630  0.0000   0.000E+00  4.606E-01  0.000E+00
 0.170     7.799092     3221.  -2.111  4.765  0.283  -8.1349   6.641   1.7698  0.0000   0.000E+00  4.606E-01  0.000E+00
 0.170     7.812806     3221.  -2.120  4.774  0.280  -8.4425   6.645   1.7835  0.0000   0.000E+00  4.606E-01  0.000E+00
 0.170     7.819678     3221.  -2.125  4.778  0.278  -8.5884   6.647   1.7903  0.0000   0.000E+00  4.606E-01  0.000E+00
 0.170     7.833456     3220.  -2.134  4.788  0.276  -8.8539   6.651   1.8039  0.0000   0.000E+00  4.607E-01  0.000E+00
 0.170     7.840362     3220.  -2.139  4.792  0.274  -8.9666   6.653   1.8107  0.0000   0.000E+00  4.607E-01  0.000E+00
 0.170     7.854213     3219.  -2.148  4.801  0.271  -9.1549   6.657   1.8244  0.0000   0.000E+00  4.607E-01  0.000E+00
 0.170     7.861158     3219.  -2.153  4.806  0.270  -9.2336   6.659   1.8312  0.0000   0.000E+00  4.607E-01  0.000E+00
 0.170     7.875091     3218.  -2.163  4.815  0.267  -9.3706   6.663   1.8448  0.0000   0.000E+00  4.607E-01  0.000E+00
 0.170     7.882079     3218.  -2.167  4.820  0.266  -9.4306   6.665   1.8516  0.0000   0.000E+00  4.607E-01  0.000E+00
 0.170     7.889083     3218.  -2.172  4.824  0.264  -9.4868   6.667   1.8584  0.0000   0.000E+00  4.607E-01  0.000E+00
 0.170     7.903139     3217.  -2.181  4.833  0.261  -9.5867   6.671   1.8720  0.0000   0.000E+00  4.607E-01  0.000E+00
 0.170     7.910189     3217.  -2.186  4.838  0.260  -9.6326   6.673   1.8788  0.0000   0.000E+00  4.607E-01  0.000E+00
 0.170     7.924336     3217.  -2.196  4.847  0.257  -9.7167   6.677   1.8925  0.0000   0.000E+00  4.608E-01  0.000E+00
 0.170     7.931435     3216.  -2.200  4.851  0.256  -9.7545   6.679   1.8993  0.0000   0.000E+00  4.608E-01  0.000E+00
 0.170     7.945687     3216.  -2.210  4.861  0.253  -9.8210   6.683   1.9129  0.0000   0.000E+00  4.608E-01  0.000E+00
 0.170     7.952842     3216.  -2.214  4.865  0.252  -9.8508   6.685   1.9197  0.0000   0.000E+00  4.608E-01  0.000E+00
 0.170     7.960017     3215.  -2.219  4.870  0.251  -9.8794   6.687   1.9265  0.0000   0.000E+00  4.608E-01  0.000E+00
 0.170     7.974432     3215.  -2.228  4.879  0.248  -9.9245   6.691   1.9401  0.0000   0.000E+00  4.608E-01  0.000E+00
 0.170     7.981675     3214.  -2.233  4.883  0.247  -9.9469   6.693   1.9469  0.0000   0.000E+00  4.608E-01  0.000E+00
 0.170     7.996238     3214.  -2.243  4.892  0.244  -9.9788   6.697   1.9604  0.0000   0.000E+00  4.608E-01  0.000E+00
 0.170     8.003564     3214.  -2.247  4.897  0.243  -9.9957   6.699   1.9672  0.0000   0.000E+00  4.609E-01  0.000E+00
 0.170     8.010914     3213.  -2.252  4.902  0.242 -10.0070   6.701   1.9740  0.0000   0.000E+00  4.609E-01  0.000E+00
 0.170     8.025719     3213.  -2.261  4.911  0.239 -10.0273   6.704   1.9876  0.0000   0.000E+00  4.609E-01  0.000E+00
 0.170     8.033174     3213.  -2.266  4.915  0.238 -10.0353   6.706   1.9943  0.0000   0.000E+00  4.609E-01  0.000E+00
 0.170     8.040670     3212.  -2.271  4.920  0.237 -10.0419   6.708   2.0011  0.0000   0.000E+00  4.609E-01  0.000E+00
 0.170     8.055783     3212.  -2.280  4.929  0.234 -10.0521   6.712   2.0146  0.0000   0.000E+00  4.609E-01  0.000E+00
 0.170     8.063408     3211.  -2.285  4.933  0.233 -10.0560   6.714   2.0214  0.0000   0.000E+00  4.609E-01  0.000E+00
 0.170     8.071083     3211.  -2.289  4.938  0.232 -10.0585   6.716   2.0281  0.0000   0.000E+00  4.610E-01  0.000E+00
 0.170     8.086595     3210.  -2.299  4.947  0.229 -10.0605   6.720   2.0416  0.0000   0.000E+00  4.610E-01  0.000E+00
 0.170     8.094440     3210.  -2.304  4.951  0.228 -10.0605   6.722   2.0484  0.0000   0.000E+00  4.610E-01  0.000E+00
 0.170     8.102355     3210.  -2.308  4.956  0.227 -10.0595   6.724   2.0551  0.0000   0.000E+00  4.610E-01  0.000E+00
 0.170     8.110337     3209.  -2.313  4.960  0.226 -10.0580   6.726   2.0619  0.0000   0.000E+00  4.610E-01  0.000E+00
 0.170     8.126531     3209.  -2.322  4.969  0.224 -10.0526   6.729   2.0753  0.0000   0.000E+00  4.610E-01  0.000E+00
 0.170     8.134754     3208.  -2.327  4.974  0.222 -10.0487   6.731   2.0821  0.0000   0.000E+00  4.610E-01  0.000E+00
 0.170     8.143074     3208.  -2.332  4.978  0.221 -10.0443   6.733   2.0888  0.0000   0.000E+00  4.610E-01  0.000E+00
 0.170     8.151492     3207.  -2.336  4.983  0.220 -10.0391   6.735   2.0955  0.0000   0.000E+00  4.610E-01  0.000E+00
 0.170     8.160021     3207.  -2.341  4.987  0.219 -10.0339   6.737   2.1022  0.0000   0.000E+00  4.610E-01  0.000E+00
 0.170     8.177441     3206.  -2.350  4.996  0.217 -10.0209   6.740   2.1156  0.0000   0.000E+00  4.611E-01  0.000E+00
 0.170     8.186357     3206.  -2.355  5.000  0.216 -10.0141   6.742   2.1222  0.0000   0.000E+00  4.611E-01  0.000E+00
 0.170     8.195429     3205.  -2.360  5.005  0.215 -10.0070   6.744   2.1289  0.0000   0.000E+00  4.611E-01  0.000E+00
 0.170     8.204668     3204.  -2.365  5.009  0.213 -10.0000   6.746   2.1355  0.0000   0.000E+00  4.611E-01  0.000E+00
 0.170     8.214091     3204.  -2.369  5.014  0.212  -9.9914   6.748   2.1422  0.0000   0.000E+00  4.611E-01  0.000E+00
 0.170     8.223719     3203.  -2.374  5.018  0.211  -9.9830   6.750   2.1488  0.0000   0.000E+00  4.611E-01  0.000E+00
 0.170     8.233577     3203.  -2.379  5.022  0.210  -9.9747   6.752   2.1554  0.0000   0.000E+00  4.611E-01  0.000E+00
 0.170     8.243683     3202.  -2.383  5.027  0.209  -9.9626   6.753   2.1619  0.0000   0.000E+00  4.611E-01  0.000E+00
 0.170     8.254069     3201.  -2.388  5.031  0.208  -9.9508   6.755   2.1685  0.0000   0.000E+00  4.611E-01  0.000E+00
 0.170     8.264771     3201.  -2.393  5.036  0.207  -9.9393   6.757   2.1750  0.0000   0.000E+00  4.611E-01  0.000E+00
 0.170     8.275823     3200.  -2.397  5.040  0.206  -9.9245   6.759   2.1816  0.0000   0.000E+00  4.611E-01  0.000E+00
 0.170     8.287273     3200.  -2.402  5.044  0.205  -9.9101   6.761   2.1880  0.0000   0.000E+00  4.611E-01  0.000E+00
 0.170     8.299178     3199.  -2.407  5.048  0.204  -9.8928   6.762   2.1945  0.0000   0.000E+00  4.611E-01  0.000E+00
 0.170     8.311156     3198.  -2.411  5.053  0.203  -9.8729   6.764   2.2007  0.0000   0.000E+00  4.611E-01  0.000E+00
 0.170     8.322986     3198.  -2.415  5.056  0.202  -9.8508   6.766   2.2065  0.0000   0.000E+00  4.611E-01  0.000E+00
 0.170     8.334663     3197.  -2.419  5.060  0.201  -9.8327   6.767   2.2120  0.0000   0.000E+00  4.611E-01  0.000E+00
 0.170     8.346183     3197.  -2.423  5.063  0.201  -9.8097   6.768   2.2171  0.0000   0.000E+00  4.611E-01  0.000E+00
 0.170     8.357544     3196.  -2.426  5.067  0.200  -9.7878   6.770   2.2219  0.0000   0.000E+00  4.611E-01  0.000E+00
 0.170     8.368740     3196.  -2.429  5.070  0.199  -9.7645   6.771   2.2264  0.0000   0.000E+00  4.611E-01  0.000E+00
 0.170     8.379773     3195.  -2.432  5.072  0.199  -9.7399   6.772   2.2305  0.0000   0.000E+00  4.611E-01  0.000E+00
 0.170     8.390640     3195.  -2.435  5.075  0.198  -9.7144   6.773   2.2343  0.0000   0.000E+00  4.611E-01  0.000E+00
 0.170     8.401338     3195.  -2.438  5.077  0.197  -9.6882   6.774   2.2379  0.0000   0.000E+00  4.611E-01  0.000E+00
 0.170     8.411867     3194.  -2.440  5.079  0.197  -9.6615   6.775   2.2412  0.0000   0.000E+00  4.611E-01  0.000E+00
 0.170     8.422229     3194.  -2.442  5.081  0.196  -9.6326   6.776   2.2442  0.0000   0.000E+00  4.611E-01  0.000E+00
 0.170     8.432421     3194.  -2.444  5.083  0.196  -9.6038   6.777   2.2469  0.0000   0.000E+00  4.611E-01  0.000E+00
 0.170     8.442445     3193.  -2.446  5.085  0.196  -9.5751   6.777   2.2495  0.0000   0.000E+00  4.611E-01  0.000E+00
 0.170     8.452303     3193.  -2.448  5.086  0.195  -9.5467   6.778   2.2518  0.0000   0.000E+00  4.611E-01  0.000E+00
 0.170     8.461996     3193.  -2.449  5.088  0.195  -9.5186   6.779   2.2539  0.0000   0.000E+00  4.611E-01  0.000E+00
 0.170     8.471525     3193.  -2.451  5.089  0.195  -9.4908   6.779   2.2559  0.0000   0.000E+00  4.611E-01  0.000E+00
 0.170     8.480895     3192.  -2.452  5.090  0.194  -9.4660   6.779   2.2577  0.0000   0.000E+00  4.611E-01  0.000E+00
 0.170     8.490105     3192.  -2.453  5.091  0.194  -9.4413   6.780   2.2593  0.0000   0.000E+00  4.611E-01  0.000E+00
 0.170     8.499158     3192.  -2.454  5.092  0.194  -9.4179   6.780   2.2608  0.0000   0.000E+00  4.611E-01  0.000E+00
 0.170     8.509778     3192.  -2.455  5.093  0.194  -9.3747   6.781   2.2623  0.0000   0.000E+00  4.611E-01  0.000E+00
 0.170     8.522190     3192.  -2.456  5.094  0.194  -9.3170   6.781   2.2640  0.0000   0.000E+00  4.611E-01  0.000E+00
 0.170     8.536629     3192.  -2.458  5.096  0.193  -9.2480   6.782   2.2657  0.0000   0.000E+00  4.611E-01  0.000E+00
 0.170     8.553346     3191.  -2.459  5.097  0.193  -9.1707   6.782   2.2673  0.0000   0.000E+00  4.611E-01  0.000E+00
 0.170     8.572593     3191.  -2.460  5.098  0.193  -9.0894   6.782   2.2689  0.0000   0.000E+00  4.611E-01  0.000E+00
 0.170     8.594617     3191.  -2.461  5.099  0.193  -9.0057   6.783   2.2703  0.0000   0.000E+00  4.611E-01  0.000E+00
 0.170     8.619650     3191.  -2.462  5.099  0.192  -8.9208   6.783   2.2715  0.0000   0.000E+00  4.611E-01  0.000E+00
 0.170     8.647902     3191.  -2.463  5.100  0.192  -8.8386   6.784   2.2726  0.0000   0.000E+00  4.611E-01  0.000E+00
 0.170     8.677808     3191.  -2.463  5.101  0.192  -8.7645   6.784   2.2733  0.0000   0.000E+00  4.611E-01  0.000E+00
 0.170     8.705785     3191.  -2.464  5.101  0.192  -8.7190   6.784   2.2738  0.0000   0.000E+00  4.611E-01  0.000E+00
 0.170     8.732069     3191.  -2.464  5.101  0.192  -8.6882   6.784   2.2741  0.0000   0.000E+00  4.611E-01  0.000E+00
 0.170     8.756852     3191.  -2.464  5.101  0.192  -8.6676   6.784   2.2743  0.0000   0.000E+00  4.611E-01  0.000E+00
 0.170     8.780297     3191.  -2.464  5.101  0.192  -8.6498   6.784   2.2745  0.0000   0.000E+00  4.611E-01  0.000E+00
 0.170     8.802541     3191.  -2.464  5.101  0.192  -8.6364   6.784   2.2746  0.0000   0.000E+00  4.611E-01  0.000E+00
 0.170     8.823701     3191.  -2.464  5.101  0.192  -8.6253   6.784   2.2746  0.0000   0.000E+00  4.611E-01  0.000E+00
 0.170     8.843878     3191.  -2.464  5.101  0.192  -8.6162   6.784   2.2747  0.0000   0.000E+00  4.611E-01  0.000E+00
 0.170     8.863159     3191.  -2.464  5.101  0.192  -8.6073   6.784   2.2747  0.0000   0.000E+00  4.611E-01  0.000E+00
 0.170     8.881620     3191.  -2.464  5.101  0.192  -8.6003   6.784   2.2747  0.0000   0.000E+00  4.611E-01  0.000E+00
 0.170     8.899328     3191.  -2.464  5.101  0.192  -8.5918   6.784   2.2747  0.0000   0.000E+00  4.611E-01  0.000E+00
 0.170     8.916342     3191.  -2.464  5.101  0.192  -8.5850   6.784   2.2747  0.0000   0.000E+00  4.611E-01  0.000E+00
 0.170     8.932716     3191.  -2.464  5.101  0.192  -8.5800   6.784   2.2747  0.0000   0.000E+00  4.611E-01  0.000E+00
 0.170     8.948494     3191.  -2.464  5.101  0.192  -8.5735   6.784   2.2747  0.0000   0.000E+00  4.611E-01  0.000E+00
 0.170     8.963718     3191.  -2.464  5.101  0.192  -8.5670   6.784   2.2747  0.0000   0.000E+00  4.611E-01  0.000E+00
 0.170     8.978428     3191.  -2.464  5.101  0.192  -8.5622   6.784   2.2747  0.0000   0.000E+00  4.611E-01  0.000E+00
 0.170     8.992655     3191.  -2.464  5.101  0.192  -8.5575   6.784   2.2747  0.0000   0.000E+00  4.611E-01  0.000E+00
 0.170     9.006432     3191.  -2.464  5.101  0.192  -8.5528   6.784   2.2747  0.0000   0.000E+00  4.611E-01  0.000E+00
 0.170     9.019785     3191.  -2.464  5.101  0.192  -8.5482   6.784   2.2747  0.0000   0.000E+00  4.611E-01  0.000E+00
 0.170     9.032736     3191.  -2.464  5.101  0.192  -8.5436   6.784   2.2747  0.0000   0.000E+00  4.611E-01  0.000E+00
 0.170     9.045315     3191.  -2.464  5.101  0.192  -8.5391   6.784   2.2746  0.0000   0.000E+00  4.611E-01  0.000E+00
 0.170     9.057541     3191.  -2.464  5.101  0.192  -8.5346   6.784   2.2746  0.0000   0.000E+00  4.611E-01  0.000E+00
 0.170     9.069431     3191.  -2.464  5.101  0.192  -8.5302   6.784   2.2746  0.0000   0.000E+00  4.611E-01  0.000E+00
 0.170     9.081005     3191.  -2.464  5.101  0.192  -8.5272   6.784   2.2746  0.0000   0.000E+00  4.611E-01  0.000E+00
 0.170     9.092275     3191.  -2.464  5.101  0.192  -8.5229   6.784   2.2746  0.0000   0.000E+00  4.611E-01  0.000E+00
 0.170     9.103263     3191.  -2.464  5.101  0.192  -8.5200   6.784   2.2746  0.0000   0.000E+00  4.611E-01  0.000E+00
 0.170     9.113980     3191.  -2.464  5.101  0.192  -8.5157   6.784   2.2746  0.0000   0.000E+00  4.611E-01  0.000E+00
 0.170     9.124439     3191.  -2.464  5.101  0.192  -8.5129   6.784   2.2746  0.0000   0.000E+00  4.611E-01  0.000E+00
 0.170     9.134652     3191.  -2.464  5.101  0.192  -8.5086   6.784   2.2746  0.0000   0.000E+00  4.611E-01  0.000E+00
 0.170     9.144627     3191.  -2.464  5.101  0.192  -8.5058   6.784   2.2746  0.0000   0.000E+00  4.611E-01  0.000E+00
 0.170     9.154381     3191.  -2.464  5.101  0.192  -8.5017   6.784   2.2746  0.0000   0.000E+00  4.611E-01  0.000E+00
 0.170     9.163921     3191.  -2.464  5.101  0.192  -8.4989   6.784   2.2746  0.0000   0.000E+00  4.611E-01  0.000E+00
 0.170     9.173256     3191.  -2.464  5.101  0.192  -8.4962   6.784   2.2745  0.0000   0.000E+00  4.611E-01  0.000E+00
 0.170     9.182395     3191.  -2.464  5.101  0.192  -8.4921   6.784   2.2745  0.0000   0.000E+00  4.611E-01  0.000E+00
 0.170     9.191342     3191.  -2.464  5.101  0.192  -8.4895   6.784   2.2745  0.0000   0.000E+00  4.611E-01  0.000E+00
 0.170     9.200111     3191.  -2.464  5.101  0.192  -8.4868   6.784   2.2745  0.0000   0.000E+00  4.611E-01  0.000E+00
 0.170     9.208707     3191.  -2.464  5.101  0.192  -8.4841   6.784   2.2745  0.0000   0.000E+00  4.611E-01  0.000E+00
 0.170     9.217136     3191.  -2.464  5.101  0.192  -8.4815   6.784   2.2745  0.0000   0.000E+00  4.611E-01  0.000E+00
 0.170     9.225405     3191.  -2.464  5.101  0.192  -8.4789   6.784   2.2745  0.0000   0.000E+00  4.611E-01  0.000E+00
 0.170     9.233516     3191.  -2.464  5.101  0.192  -8.4763   6.784   2.2745  0.0000   0.000E+00  4.611E-01  0.000E+00
 0.170     9.241482     3191.  -2.464  5.101  0.192  -8.4724   6.784   2.2745  0.0000   0.000E+00  4.611E-01  0.000E+00
 0.170     9.249304     3191.  -2.464  5.101  0.192  -8.4698   6.784   2.2745  0.0000   0.000E+00  4.611E-01  0.000E+00
 0.170     9.256987     3191.  -2.464  5.101  0.192  -8.4672   6.784   2.2744  0.0000   0.000E+00  4.611E-01  0.000E+00
 0.170     9.264537     3191.  -2.464  5.101  0.192  -8.4647   6.784   2.2744  0.0000   0.000E+00  4.611E-01  0.000E+00
 0.170     9.271958     3191.  -2.464  5.101  0.192  -8.4622   6.784   2.2744  0.0000   0.000E+00  4.611E-01  0.000E+00
 0.170     9.279252     3191.  -2.464  5.101  0.192  -8.4597   6.784   2.2744  0.0000   0.000E+00  4.611E-01  0.000E+00
 0.170     9.286427     3191.  -2.464  5.101  0.192  -8.4572   6.784   2.2744  0.0000   0.000E+00  4.611E-01  0.000E+00
 0.170     9.293486     3191.  -2.464  5.101  0.192  -8.4559   6.784   2.2744  0.0000   0.000E+00  4.611E-01  0.000E+00
 0.170     9.300432     3191.  -2.464  5.101  0.192  -8.4535   6.784   2.2744  0.0000   0.000E+00  4.611E-01  0.000E+00
 0.170     9.307269     3191.  -2.464  5.101  0.192  -8.4510   6.784   2.2744  0.0000   0.000E+00  4.611E-01  0.000E+00
 0.170     9.313998     3191.  -2.464  5.101  0.192  -8.4486   6.784   2.2744  0.0000   0.000E+00  4.611E-01  0.000E+00
 0.170     9.320626     3191.  -2.464  5.101  0.192  -8.4461   6.784   2.2743  0.0000   0.000E+00  4.611E-01  0.000E+00
 0.170     9.327155     3191.  -2.464  5.101  0.192  -8.4437   6.784   2.2743  0.0000   0.000E+00  4.611E-01  0.000E+00
 0.170     9.333586     3191.  -2.464  5.101  0.192  -8.4413   6.784   2.2743  0.0000   0.000E+00  4.611E-01  0.000E+00
 0.170     9.339924     3191.  -2.464  5.101  0.192  -8.4401   6.784   2.2743  0.0000   0.000E+00  4.611E-01  0.000E+00
 0.170     9.346169     3191.  -2.464  5.101  0.192  -8.4377   6.784   2.2743  0.0000   0.000E+00  4.611E-01  0.000E+00
 0.170     9.352327     3191.  -2.464  5.101  0.192  -8.4353   6.784   2.2743  0.0000   0.000E+00  4.611E-01  0.000E+00
 0.170     9.358399     3191.  -2.464  5.101  0.192  -8.4330   6.784   2.2743  0.0000   0.000E+00  4.611E-01  0.000E+00
 0.170     9.364388     3191.  -2.464  5.101  0.192  -8.4318   6.784   2.2743  0.0000   0.000E+00  4.611E-01  0.000E+00
 0.170     9.370295     3191.  -2.464  5.101  0.192  -8.4295   6.784   2.2742  0.0000   0.000E+00  4.611E-01  0.000E+00
 0.170     9.376121     3191.  -2.464  5.101  0.192  -8.4271   6.784   2.2742  0.0000   0.000E+00  4.611E-01  0.000E+00
 0.170     9.381871     3191.  -2.464  5.101  0.192  -8.4248   6.784   2.2742  0.0000   0.000E+00  4.611E-01  0.000E+00
 0.170     9.387546     3191.  -2.464  5.101  0.192  -8.4237   6.784   2.2742  0.0000   0.000E+00  4.611E-01  0.000E+00
 0.170     9.393149     3191.  -2.463  5.101  0.192  -8.4214   6.784   2.2742  0.0000   0.000E+00  4.611E-01  0.000E+00
 0.170     9.398679     3191.  -2.463  5.101  0.192  -8.4191   6.784   2.2742  0.0000   0.000E+00  4.611E-01  0.000E+00
 0.170     9.404141     3191.  -2.463  5.101  0.192  -8.4179   6.784   2.2742  0.0000   0.000E+00  4.611E-01  0.000E+00
 0.170     9.409532     3191.  -2.463  5.101  0.192  -8.4157   6.784   2.2742  0.0000   0.000E+00  4.611E-01  0.000E+00
 0.170     9.414860     3191.  -2.463  5.101  0.192  -8.4134   6.784   2.2741  0.0000   0.000E+00  4.611E-01  0.000E+00
 0.170     9.420122     3191.  -2.463  5.101  0.192  -8.4123   6.784   2.2741  0.0000   0.000E+00  4.611E-01  0.000E+00
 0.170     9.425322     3191.  -2.463  5.101  0.192  -8.4101   6.784   2.2741  0.0000   0.000E+00  4.611E-01  0.000E+00
 0.170     9.430460     3191.  -2.463  5.101  0.192  -8.4089   6.784   2.2741  0.0000   0.000E+00  4.611E-01  0.000E+00
 0.170     9.435537     3191.  -2.463  5.101  0.192  -8.4067   6.784   2.2741  0.0000   0.000E+00  4.611E-01  0.000E+00
 0.170     9.440556     3191.  -2.463  5.101  0.192  -8.4045   6.784   2.2741  0.0000   0.000E+00  4.611E-01  0.000E+00
 0.170     9.445519     3191.  -2.463  5.101  0.192  -8.4034   6.784   2.2741  0.0000   0.000E+00  4.611E-01  0.000E+00
 0.170     9.450425     3191.  -2.463  5.101  0.192  -8.4012   6.784   2.2740  0.0000   0.000E+00  4.611E-01  0.000E+00
 0.170     9.455276     3191.  -2.463  5.101  0.192  -8.4001   6.784   2.2740  0.0000   0.000E+00  4.611E-01  0.000E+00
 0.170     9.460072     3191.  -2.463  5.101  0.192  -8.3979   6.785   2.2740  0.0000   0.000E+00  4.611E-01  0.000E+00
 0.170     9.464817     3191.  -2.463  5.101  0.192  -8.3969   6.785   2.2740  0.0000   0.000E+00  4.611E-01  0.000E+00
 0.170     9.469511     3191.  -2.463  5.101  0.192  -8.3947   6.785   2.2740  0.0000   0.000E+00  4.611E-01  0.000E+00
 0.170     9.474155     3191.  -2.463  5.101  0.192  -8.3936   6.785   2.2740  0.0000   0.000E+00  4.611E-01  0.000E+00
 0.170     9.478750     3191.  -2.463  5.101  0.192  -8.3915   6.785   2.2740  0.0000   0.000E+00  4.611E-01  0.000E+00
 0.170     9.483295     3192.  -2.463  5.101  0.192  -8.3893   6.785   2.2739  0.0000   0.000E+00  4.611E-01  0.000E+00
 0.170     9.487794     3192.  -2.463  5.101  0.192  -8.3883   6.785   2.2739  0.0000   0.000E+00  4.611E-01  0.000E+00
 0.170     9.492248     3192.  -2.463  5.101  0.192  -8.3862   6.785   2.2739  0.0000   0.000E+00  4.611E-01  0.000E+00
 0.170     9.496656     3192.  -2.463  5.101  0.192  -8.3851   6.785   2.2739  0.0000   0.000E+00  4.611E-01  0.000E+00
 0.170     9.501020     3192.  -2.463  5.101  0.192  -8.3840   6.785   2.2739  0.0000   0.000E+00  4.611E-01  0.000E+00
 0.170     9.505340     3192.  -2.463  5.101  0.192  -8.3820   6.785   2.2739  0.0000   0.000E+00  4.611E-01  0.000E+00
 0.170     9.509616     3192.  -2.463  5.101  0.192  -8.3809   6.785   2.2738  0.0000   0.000E+00  4.611E-01  0.000E+00
 0.170     9.513853     3192.  -2.463  5.101  0.192  -8.3788   6.785   2.2738  0.0000   0.000E+00  4.611E-01  0.000E+00
 0.170     9.518048     3192.  -2.463  5.101  0.192  -8.3778   6.785   2.2738  0.0000   0.000E+00  4.611E-01  0.000E+00
 0.170     9.522203     3192.  -2.463  5.101  0.192  -8.3757   6.785   2.2738  0.0000   0.000E+00  4.611E-01  0.000E+00
 0.170     9.526319     3192.  -2.463  5.101  0.192  -8.3747   6.785   2.2738  0.0000   0.000E+00  4.611E-01  0.000E+00
 0.170     9.530394     3192.  -2.463  5.101  0.192  -8.3726   6.785   2.2738  0.0000   0.000E+00  4.611E-01  0.000E+00
 0.170     9.534434     3192.  -2.463  5.101  0.192  -8.3716   6.785   2.2737  0.0000   0.000E+00  4.611E-01  0.000E+00
 0.170     9.538435     3192.  -2.463  5.101  0.192  -8.3706   6.785   2.2737  0.0000   0.000E+00  4.611E-01  0.000E+00
 0.170     9.542401     3192.  -2.463  5.101  0.192  -8.3686   6.785   2.2737  0.0000   0.000E+00  4.611E-01  0.000E+00
 0.170     9.546330     3192.  -2.463  5.101  0.192  -8.3675   6.785   2.2737  0.0000   0.000E+00  4.611E-01  0.000E+00
 0.170     9.550223     3192.  -2.463  5.101  0.192  -8.3655   6.785   2.2737  0.0000   0.000E+00  4.611E-01  0.000E+00
 0.170     9.554083     3192.  -2.463  5.101  0.192  -8.3645   6.785   2.2737  0.0000   0.000E+00  4.611E-01  0.000E+00
 0.170     9.561701     3192.  -2.463  5.101  0.192  -8.3615   6.785   2.2736  0.0000   0.000E+00  4.611E-01  0.000E+00
 0.170     9.569187     3192.  -2.463  5.101  0.192  -8.3595   6.785   2.2736  0.0000   0.000E+00  4.611E-01  0.000E+00
 0.170     9.580180     3192.  -2.463  5.101  0.192  -8.3556   6.785   2.2735  0.0000   0.000E+00  4.611E-01  0.000E+00
 0.170     9.590901     3192.  -2.463  5.101  0.192  -8.3516   6.785   2.2735  0.0000   0.000E+00  4.611E-01  0.000E+00
 0.170     9.601365     3192.  -2.463  5.101  0.192  -8.3478   6.785   2.2734  0.0000   0.000E+00  4.611E-01  0.000E+00
 0.170     9.611581     3192.  -2.463  5.101  0.192  -8.3439   6.785   2.2733  0.0000   0.000E+00  4.611E-01  0.000E+00
 0.170     9.621564     3192.  -2.463  5.101  0.192  -8.3401   6.785   2.2733  0.0000   0.000E+00  4.611E-01  0.000E+00
 0.170     9.631321     3192.  -2.463  5.100  0.192  -8.3363   6.785   2.2732  0.0000   0.000E+00  4.611E-01  0.000E+00
 0.170     9.640864     3192.  -2.462  5.100  0.192  -8.3325   6.785   2.2732  0.0000   0.000E+00  4.611E-01  0.000E+00
 0.170     9.650203     3192.  -2.462  5.100  0.192  -8.3298   6.785   2.2731  0.0000   0.000E+00  4.611E-01  0.000E+00
 0.170     9.659344     3192.  -2.462  5.100  0.192  -8.3261   6.785   2.2730  0.0000   0.000E+00  4.611E-01  0.000E+00
 0.170     9.671241     3192.  -2.462  5.100  0.192  -8.3215   6.785   2.2729  0.0000   0.000E+00  4.611E-01  0.000E+00
 0.170     9.679955     3192.  -2.462  5.100  0.192  -8.3188   6.785   2.2729  0.0000   0.000E+00  4.611E-01  0.000E+00
 0.170     9.691307     3192.  -2.462  5.100  0.192  -8.3143   6.785   2.2728  0.0000   0.000E+00  4.611E-01  0.000E+00
 0.170     9.699631     3192.  -2.462  5.100  0.192  -8.3107   6.785   2.2727  0.0000   0.000E+00  4.611E-01  0.000E+00
 0.170     9.710487     3192.  -2.462  5.100  0.192  -8.3072   6.785   2.2726  0.0000   0.000E+00  4.611E-01  0.000E+00
 0.170     9.721078     3192.  -2.462  5.100  0.192  -8.3028   6.785   2.2725  0.0000   0.000E+00  4.611E-01  0.000E+00
 0.170     9.731417     3192.  -2.462  5.100  0.192  -8.2993   6.785   2.2724  0.0000   0.000E+00  4.611E-01  0.000E+00
 0.170     9.739013     3192.  -2.462  5.100  0.192  -8.2967   6.785   2.2724  0.0000   0.000E+00  4.611E-01  0.000E+00
 0.170     9.751385     3192.  -2.462  5.100  0.192  -8.2916   6.785   2.2722  0.0000   0.000E+00  4.611E-01  0.000E+00
 0.170     9.761035     3192.  -2.462  5.100  0.192  -8.2882   6.785   2.2721  0.0000   0.000E+00  4.611E-01  0.000E+00
 0.170     9.770475     3192.  -2.461  5.100  0.192  -8.2848   6.785   2.2720  0.0000   0.000E+00  4.611E-01  0.000E+00
 0.170     9.779714     3193.  -2.461  5.100  0.192  -8.2815   6.785   2.2719  0.0000   0.000E+00  4.611E-01  0.000E+00
 0.170     9.790994     3193.  -2.461  5.100  0.192  -8.2774   6.785   2.2718  0.0000   0.000E+00  4.611E-01  0.000E+00
 0.170     9.799811     3193.  -2.461  5.099  0.192  -8.2741   6.785   2.2716  0.0000   0.000E+00  4.611E-01  0.000E+00
 0.170     9.810587     3193.  -2.461  5.099  0.192  -8.2700   6.785   2.2715  0.0000   0.000E+00  4.611E-01  0.000E+00
 0.170     9.819019     3193.  -2.461  5.099  0.192  -8.2668   6.785   2.2714  0.0000   0.000E+00  4.611E-01  0.000E+00
 0.170     9.829333     3193.  -2.461  5.099  0.192  -8.2628   6.785   2.2712  0.0000   0.000E+00  4.611E-01  0.000E+00
 0.170     9.839409     3193.  -2.461  5.099  0.193  -8.2588   6.785   2.2711  0.0000   0.000E+00  4.611E-01  0.000E+00
 0.170     9.849256     3193.  -2.460  5.099  0.193  -8.2549   6.785   2.2709  0.0000   0.000E+00  4.611E-01  0.000E+00
 0.170     9.860785     3193.  -2.460  5.099  0.193  -8.2510   6.785   2.2707  0.0000   0.000E+00  4.611E-01  0.000E+00
 0.170     9.870164     3193.  -2.460  5.099  0.193  -8.2480   6.785   2.2706  0.0000   0.000E+00  4.611E-01  0.000E+00
 0.170     9.879345     3193.  -2.460  5.099  0.193  -8.2441   6.785   2.2704  0.0000   0.000E+00  4.611E-01  0.000E+00
 0.170     9.890112     3193.  -2.460  5.098  0.193  -8.2403   6.785   2.2702  0.0000   0.000E+00  4.611E-01  0.000E+00
 0.170     9.900619     3193.  -2.460  5.098  0.193  -8.2366   6.785   2.2700  0.0000   0.000E+00  4.611E-01  0.000E+00
 0.170     9.909184     3193.  -2.460  5.098  0.193  -8.2336   6.785   2.2698  0.0000   0.000E+00  4.611E-01  0.000E+00
 0.170     9.919244     3193.  -2.459  5.098  0.193  -8.2299   6.785   2.2696  0.0000   0.000E+00  4.611E-01  0.000E+00
 0.170     9.929077     3194.  -2.459  5.098  0.193  -8.2262   6.785   2.2694  0.0000   0.000E+00  4.611E-01  0.000E+00
 0.170     9.940273     3194.  -2.459  5.098  0.193  -8.2218   6.784   2.2692  0.0000   0.000E+00  4.611E-01  0.000E+00
 0.170     9.949646     3194.  -2.459  5.098  0.193  -8.2190   6.784   2.2690  0.0000   0.000E+00  4.611E-01  0.000E+00
 0.170     9.960331     3194.  -2.459  5.097  0.193  -8.2147   6.784   2.2687  0.0000   0.000E+00  4.611E-01  0.000E+00
 0.170     9.969285     3194.  -2.458  5.097  0.193  -8.2118   6.784   2.2685  0.0000   0.000E+00  4.611E-01  0.000E+00
 0.170     9.979503     3194.  -2.458  5.097  0.193  -8.2083   6.784   2.2682  0.0000   0.000E+00  4.611E-01  0.000E+00
 0.170     9.989487     3194.  -2.458  5.097  0.193  -8.2048   6.784   2.2680  0.0000   0.000E+00  4.611E-01  0.000E+00
 0.170     9.999246     3194.  -2.458  5.097  0.193  -8.2013   6.784   2.2677  0.0000   0.000E+00  4.611E-01  0.000E+00
