M_Ms log_t_yr Teff L_Ls g R_Rs Log_Li_Li0 logTc logROc Mrad Rrad k2conv k2rad
0.5 5.703957 3847.3748058671267 0.06787402933563402 3.363125970664366 2.4358724762726487 0.0 6.212562985332183 -0.5206236410698877 0.0 0.0 0.44513125970664363 0.0
0.5 5.738317 3842.5007625826133 0.03750381291306555 3.3914961870869345 2.3585099135739704 0.0 6.225998474834774 -0.4797802999491611 0.0 0.0 0.44557496187086937 0.0
0.5 5.769327 3838.300924768808 0.01065508622844307 3.416495376155961 2.291761559610098 0.0 6.238247688077981 -0.4435914271432144 0.0 0.0 0.4459699075231192 0.0
0.5 5.797516 3833.6477925488266 -0.013437140981453943 3.4380849335302806 2.234097406860332 0.0 6.248704414902347 -0.41130215821434457 0.0 0.0 0.44626761037255863 0.0
0.5 5.823296 3829.445406717928 -0.03505026305139625 3.458495669769324 2.1833448806151354 0.0 6.25838648320518 -0.3822455766895993 0.0 0.0 0.4465554593282072 0.0
0.5 5.846997 3825.6222329162656 -0.05526660250240581 3.476511068334937 2.1378445620789224 0.0 6.267133301251203 -0.3556934071222333 0.0 0.0 0.44683777670837344 0.0
0.5 5.868886 3822.1243828635133 -0.07337808568243358 3.493378085682434 2.0974925943621594 0.0 6.27562685140946 -0.33155824175824167 0.0 0.0 0.44708756171364866 0.0
0.5 5.889182 3818.908128604155 -0.0904593569792243 3.508459356979224 2.0609894146457064 0.0 6.282729678489613 -0.30931149379887823 0.0 0.0 0.4473091871395845 0.0
0.5 5.908067 3815.933637006204 -0.10586499646587605 3.5223318149689784 2.028270007068248 0.0 6.289665907484489 -0.2887954134924998 0.0 0.0 0.4475066362993796 0.0
0.5 5.925695 3813.1727045596504 -0.12013647720174885 3.535722829481574 1.9978997501561526 0.0 6.295654590880699 -0.2697916614615866 0.0 0.0 0.447682729544035 0.0
0.5 5.942195 3810.8006365965375 -0.13299363403462472 3.547794270631162 1.969813368527288 0.0 6.30179745361385 -0.25206872137256414 0.0 0.0 0.4478398726806925 0.0
0.5 5.95768 3809.2000618668317 -0.14539965973242588 3.558999690665842 1.9446006496017323 0.0 6.30699984533292 -0.23562042378779682 0.0 0.0 0.4480399969066584 0.0
0.5 5.972245 3806.950315336102 -0.15724842331948918 3.569248423319489 1.9214783110290727 0.0 6.312124211659745 -0.2201596600522998 0.0 0.0 0.4481049684663898 0.0
0.5 5.985973 3804.8390610616752 -0.1678046946916233 3.579643755753299 1.8993906106167535 0.0 6.317321877876649 -0.20568952132555987 0.0 0.0 0.4483 0.0
0.5 5.998937 3802.85371262522 -0.17773143687390042 3.5887314368739003 1.8789639825648092 0.0 6.3212925747495605 -0.19204793148275642 0.0 0.0 0.448414628737478 0.0
0.5 6.011202 3800.9800730149072 -0.1880996349254637 3.597099634925464 1.8598007301490727 0.0 6.325049817462732 -0.17926350015211476 0.0 0.0 0.44850099634925467 0.0
0.5 6.022824 3799.21219957408 -0.1969390021296011 3.605939002129601 1.842121995740798 0.0 6.329469501064801 -0.16715356708244647 0.0 0.0 0.448589390021296 0.0
0.5 6.033854 3797.7695336159904 -0.20530466384009685 3.613304663840097 1.825621138703816 0.0 6.333152331920048 -0.1556426105390673 0.0 0.0 0.44872304663840096 0.0
0.5 6.044336 3796.951971001359 -0.21324014499320346 3.6212401449932035 1.810519710013593 0.0 6.3370960579972815 -0.1447685999093792 0.0 0.0 0.4488048028998641 0.0
0.5 6.05431 3795.7234026522 -0.22076597347799867 3.6284893761301986 1.7957446503918024 0.0 6.3401063893912 -0.1344106163351418 0.0 0.0 0.44892765973478 0.0
0.5 6.063814 3795.0073086196503 -0.22792691380349592 3.634934222423146 1.7821388637733577 0.0 6.3429707655213985 -0.12460012808921062 0.0 0.0 0.44899926913803495 0.0
0.5 6.072875 3793.6530933633294 -0.23473453318335202 3.641561079865017 1.7687043869516312 0.0 6.346693813273341 -0.11522368953880774 0.0 0.0 0.4490173453318335 0.0
0.5 6.081531 3792.3548556430446 -0.24122572178477675 3.647403149606299 1.756371128608924 0.0 6.34929028871391 -0.10633076115485587 0.0 0.0 0.4490822572178478 0.0
0.5 6.089803 3792.0 -0.2474166915943764 3.6534166915943764 1.7450499551301224 0.0 6.351766676637751 -0.09780496559976055 0.0 0.0 0.4491883338318875 0.0
0.5 6.097715 3790.9354429435034 -0.2533227852824838 3.6587905067542352 1.733886707963281 0.0 6.354661392641242 -0.0897077841629972 0.0 0.0 0.44925322785282484 0.0
0.5 6.105296 3789.804318689501 -0.2589784065524943 3.663978406552494 1.7232388682055104 0.0 6.357391362620998 -0.08194979895755786 0.0 0.0 0.4493 0.0
0.5 6.112558 3788.8617898254734 -0.26438210174526544 3.669243891570739 1.7133740066839958 0.0 6.359552840698107 -0.07449269959153372 0.0 0.0 0.44931382101745265 0.0
0.5 6.119523 3788.3445228369847 -0.26955477163015223 3.673899294467137 1.7035459339027108 0.0 6.361621908652062 -0.06735441515038994 0.0 0.0 0.44936554771630155 0.0
0.5 6.126209 3787.696470937129 -0.2745176453143536 3.6785176453143533 1.6942682384341636 0.0 6.363910587188612 -0.060505649466192135 0.0 0.0 0.4494303529062871 0.0
0.5 6.132634 3786.744529863986 -0.2792773506800709 3.6831496156120638 1.6857007687758723 0.0 6.366510940272028 -0.053950029568302825 0.0 0.0 0.44951277350680074 0.0
0.5 6.138808 3785.831756357185 -0.28384121821407426 3.6872570963926665 1.6774858072146663 0.0 6.36833648728563 -0.04769753104671828 0.0 0.0 0.44955841218214077 0.0
0.5 6.144749 3784.9535123966944 -0.28827892561983437 3.6912324380165287 1.6695816115702484 0.0 6.370092975206612 -0.04167923553719045 0.0 0.0 0.4496 0.0
0.5 6.150465 3784.1099468713105 -0.2933403187721367 3.6954502656434474 1.661989521841795 0.0 6.371780106257379 -0.03585863341204278 0.0 0.0 0.4496 0.0
0.5 6.15597 3783.6495619524408 -0.2975043804755944 3.699153942428035 1.65469211514393 0.0 6.373752190237797 -0.0302639549436797 0.0 0.0 0.44963504380475594 0.0
0.5 6.161278 3783.2587793565485 -0.3014122064345137 3.7026709857910625 1.6476580284178752 0.0 6.375706103217257 -0.02487115512037106 0.0 0.0 0.44967412206434515 0.0
0.5 6.166395 3782.764688601645 -0.3051765569917739 3.7061765569917737 1.640882197414807 0.0 6.377470622796709 -0.019699882491187502 0.0 0.0 0.4497235311398355 0.0
0.5 6.171331 3782.039659224442 -0.30880170387779116 3.7098017038777913 1.6343569330199759 0.0 6.378920681551116 -0.014769682726204035 0.0 0.0 0.4497960340775558 0.0
0.5 6.176097 3781.3405207187384 -0.3122973964063077 3.712967656765677 1.6283944261092769 0.0 6.380648698203154 -0.00994959295929537 0.0 0.0 0.4498329739640631 0.0
0.5 6.180699 3780.665493215988 -0.3156725339200586 3.716005280528053 1.6226566923359003 0.0 6.38233626696003 -0.005291903190319098 0.0 0.0 0.4498667253392006 0.0
0.5 6.185145 3780.0133480014665 -0.31893325999266636 3.7189399339933997 1.617113458012467 0.0 6.383966629996333 -0.0007921012101204002 0.0 0.0 0.4498993325999267 0.0
0.5 6.189445 3779.3839285714284 -0.3220803571428573 3.7220803571428576 1.611455357142857 0.0 6.385232142857143 0.0035508928571431056 0.0 0.0 0.4499 0.0
0.5 6.193603 3778.775683179892 -0.3251215841005411 3.7250094256904873 1.6060933070290802 0.0 6.386448633640216 0.007736570217741281 0.0 0.0 0.4499112158410054 0.0
0.5 6.197628 3778.187490866579 -0.32806254566710513 3.727656291100395 1.6010936723659213 0.0 6.387625018266842 0.011765687563934011 0.0 0.0 0.4499406254566711 0.0
0.5 6.20152 3777.6187344731843 -0.33090632763407907 3.730215694870671 1.5962592430220657 0.0 6.388762531053631 0.015661668858688263 0.0 0.0 0.4499690632763408 0.0
0.5 6.205294 3777.0672219786643 -0.33366389010667874 3.732697501096011 1.591571386818646 0.0 6.389865556042671 0.019439529446149885 0.0 0.0 0.4499966389010668 0.0
0.5 6.208946 3776.5344903018813 -0.33632754849059376 3.7353275484905937 1.58727592241505 0.0 6.391396529094356 0.023065465947207486 0.0 0.0 0.4500465509698119 0.0
0.5 6.212489 3776.017792037334 -0.3389110398133293 3.7379110398133295 1.583142336298673 0.0 6.3929466238879975 0.02657901414612787 0.0 0.0 0.4500982207962666 0.0
0.5 6.215923 3775.5172715347617 -0.34141364232619176 3.7399309138609533 1.5786554438128548 0.0 6.393965456930476 0.030030826410144602 0.0 0.0 0.4501 0.0
0.5 6.219254 3775.0317737939076 -0.34384113103046243 3.74187290482437 1.5742859641451676 0.0 6.394936452412185 0.03338076082203821 0.0 0.0 0.4501 0.0
0.5 6.222488 3774.5611495089124 -0.3464136777009826 3.7441942524554386 1.5702697708257543 0.0 6.395877700982175 0.036584183339396684 0.0 0.0 0.4501219425245544 0.0
0.5 6.225625 3774.1046926154963 -0.3489241906147692 3.7464765369225175 1.5663898872317203 0.0 6.396790614769007 0.03968809021462374 0.0 0.0 0.45014476536922515 0.0
0.5 6.228672 3773.661331393234 -0.35136267733721405 3.748693343033831 1.5626213168424874 0.0 6.3976773372135325 0.04270294652601013 0.0 0.0 0.4501669334303383 0.0
0.5 6.23163 3773.230920334667 -0.35372993815933085 3.750845398326664 1.5589628228446704 0.0 6.398538159330665 0.045629741724263595 0.0 0.0 0.4501884539832666 0.0
0.5 6.234507 3773.0 -0.35593709138457064 3.7527496731076564 1.555500653784687 0.0 6.399562254830743 0.04849318611070752 0.0 0.0 0.4502187418276914 0.0
0.5 6.237302 3773.0 -0.35796745605114033 3.7543739648409122 1.5522520703181755 0.0 6.400780473630684 0.051295089350573655 0.0 0.0 0.4502593491210228 0.0
0.5 6.24002 3773.0 -0.35994188580560826 3.7559535086444864 1.5490929827110267 0.0 6.401965131483365 0.05401980241173944 0.0 0.0 0.4502988377161121 0.0
0.5 6.250178 3771.5376188057753 -0.3673119059711238 3.7633119059711237 1.5365697598490895 0.0 6.4049247623884495 0.06404419212072839 0.0 0.0 0.4503731190597112 0.0
0.5 6.259319 3770.212288074192 -0.37393855962903894 3.769150847703231 1.5256983045935377 0.0 6.408363135777424 0.07305644109549293 0.0 0.0 0.4504 0.0
0.5 6.269532 3768.100600709271 -0.3813313309690961 3.776331330969096 1.5138698704494462 0.0 6.411532532387638 0.08317392342766164 0.0 0.0 0.45046331330969097 0.0
0.5 6.280296 3766.1765471370736 -0.38911726431463267 3.783293811451706 1.5014123770965877 0.0 6.414646905725853 0.09379947946790045 0.0 0.0 0.45058234528629265 0.0
0.5 6.289723 3764.8148469093007 -0.3965183419988448 3.789925765453495 1.4905187752744076 0.0 6.417962882726748 0.10299978336221857 0.0 0.0 0.45065925765453496 0.0
0.5 6.299337 3763.4270878407615 -0.4038645607961922 3.7962916486369536 1.4794167027260925 0.0 6.421145824318477 0.11239580268282133 0.0 0.0 0.4507 0.0
0.5 6.309952 3761.8969339283144 -0.4115153303584279 3.803463797322585 1.467227004462358 0.0 6.424257665179215 0.12280084928746196 0.0 0.0 0.4508051533035843 0.0
0.5 6.319012 3760.59277385922 -0.41803613070390083 3.8093325176335107 1.4574458039441487 0.0 6.427518065351951 0.13166913775730513 0.0 0.0 0.450870361307039 0.0
0.5 6.329247 3759.1204888569378 -0.42627706685837463 3.8163975557153123 1.4459639108555005 0.0 6.430759022286125 0.14159272465851835 0.0 0.0 0.4509 0.0
0.5 6.339183 3757.0403503733487 -0.43353216542217105 3.822878948879954 1.4345485353245264 0.0 6.433612866168868 0.15121842331993096 0.0 0.0 0.45103064330844345 0.0
0.5 6.349149 3755.2636559139787 -0.4406817204301072 3.829681720430107 1.4238455913978498 0.0 6.437209032258064 0.1609071397849458 0.0 0.0 0.4511 0.0
0.5 6.359221 3753.2317439862545 -0.44848360538373394 3.8363047680412365 1.4131587199312718 0.0 6.440357674684994 0.17065715206185528 0.0 0.0 0.45115894186712485 0.0
0.5 6.368995 3751.4226700971985 -0.4558866495140078 3.842886649514008 1.4023813607775877 0.0 6.443154659805603 0.18012584333905057 0.0 0.0 0.45125773299028016 0.0
0.5 6.380304 3749.8079640333976 -0.46396017983301213 3.850364161849711 1.3900597302504818 0.0 6.446980089916506 0.19104624277456633 0.0 0.0 0.4513596017983301 0.0
0.5 6.391022 3747.558848674836 -0.47160287831291 3.85760287831291 1.378955970361926 0.0 6.450441151325164 0.2013278569392994 0.0 0.0 0.4514720575662582 0.0
0.5 6.399075 3746.1331815594763 -0.47820091064314146 3.8624672737620944 1.370932270916335 0.0 6.452733636881048 0.20909436539556034 0.0 0.0 0.4515 0.0
0.5 6.411288 3743.596547314578 -0.4870115089514064 3.8710115089514066 1.3579827365728905 0.0 6.456204603580563 0.2208155370843986 0.0 0.0 0.45158011508951407 0.0
0.5 6.419516 3742.230365749929 -0.49284817125035396 3.876078537000283 1.3496125602495046 0.0 6.459308902750212 0.22873351290048138 0.0 0.0 0.45167696342500707 0.0
0.5 6.431994 3739.695753715499 -0.5024489030431707 3.8839127388535033 1.3372468506723283 0.0 6.463072328379335 0.24066910828025495 0.0 0.0 0.45177680820948335 0.0
0.5 6.440402 3738.275282485876 -0.5086235875706211 3.889623587570621 1.3289269774011305 0.0 6.4654494350282485 0.2487280790960446 0.0 0.0 0.45187247175141243 0.0
0.5 6.453155 3736.2155827702704 -0.5186147240990989 3.898353251689189 1.3156008586711714 0.0 6.47004588963964 0.2609298775337835 0.0 0.0 0.451926147240991 0.0
0.5 6.461752 3734.400337837838 -0.5246655405405404 3.903798986486486 1.3077347972972977 0.0 6.472466216216216 0.2690984797297294 0.0 0.0 0.4519866554054054 0.0
0.5 6.470425 3732.0958134307393 -0.5307604664231522 3.9097604664231524 1.299335347007587 0.0 6.474904186569261 0.27737423433548697 0.0 0.0 0.45209520932846303 0.0
0.5 6.479174 3730.23212783852 -0.537482197925428 3.915303616484441 1.2907499299130918 0.0 6.477946453602467 0.28571435379871085 0.0 0.0 0.45215892907204935 0.0
0.5 6.492443 3727.9635474860333 -0.5472187150837989 3.9231822625698323 1.2777448324022347 -0.0004 6.482072905027933 0.29834787709497207 0.0 0.0 0.4522036452513966 0.0
0.5 6.501384 3726.573011779466 -0.554423294068446 3.929280964661601 1.2691497177110203 -0.0004 6.4847116470342225 0.3068356799330865 0.0 0.0 0.45231423294068446 0.0
0.5 6.510406 3724.6864849794383 -0.5607117167352055 3.934940545061685 1.2609747682442327 -0.0004 6.4878558583676025 0.31538793475987953 0.0 0.0 0.45237711716735207 0.0
0.5 6.519509 3722.3810848400553 -0.5678567454798332 3.941047287899861 1.2523337969401944 -0.0004 6.490618915159944 0.3240043115438111 0.0 0.0 0.4524 0.0
0.5 6.533317 3719.410188784009 -0.5776327040533037 3.9497694336479734 1.239777484730705 -0.0004 6.494453081621321 0.33704047751249305 0.0 0.0 0.45248632704053304 0.0
0.5 6.542625 3717.9667957941338 -0.585083010514665 3.956083010514665 1.230900387382402 -0.00040830105146651255 6.497049806308799 0.3458145545102379 0.0 0.0 0.4526 0.0
0.5 6.552014 3715.5276128675964 -0.5917320861521469 3.962417161397211 1.2229529890929174 -0.0009 6.500629849509871 0.35475723457131025 0.0 0.0 0.4526157462377468 0.0
0.5 6.561484 3713.566408946569 -0.5989231671959137 3.9683007731602933 1.2144544387684657 -0.0009 6.503244788071241 0.3637133991440016 0.0 0.0 0.45268111970178104 0.0
0.5 6.571034 3712.060777287762 -0.6056961135611905 3.9737568908489527 1.2054254410143332 -0.0009 6.505878445424476 0.3726867144432191 0.0 0.0 0.4527 0.0
0.5 6.580662 3709.4724534011966 -0.6129507531467091 3.9803188664970084 1.1967854735538892 -0.0011527546598803313 6.509159433248504 0.38175684710090135 0.0 0.0 0.45276318866497006 0.0
0.5 6.590365 3707.402581353838 -0.6199870932308119 3.9863896745846494 1.1884154881230258 -0.0015389674584649496 6.512194837292324 0.39092218865852035 0.0 0.0 0.45285974186461625 0.0
0.5 6.600142 3705.122857534622 -0.6266928561634442 3.992692856163444 1.180368572603867 -0.0017 6.5148771424653775 0.40008228438228405 0.0 0.0 0.4529 0.0
0.5 6.609986 3703.7135815991237 -0.6340753012048191 3.9987888828039426 1.1716382803943046 -0.00202160460021905 6.51821604600219 0.409311966046002 0.0 0.0 0.45296432092004385 0.0
0.5 6.619897 3702.3570939937063 -0.6412145300314681 4.005214530031468 1.1631425639622384 -0.0024571624025174436 6.521285812012588 0.41863605144342586 0.0 0.0 0.453 0.0
0.5 6.629869 3701.9964410375746 -0.6480320306618302 4.011035589624256 1.154957292450893 -0.0031028471699404646 6.524017794812128 0.42804875778523044 0.0 0.0 0.4531 0.0
0.5 6.6399 3701.309903497365 -0.6542108685237151 4.01790096502635 1.1467188419683798 -0.0036520772021080114 6.527450482513175 0.4374543220860997 0.0 0.0 0.4531 0.0
0.5 6.649986 3700.2388386743355 -0.6608058066283213 4.0240446453026575 1.13767187072035 -0.0042805806628321355 6.530522322651328 0.4469520131470835 0.0 0.0 0.4531761161325664 0.0
0.5 6.66012 3699.9252708076237 -0.6677472919237628 4.030672562731387 1.1291032496914846 -0.005304620869326794 6.533298916769505 0.4565237899355551 0.0 0.0 0.45320747291923763 0.0
0.5 6.670305 3699.2269984917043 -0.6747300150829564 4.036957013574661 1.1207239819004524 -0.006282202111613879 6.536092006033183 0.46609012066365013 0.0 0.0 0.45327730015082957 0.0
0.5 6.680532 3698.0511730004114 -0.6817441349979423 4.043744134997942 1.1123070380024693 -0.007359061599670766 6.539846480998765 0.4757469062971604 0.0 0.0 0.4533 0.0
0.5 6.690803 3697.3203790167536 -0.6887962098324634 4.0501165888492165 1.1045241691842902 -0.008963128261466587 6.542718483932985 0.4854108074704749 0.0 0.0 0.45336796209832464 0.0
0.5 6.701112 3696.2244365035735 -0.6951022539857064 4.056877817482133 1.0963466190214404 -0.010708232545354593 6.545551126992853 0.49507383177570097 0.0 0.0 0.4534 0.0
0.5 6.71146 3695.842105263158 -0.7022631578947368 4.063263157894737 1.087578947368421 -0.012726315789473674 6.549473684210526 0.5048368421052631 0.0 0.0 0.4535 0.0
0.5 6.721848 3694.9380521775283 -0.7094336347573016 4.0703716869348305 1.0795044174202268 -0.015167259120673474 6.552185843467415 0.5146637251844921 0.0 0.0 0.4535061947822472 0.0
0.5 6.732271 3693.829864914202 -0.7168506754289886 4.076850675428989 1.0709791894852136 -0.01817637824023366 6.555510405257393 0.5245270536692224 0.0 0.0 0.4536 0.0
0.5 6.742732 3692.6514165390504 -0.7234400842266463 4.0834400842266465 1.0632113323124044 -0.021754900459418094 6.5590457503828485 0.5344509762633998 0.0 0.0 0.45363485834609496 0.0
0.5 6.753231 3691.6786739754634 -0.7305706081962936 4.090249282171757 1.0551080657791698 -0.025899425737405498 6.56196397807361 0.54440245366745 0.0 0.0 0.4537 0.0
0.5 6.76377 3690.4275862068966 -0.7380034482758621 4.09671724137931 1.046710344827586 -0.031302758620689666 6.564858620689655 0.5544044827586206 0.0 0.0 0.45372862068965514 0.0
0.5 6.76906 3689.3220480668756 -0.7418728317659349 4.1000338557993725 1.042288192267503 -0.03439826541274791 6.566516927899687 0.5594346812957153 0.0 0.0 0.4537838975966562 0.0
0.5 6.779694 3688.098632038065 -0.7493095757335451 4.107309575733545 1.034690424266455 -0.041249028548771036 6.57060547184774 0.5694629956383825 0.0 0.0 0.4538901367961935 0.0
0.5 6.790398 3686.890377469196 -0.7567673577156265 4.113767357715627 1.0261230197535696 -0.04971948953647524 6.573328867592411 0.5796633385487968 0.0 0.0 0.4539109622530804 0.0
0.5 6.801174 3685.6604003658167 -0.7641885987196422 4.121018798902551 1.0178114012803576 -0.059884777969718375 6.576509399451274 0.5898791382989532 0.0 0.0 0.454 0.0
0.5 6.812024 3683.741137834444 -0.772070897324447 4.127812035158891 1.009929102675553 -0.07256875301844869 6.5800354486622235 0.6001627354390031 0.0 0.0 0.4540258862165556 0.0
0.5 6.82295 3682.3231377444863 -0.7803690178942986 4.135030586766542 1.0016309821057015 -0.08757646691635415 6.584015293383271 0.6105797232625882 0.0 0.0 0.4541 0.0
0.5 6.833946 3680.551069803466 -0.7881425113757382 4.142142511375738 0.9938574886242618 -0.10593988769483971 6.587346790589603 0.6209995159260334 0.0 0.0 0.4541448930196534 0.0
0.5 6.839472 3680.016071255688 -0.7918875012101849 4.145887501210185 0.9901124987898151 -0.11599786039306785 6.588951786232937 0.6262425016942588 0.0 0.0 0.4541983928744312 0.0
0.5 6.850583 3677.843870967742 -0.8000929032258067 4.152936774193549 0.9817509677419352 -0.14080619354838816 6.592468387096774 0.636783225806452 0.0 0.0 0.4543 0.0
0.5 6.861762 3676.4791828793777 -0.8078228599221786 4.159822859922179 0.9731771400778214 -0.17120286964980366 6.595781225680933 0.6473520038910501 0.0 0.0 0.4543260408560311 0.0
0.5 6.873014 3674.2568984828426 -0.8159724060686288 4.167229304551472 0.9653991446899498 -0.20765289685368224 6.599114652275736 0.658055422054781 0.0 0.0 0.45443715507585786 0.0
0.5 6.884334 3671.963037566724 -0.8246293685164668 4.174110887299829 0.9573706314835331 -0.2519872998287839 6.602555443649915 0.6687737234363983 0.0 0.0 0.4545 0.0
0.5 6.89002 3670.909815645242 -0.8286312904833081 4.1776312904833075 0.9533687095166918 -0.27716253114100414 6.604270553064275 0.6741477329347281 0.0 0.0 0.45450901843547586 0.0
0.5 6.901441 3669.5364693980778 -0.8366223571067276 4.185390591805767 0.9453776428932723 -0.33782779969651194 6.607695295902883 0.6848785938290343 0.0 0.0 0.4546 0.0
0.5 6.912923 3667.2183353437877 -0.844735826296743 4.1923449939686375 0.9372641737032569 -0.41102267792521135 6.611172496984318 0.695773823884198 0.0 0.0 0.4546390832328106 0.0
0.5 6.924468 3664.91213804046 -0.8533514478381596 4.19980751685839 0.9291924831416104 -0.500607774692584 6.61463179293931 0.7066673443078145 0.0 0.0 0.4547 0.0
0.5 6.930261 3663.760024118179 -0.8578399155863732 4.203719927645463 0.9252800723545374 -0.5510028037383169 6.616359963822731 0.7121278866445582 0.0 0.0 0.454711998794091 0.0
0.5 6.941885 3661.426313156578 -0.8660079039519761 4.211007903951976 0.9179920960480239 -0.6723483141570807 6.619860530265132 0.7230963281640822 0.0 0.0 0.4548 0.0
0.5 6.953562 3659.0900180036006 -0.8741849369873973 4.218729945989198 0.9098150630126027 -0.8203347469493862 6.623364972994599 0.7340769153830764 0.0 0.0 0.45484549909981997 0.0
0.5 6.959417 3657.9595818815333 -0.8783233449477351 4.222242508710802 0.9057574912891987 -0.9027194425087094 6.625161672473867 0.7395839721254355 2.0209059233445103e-05 0.00208355400696819 0.45490404181184674 4.7612543553996664e-05
0.5 6.971157 3656.5777308813185 -0.8874779419153852 4.229477941915385 0.8985220580846148 -1.0959476032559483 6.629633403678022 0.7506846648578029 0.0006055672796703687 0.05408150336649544 0.455 0.001358942317355012
0.5 6.982933 3654.2119630670413 -0.8957581292653551 4.237364110798876 0.8906358892011241 -1.320019169008427 6.633182055399438 0.7618431754315534 0.0014728221597751715 0.07046290445604148 0.455 0.0027304425933359815
0.5 6.994744 3651.961690647482 -0.9041532374100717 4.244634082733812 0.8833659172661873 -1.5379784892086261 6.636557464028777 0.7731030395683449 0.003186393884892014 0.09066244604316477 0.4550519154676259 0.005144610611510692
0.5 7.000664 3650.8635606000475 -0.9084093181998573 4.248363838399873 0.8796361616001269 -1.6320946821176303 6.638136439399952 0.7787457575998097 0.004168219699976209 0.0999779871418368 0.4551 0.006479367806968833
0.5 7.012521 3648.040241288991 -0.9168792761330261 4.255892689896023 0.8721073101039768 -1.7726959838082323 6.640959758711008 0.7900390348440347 0.0055798793555043415 0.10966197237875978 0.4551 0.008328641955710687
0.5 7.024408 3645.806996561519 -0.9259650171924056 4.262965017192405 0.8642279862460756 -1.8868502915233984 6.644386006876962 0.8014352220062791 0.007408805501569791 0.11962822544476027 0.4551 0.010579336223650825
0.5 7.030365 3644.886482095715 -0.9303783930142828 4.267340553712855 0.8606594462871454 -1.9365753198402489 6.646151357205713 0.8071373180802816 0.00881351790428484 0.126061639477425 0.4550962160698572 0.01217092398294185
0.5 7.0423 3642.4628037636226 -0.9384573207879241 4.274611588709131 0.8533884112908683 -2.038531388343602 6.64938292831517 0.8186093955188523 0.011237196236377233 0.13591793136126742 0.45501542679212076 0.014966232992621743
0.5 7.054257 3640.6924841451896 -0.9465375792740518 4.281537579274052 0.8457699365807585 -2.1434495749561426 6.652615031709621 0.8301141141546345 0.0133 0.1432539873161517 0.455 0.017356924841451897
0.5 7.060244 3639.8272261888724 -0.9506335039741342 4.285518321433383 0.8424816785666175 -2.1983706318200156 6.654287956351879 0.8359350734204496 0.013593715478916754 0.1435696281826751 0.4549884817459248 0.017658689209214474
0.5 7.072239 3637.403340967264 -0.9595210831200321 4.292789977098208 0.8352100229017918 -2.3101925367102236 6.65832776505456 0.8476505186582243 0.017714320355651292 0.15576985046477146 0.45482688939781757 0.02198936413848842
0.5 7.084254 3635.653102336825 -0.967734488315874 4.300734488315874 0.8276124093473007 -2.4268010475423005 6.66069379532635 0.859332352941176 0.019544762288476864 0.15988331990330334 0.454730620467365 0.023906796937953084
0.5 7.090269 3634.768349085059 -0.971849386688116 4.304694952744822 0.8243050472551777 -2.486605710838531 6.662308867886588 0.8652350894832096 0.021985702795093574 0.16607912728735183 0.4545845566056706 0.026447247134526508
0.5 7.102324 3632.3442589985925 -0.9807377170051615 4.311967223004223 0.8170327769957768 -2.608052624170526 6.665540988001878 0.8771131309068978 0.024975413901736163 0.17213935250351925 0.4544229505999062 0.02945311884174555
0.5 7.114401 3630.6134420096205 -0.9889327899518974 4.318932789951898 0.8104537680384821 -2.736308671833244 6.668773115980759 0.8891605291288082 0.02683026456440405 0.17499918492784605 0.45432268840192414 0.03128093666488508
0.5 7.120449 3629.805655595572 -0.993068894224356 4.322874549819928 0.8071254501800724 -2.801291716686668 6.670388688808857 0.8951575830332127 0.029449819927971046 0.18016359877284224 0.45417084833933574 0.03386690476190462
0.5 7.132567 3628.189275710284 -1.001958983593437 4.330148259303722 0.7998517406962787 -2.935127971188472 6.673621448579432 0.9072804321728688 0.03235930372148852 0.18485110044017597 0.45392839135654267 0.03675214285714278
0.5 7.144711 3626.572720021271 -1.0101363998936452 4.338136399893646 0.7932908800850839 -3.071332438181334 6.676854559957458 0.9194473278383407 0.03428093592129748 0.18700640787024722 0.4537718160063813 0.038584025525126256
0.5 7.150796 3625.7641985138002 -1.0141790074309975 4.342061106687898 0.7899388933121021 -3.141404233014858 6.678471602972399 0.9256038813694264 0.03683623274946914 0.19104234341825893 0.45356462977707007 0.04100793657112519
0.5 7.162985 3624.146762208068 -1.0222661889596603 4.349339570063694 0.7826604299363058 -3.2861647823779188 6.681706475583865 0.9379772691082803 0.039828489915074296 0.1947624469214437 0.45332201433121017 0.04380610138004245
0.5 7.169089 3622.6762018275726 -1.0263094954310683 4.353309495431069 0.7793524036551454 -3.3582090186730165 6.683323798172427 0.9441304330552239 0.04254902661899057 0.19854187524831107 0.45303524036551457 0.04633031386571288
0.5 7.181315 3620.860480464625 -1.0345347148891233 4.360395195353749 0.7728838437170013 -3.5080226636747582 6.686418558606125 0.9566625527983101 0.04431622228088693 0.19971622228088692 0.4528441921858501 0.04794878563885948
0.5 7.193567 3620.051874340021 -1.0434293822597673 4.368481256599789 0.7664149947201693 -3.6617386879619778 6.688844376979937 0.969195947729672 0.04730806494192171 0.2027080649419217 0.4525207497360085 0.05066570221752891
0.5 7.199706 3619.294729907773 -1.047526350461133 4.371821080368907 0.7624736495388671 -3.7388827667984166 6.690410540184453 0.97557163372859 0.05010949934123839 0.20607371541501965 0.45221789196310935 0.05320970750988134
0.5 7.212006 3617.6769069187344 -1.0556154654063277 4.3794539188656945 0.7557076276749379 -3.8960454837862604 6.693646186162531 0.9882685899960609 0.055481567546277935 0.21205233031377174 0.45161922672968363 0.058046641722462794
0.5 7.224347 3616.0567152422213 -1.0637164237888934 4.386744781410004 0.7492268609688854 -4.060251910200867 6.6968865695155575 1.0011491138243402 0.05839791256400158 0.21432059866089012 0.4512141788105553 0.06068755415517921
0.5 7.230531 3615.246429975108 -1.0677678501244596 4.39076785012446 0.7459857199004323 -4.142035215511595 6.6985071400497835 1.0076285601991355 0.06128820909210011 0.2171882090921001 0.450823214987554 0.06323663828114766
0.5 7.242929 3613.8125571074274 -1.0758744289257278 4.398686986033155 0.7395004568594178 -4.310944263151026 6.701749771570291 1.020636574859679 0.06358707740503855 0.21807461166949488 0.4505125571074272 0.06521713222816869
0.5 7.249142 3613.407061741287 -1.07992938258713 4.402336444328417 0.7362564939302962 -4.396057740503853 6.703371753034852 1.0272055997911502 0.06658774311447599 0.2208319801592482 0.450107061741287 0.06782852238611153
0.5 7.261598 3612.190128923037 -1.0880493553848158 4.410049355384816 0.7297605156921473 -4.569451998958201 6.705809871076964 1.0404409428310981 0.0696 0.22254716759994786 0.4497 0.07041760515692147
0.5 7.274086 3611.5671854734114 -1.0961640726329438 4.417164072632944 0.724268741893645 -4.7437170946822205 6.708865629053178 1.0537923605706867 0.0749014137483784 0.22665516212710737 0.4488403112840468 0.07496552983138752
0.5 7.280342 3610.7557717250324 -1.100221141374838 4.421221141374838 0.7210230869001297 -4.831674345006483 6.710488456549935 1.0605270946822307 0.07790364461737997 0.2290082619974059 0.4483534630350195 0.07752554020752264
0.5 7.292874 3610.0 -1.1083369987063394 4.428469598965072 0.7145304010349285 -5.009447671410098 6.713734799482536 1.0739994178525232 0.0807 0.23007238033635177 0.4479 0.07985795601552394
0.5 7.299152 3609.3217559715945 -1.1123912201420276 4.432391220142028 0.7112870238863779 -5.098435545513244 6.715356488056811 1.0807972498386063 0.08314167850225984 0.23166343447385435 0.4474252291801161 0.0819661213686252
0.5 7.311731 3607.850350189552 -1.1204964981044783 4.4403468482940305 0.7049524513268651 -5.27292716057315 6.718448949431344 1.0945440467776133 0.08855370429865699 0.23524964981044785 0.4464952451326865 0.08653194242755247
0.5 7.324338 3607.040287862237 -1.1285971213776267 4.4476374092398645 0.6992820150356613 -5.441420124654633 6.720879136413288 1.1083151063419652 0.09155093490972184 0.23605971213776267 0.44592820150356616 0.08897833065604323
0.5 7.330655 3607.0 -1.1326450992953236 4.451645099295324 0.696083920563741 -5.527221909032674 6.72245803971813 1.1152695707879565 0.09439737347853949 0.2377038436899424 0.4453896860986547 0.09133080076873808
0.5 7.34331 3606.824521862322 -1.1407547813767789 4.458754781376778 0.6897716530362548 -5.701964807778992 6.725701912550711 1.1293357717818275 0.09974926910940816 0.24062283469637452 0.4442596174898577 0.09572766050614977
0.5 7.349649 3606.416317856913 -1.1448368214308715 4.462836821430871 0.6869142249983899 -5.7914431257647045 6.727334728572348 1.1363977010754078 0.10125962392942248 0.240908577500161 0.44393305428553026 0.09693186232210711
0.5 7.362351 3605.191889090438 -1.1522324436382483 4.470232443638248 0.6807675563617518 -5.970541655869397 6.730616221819124 1.15063056491319 0.10579001036537965 0.24281622181912413 0.4429535112723504 0.10061665716506868
0.5 7.375074 3605.0 -1.1603211021154345 4.4783211021154345 0.6746073387307393 -6.154796356751103 6.732928440846174 1.164938717680856 0.11181761556542152 0.2459820188038651 0.4416286236615305 0.10559266126926069
0.5 7.381444 3604.8511099435177 -1.164340010508341 4.482340010508341 0.6719577696046237 -6.2483787140417695 6.734595560225929 1.1721757979771443 0.1143508932089846 0.2470446670169447 0.44106599894916587 0.10761689215815051
0.5 7.394196 3604.013595166163 -1.171877643504532 4.489877643504532 0.6660951661631419 -6.4417608761329355 6.737945619335348 1.1866648036253782 0.11744969788519646 0.24729592145015106 0.44031223564954686 0.10996193353474328
0.5 7.400581 3604.0 -1.1760800422665434 4.493264033813235 0.6627359661867653 -6.538088165367849 6.739632016906618 1.1939176726984546 0.12051923127724205 0.24868721437062472 0.4395655923920222 0.11244802535992598
0.5 7.413365 3604.0 -1.1833077230625706 4.50130772306257 0.6572051042846673 -6.7334187445858555 6.742769241020857 1.208635956553608 0.12584873059239013 0.25072564136736186 0.43824358632638105 0.11661795828613308
0.5 7.419769 3604.0 -1.1871483307789696 4.50514833077897 0.6542179649496903 -6.832805137602446 6.74404944359299 1.2160184580529083 0.12742764709802082 0.250768314786433 0.43781685213567006 0.11781281402012388
0.5 7.432604 3603.0 -1.1953305563020697 4.51233055630207 0.6487520827734478 -7.03666793872616 6.7471652781510345 1.2308189599570016 0.1325057645794145 0.25242395861327616 0.4364173609244826 0.12193965331900054
0.5 7.439037 3603.0 -1.1987882289707068 4.515788228970707 0.6461588282719699 -7.138842166084387 6.748894114485353 1.2383393980112871 0.1357041117979038 0.2537205858640151 0.4355529427573233 0.12444646600376243
0.5 7.451926 3602.1561993517016 -1.206594205834684 4.5235942058346845 0.6400933954619125 -7.344996373581848 6.752375202593193 1.2533977512155592 0.1412159440842788 0.2554876012965965 0.43406553889789307 0.12865024311183146
0.5 7.464849 3602.0 -1.2147682602468801 4.53098929277774 0.63467380481484 -7.5543499488508505 6.75488413012344 1.268523862783878 0.14645774398144998 0.256896787833322 0.432513728432108 0.13270409193207397
0.5 7.471325 3602.0 -1.218301507194981 4.534964195594354 0.6320238696037644 -7.659552376730553 6.756650753597491 1.276164509309146 0.1497701629952945 0.258089258678306 0.4315420855213803 0.13530986155629834
0.5 7.484301 3602.0 -1.2264044016506193 4.542404401650619 0.6266966987620355 -7.872100618982128 6.760101100412655 1.291579573590097 0.15279539202200865 0.25771231086657514 0.43055845942228327 0.13748418156808834
0.5 7.490802 3602.0 -1.2299812929848697 4.5459812929848695 0.6240140302613477 -7.978244869326006 6.760995323246218 1.2993593122420917 0.15717708390646531 0.25959017881705654 0.4293065474552956 0.14088222833562616
0.5 7.503829 3602.0 -1.2371839104291933 4.554081899232842 0.618612067178105 -8.191892743105948 6.7645919552145966 1.3149352063031305 0.1616001451378809 0.2601387932821895 0.4277734190337964 0.144132759693137
0.5 7.510355 3602.0 -1.2408059452701763 4.557805945270176 0.6158955410473678 -8.295858994304762 6.766402972635088 1.322732782330879 0.16553728295596598 0.26167312126684256 0.42654777052368387 0.14716564800666748
0.5 7.523432 3602.0 -1.2480990764063808 4.565099076406381 0.6104256926952143 -8.498414147774971 6.769787153652393 1.3385392527287987 0.1682856842989083 0.2608311922753988 0.4254539462636441 0.1490445843828714
0.5 7.529983 3602.0 -1.251766022949902 4.568766022949902 0.6076754827875736 -8.596092436328012 6.771162258606213 1.3464690246291628 0.1705316890568149 0.26106037643436886 0.4246747201231459 0.15069471032745585
0.5 7.543113 3603.0 -1.259142776483873 4.576142776483874 0.6031429176370953 -8.779826783823836 6.774428541181452 1.362385538852424 0.17759995059637224 0.26315713882419367 0.4222428752911286 0.15599996471169444
0.5 7.54969 3603.0 -1.262856235443574 4.579856235443574 0.6003578234173196 -8.862126318018205 6.77582108829134 1.3704623120897732 0.17987444420918897 0.2633428117721787 0.4214073470251959 0.15762460300656356
0.5 7.562868 3603.0785622957806 -1.270235686887342 4.587314249183122 0.595764313112658 -9.016695766444096 6.779157124591562 1.3865834919732916 0.18695925557607618 0.2653628498366245 0.4188057252450632 0.16288854950987358
0.5 7.574057 3604.3352102637205 -1.2756816821097647 4.593346471846044 0.5913239486813969 -9.127714233784749 6.782340841054882 1.4003991375623666 0.19221238774055602 0.26656929436920884 0.41682845331432644 0.166742530292231
0.5 7.583352 3604.9977191732005 -1.2809817533856023 4.597984034212402 0.5880114041339985 -9.215099158945119 6.7849908766928015 1.4118605416963648 0.19658494654312186 0.2674968068424804 0.4151059301496793 0.1699888239486814
0.5 7.591318 3605.067767408471 -1.2844743718592968 4.602542139267768 0.5846611629576451 -9.283113754486724 6.786271069633884 1.4216723761665477 0.19723023689877994 0.26621007896626 0.4146560373295045 0.1701743718592967
0.5 7.601487 3605.7977745872217 -1.2895844221105526 4.608382196697775 0.5810111270638909 -9.362976539842066 6.789191098348887 1.4343015003589372 0.2040193036611628 0.2684731012203876 0.4120280114860015 0.17528442211055265
0.5 7.610113 3606.8367905502737 -1.2943471622010947 4.612510371650822 0.5774896283491789 -9.424178118697782 6.7916735811005475 1.445080077787381 0.2059 0.2677611351195621 0.4111326418899453 0.17636528377989055
0.5 7.619907 3607.6257495845675 -1.2993802470919733 4.618005996676541 0.5744970016617295 -9.484300390145224 6.793877248753703 1.4573254678130199 0.21171947113647888 0.2693772487537029 0.40872215157864306 0.1806176721335166
0.5 7.630201 3608.741052021446 -1.3042231560643385 4.623964208085785 0.5707768439356615 -9.542081451963483 6.796482104042892 1.4701730473844368 0.2152 0.2693884219678308 0.4071517895957108 0.18297768439356615
0.5 7.640556 3609.622403021938 -1.3087344181316287 4.629356821153567 0.5668879848903093 -9.587274894668022 6.799489612087752 1.4831675722795294 0.21812529420310917 0.2689377596978062 0.40573071335173616 0.18482944936800816
0.5 7.64936 3610.525120139799 -1.313100480559196 4.633575360419397 0.563949759720402 -9.621440323285276 6.801525120139799 1.4942685452162512 0.22231555264307537 0.2696351681957186 0.403849759720402 0.18773289646133667
0.5 7.659376 3611.98483743986 -1.31795451231958 4.63893934975944 0.5610303251202801 -9.65525126111678 6.8039696748797205 1.5068696019827958 0.22912873596734196 0.27177725615979 0.40093032512028 0.19264844729552397
0.5 7.669919 3612.7624716967352 -1.3225748301804106 4.644337301877146 0.5571876415163246 -9.682134015046381 6.80704988678694 1.520190760353517 0.2327073698049814 0.27172375283032646 0.3990700679278358 0.19498741509020528
0.5 7.679717 3613.9577176298462 -1.3268731528895392 4.648873152889539 0.5540845647403072 -9.704861536210682 6.8099154352596925 1.5325363716166793 0.23763087051938578 0.2726577176298464 0.39668033650329176 0.1984773811265547
0.5 7.689565 3615.3997657050813 -1.3311992971152438 4.653899179967785 0.5512004685898375 -9.721387340752672 6.812099648557622 1.545007973348953 0.2406695196954166 0.2722800702884756 0.39506025772441056 0.20034970713135158
0.5 7.69925 3616.8187014509745 -1.335456104352924 4.659274805803899 0.5483625970980507 -9.737778806976404 6.814637402901949 1.5573227026234797 0.24517480580389872 0.2729187014509747 0.39276259709805067 0.20339236406272912
0.5 7.709159 3618.271274646339 -1.339178186615847 4.663813823939017 0.5448218133841531 -9.749180304918273 6.817542549292678 1.5698329619585132 0.2494595690097485 0.2734178186615847 0.39055665176280885 0.2062518580957267
0.5 7.719013 3620.4317548746517 -1.3431476323119778 4.668863509749304 0.5415682451253482 -9.76165877437326 6.820431754874652 1.5823281337047355 0.25550891364902517 0.27496016713091925 0.3874955431754874 0.21053509749303628
0.5 7.729013 3622.1814185228604 -1.3475442555685815 4.673544255568581 0.5386371629542791 -9.773596922626025 6.823362837045721 1.5949601992966 0.2604079718640093 0.2757362837045721 0.38486880128956624 0.21376748241500582
0.5 7.739224 3623.677159590044 -1.3513543191800879 4.678031478770132 0.5356456808199122 -9.785249560761347 6.826354319180088 1.607891288433382 0.26459604685212296 0.2760354319180088 0.3825165446559297 0.21641888726207906
0.5 7.749093 3625.68033326025 -1.35480055543375 4.68292077760725 0.5327595556529999 -9.7938491997369 6.82868033326025 1.6203339106921002 0.2686366220858001 0.27632404443470004 0.38015163341372493 0.21901639991230004
0.5 7.759024 3627.5705950991833 -1.3587117852975497 4.68771178529755 0.5298588098016336 -9.801738273045508 6.831141190198366 1.6328071178529755 0.27269766627771297 0.2766141190198367 0.37772998833138854 0.22157001166861146
0.5 7.769006 3629.535340314136 -1.3620471204188482 4.692070680628272 0.5274646596858639 -9.809831937172776 6.834047120418848 1.6453537958115183 0.2767659685863874 0.2769047120418848 0.3752599476439791 0.22409123036649214
0.5 7.779002 3631.951028687337 -1.3654265430310057 4.696426543031006 0.5250489713126629 -9.81801043175891 6.836951028687337 1.6578894233555497 0.28083144016227196 0.2771951028687337 0.37279162561576346 0.22660837438423653
0.5 7.78911 3633.9374367865917 -1.368874873573183 4.700812310359774 0.522125126426817 -9.823718566681116 6.839874873573183 1.670461956364687 0.28492482300245625 0.2774874873573183 0.3702126137841353 0.22909364253720557
0.5 7.798976 3636.711606180381 -1.3717116061803807 4.705067409270571 0.5199662953647144 -9.831831448077613 6.842711606180381 1.6826599065756374 0.2888962486525331 0.2777711606180381 0.3676595544376573 0.23150486525332367
0.5 7.809045 3638.798142857143 -1.374596285714286 4.709394428571429 0.5174037142857142 -9.83799442857143 6.845596285714286 1.6950640285714291 0.29293480000000016 0.2780596285714286 0.36506334285714276 0.233956842857143
0.5 7.819059 3641.4398269626267 -1.3780497837032835 4.713659740443941 0.5145601730373731 -9.846041472236012 6.8490497837032835 1.70723026026523 0.2986236366215165 0.2793809091553791 0.36146722927451935 0.23771575774767764
0.5 7.829017 3644.2548909218863 -1.380627445460943 4.7178823363828295 0.512372554539057 -9.85663524278677 6.852254890921886 1.7192960309641103 0.3036568472906406 0.28032548909218863 0.3582078536242082 0.24090391273750889
0.5 7.839033 3647.055795787418 -1.3830557957874179 4.721569744734273 0.5099442042125821 -9.866678546519736 6.855055795787418 1.7312885269912115 0.3075781141023851 0.28060557957874177 0.35544420421258205 0.24319603152461977
0.5 7.84897 3649.8202293768136 -1.3858202293768134 4.725230344065221 0.5075898853115933 -9.875565745474644 6.857820229376814 1.7430859748514569 0.31144832112753873 0.28088202293768133 0.3526797706231866 0.2454561835014507
0.5 7.858986 3652.576896693648 -1.3885768966936478 4.729365345040472 0.5054231033063522 -9.88200187954452 6.861365345040472 1.754801810948003 0.3131 0.2798173274797642 0.35126346549595283 0.24576924132254088
0.5 7.869011 3655.8763732537636 -1.3907258239522582 4.732876373253764 0.5032741760477417 -9.890466207785162 6.864301098603011 1.7663221415977217 0.318737691577377 0.28128335141733357 0.3473456598399565 0.2494543401600435
0.5 7.879364 3659.0954868086246 -1.3925477434043123 4.7366432302129375 0.5009045131913755 -9.899979429489754 6.867643230212937 1.778101044596223 0.3229 0.2817236105531004 0.3442809026382751 0.2518618052765502
0.5 7.890986 3663.231653924067 -1.3951389923544402 4.7402779847088805 0.49886100764555974 -9.910595739397504 6.871231653924068 1.7910690910279026 0.3280270208455857 0.2826046330784814 0.3404193099392277 0.2549158269620336
0.5 7.901732 3666.742730183624 -1.3972456381101745 4.74449127622035 0.49675436188982547 -9.918109442592955 6.874742730183624 1.8027258642096322 0.3314678755799517 0.2826748546036725 0.33768067045677314 0.2566713650918121
0.5 7.912677 3670.736632390746 -1.3989122107969152 4.747824421593831 0.49508778920308477 -9.92745913881748 6.8778244215938305 1.8143801285347048 0.33525419023136266 0.282882442159383 0.334601915167095 0.25866831619537284
0.5 7.919654 3672.5980703313444 -1.3997990351656722 4.750397105497017 0.49340192966865537 -9.934012860225975 6.880397105497017 1.8216520883585128 0.33773729846388245 0.2831397105497017 0.33264212263552095 0.2599985527485084
0.5 7.933642 3677.6261029411767 -1.4015420343137255 4.754355085784314 0.49118694852941175 -9.947300765931372 6.884626102941176 1.8357091727941175 0.3426176960784314 0.28366261029411766 0.32852621936274506 0.2626130514705882
0.5 7.940643 3680.2 -1.4024 4.7565 0.48990000000000006 -9.95395 6.8872 1.8425299999999996 0.3450199999999999 0.28392 0.3265100000000001 0.2638999999999999
0.5 7.954667 3685.3603053435113 -1.4040900763358777 4.7602702290076335 0.48781984732824435 -9.971716946564884 6.891270229007634 1.8557935877862592 0.3525522137404579 0.28632702290076334 0.3205748091603054 0.26883511450381675
0.5 7.961691 3688.659894304169 -1.4049149735760422 4.762744920728127 0.4861700528479154 -9.981945672342924 6.893744920728127 1.8621452965355256 0.35486192601291844 0.2865744920728127 0.3185125660598943 0.2700724603640634
0.5 7.975766 3693.5781109107306 -1.4065260369702435 4.76657811091073 0.4844739630297565 -9.997554632551848 6.898578110910731 1.8741926735798018 0.3593729035166818 0.2871104147880974 0.3144849075743913 0.2724890554553652
0.5 7.982818 3695.9404316229907 -1.4073134772076634 4.768626954415327 0.483373045584673 -10.006548249284299 6.900940431622991 1.8799883836159434 0.36157773618145783 0.2874253908830654 0.3124849592600749 0.27367021581149525
0.5 7.98988 3698.32409584593 -1.4080462994065615 4.770185197626246 0.48190740118687714 -10.01492875937745 6.903277796439368 1.8856111521666108 0.363629638338372 0.2876537005934386 0.3105611017803157 0.274732409584593
0.5 8.004033 3703.8705632068077 -1.4088386518866869 4.7733546075467475 0.4803226962266263 -10.029111868771695 6.908031911320121 1.8960702049042664 0.36584822528272315 0.28686134811331315 0.30818404433993946 0.2752870563206808
0.5 8.01113 3706.4506137432604 -1.4094835379144202 4.77545061374326 0.4795164620855799 -10.035433119192382 6.91045061374326 1.9010045199036365 0.36765390616037624 0.2869417689572101 0.30649115521394976 0.27617366066307214
0.5 8.025363 3711.4090909090914 -1.4101363636363637 4.779272727272727 0.4768636363636362 -10.0484 6.914409090909091 1.9100818181818187 0.3722818181818185 0.2879954545454546 0.3022454545454542 0.2789318181818184
0.5 8.032498 3713.9428267045455 -1.4109809422348485 4.780961884469696 0.4760190577651515 -10.055832291666665 6.916942826704545 1.9143047111742424 0.37464663825757566 0.28858665956439394 0.300049550189394 0.28036760179924236
0.5 8.039644 3715.6800962116654 -1.4118400481058326 4.781840048105833 0.47515995189416727 -10.06398045700541 6.919520144317498 1.9181802164762471 0.37705213469633153 0.28927203848466615 0.297815874924835 0.2819120865904988
0.5 8.053988 3720.383268761659 -1.4124610895872196 4.785152723968049 0.47353891041278035 -10.076810312335581 6.923613813555269 1.9247904673076006 0.37879105084421505 0.28862276271105375 0.2958550581145069 0.2824299612569954
0.5 8.061181 3722.4475534509975 -1.4131491844836657 4.7868729612091645 0.47285081551633423 -10.084585784665423 6.92602214569283 1.9276116563830297 0.3807177165542641 0.28910442913856604 0.29399720189410244 0.2836685320705984
0.5 8.075616 3726.206926595513 -1.4146034632977564 4.790206926595513 0.47139653670224346 -10.098122511435417 6.93081038989327 1.932669004574167 0.3831 0.28897584404269216 0.29151896101067304 0.2849586146808974
0.5 8.082861 3727.4714809000525 -1.4154714809000524 4.791942961800105 0.4705285190999477 -10.104094662480376 6.932942961800105 1.9345015175300888 0.38442014652014644 0.28906577708006276 0.29017414965986404 0.2857901098901098
0.5 8.090124 3728.8550205597558 -1.4164275102798778 4.793427510279878 0.46957248972012205 -10.10982379625945 6.934855020559756 1.935998514391829 0.3859 0.28935799177609767 0.2887572489720122 0.28677174691603663
0.5 8.104706 3731.3847201416315 -1.4183847201416315 4.796384720141631 0.46761527985836854 -10.121762072722321 6.938769440283263 1.9381693040991421 0.3887 0.28993069590085796 0.28596152798583685 0.2888230559716737
0.5 8.112025 3732.1942575768085 -1.419582772730425 4.797582772730425 0.46680574242319167 -10.127075684860253 6.940777030307234 1.9387165545460852 0.3892439212150634 0.2896748318191275 0.2853755045426174 0.2891662181843401
0.5 8.119365 3732.7033081350996 -1.4211099244052987 4.799109924405299 0.46629669186490047 -10.132777051113116 6.942813232540399 1.9390219848810597 0.3906692627782788 0.2901329773215896 0.2840010680352312 0.29038793952423897
0.5 8.134104 3733.0 -1.4237288208665662 4.80248588057771 0.4645141194222892 -10.14324917007976 6.945728820866567 1.9387570597111445 0.3915 0.2895570597111446 0.2832 0.2911485880577711
0.5 8.141506 3733.0 -1.4253244233671047 4.80354961557807 0.46345038442193015 -10.147078616081052 6.947324423367105 1.938225192210965 0.3915 0.28902519221096507 0.2832 0.291254961557807
0.5 8.156373 3732.637274549098 -1.4280881763527056 4.806725450901804 0.4622745490981964 -10.153284168336674 6.949725450901804 1.936302004008016 0.39226172344689386 0.2887264529058116 0.28251082164328656 0.2922705410821644
0.5 8.163838 3732.083203443925 -1.4297503896682253 4.80783359311215 0.4611664068878497 -10.157384294514955 6.95083359311215 1.9350830475766347 0.3934252727677578 0.28922511690046765 0.2814580865434572 0.29360031173458034
0.5 8.171329 3731.0400843881857 -1.4319198312236288 4.809919831223628 0.461 -10.162223628691983 6.951959915611814 1.9336521097046413 0.3936 0.28901202531645565 0.28139599156118145 0.2940879746835443
0.5 8.186386 3728.7330850403473 -1.435533829919305 4.812266914959652 0.459 -10.169406021104903 6.953 1.930172936064556 0.3930394785847298 0.28811955307262554 0.2821605214152702 0.2944996275605213
0.5 8.193951 3727.3292145443097 -1.437894380607587 4.813447190303793 0.4587764048481033 -10.1675 6.953223595151897 1.9282174169683615 0.3915 0.28675528096962066 0.28374471903037934 0.2936012356367071
0.5 8.201545 3725.5362033684873 -1.4402850621753502 4.814642531087675 0.4581787344561625 -10.1675 6.953821265543837 1.9261255705965687 0.3915 0.2866357468912325 0.2838642531087675 0.29413913898945376
0.5 8.209166 3723.291826309068 -1.4418540868454661 4.815854086845466 0.45714591315453385 -10.16801245210728 6.954 1.9240480523627075 0.3915 0.2866 0.28407081736909323 0.2946416347381865
0.5 8.224492 3719.4920032976092 -1.4465079967023906 4.81833866446826 0.4558306677658698 -10.170554938169827 6.954 1.9193734707337182 0.39102586974443543 0.2862613355317396 0.2848910634789776 0.2954460016488047
0.5 8.2322 3717.5856553998346 -1.4484143446001652 4.819609563066777 0.45519521846661165 -10.16775896125309 6.954 1.9170223083264628 0.38924661170651254 0.2849904369332233 0.2867338664468263 0.29449282769991747
0.5 8.23994 3715.2030439872883 -1.4498984780063557 4.820898478006356 0.455 -10.165731978591737 6.954 1.9147725873891952 0.3887 0.2846898478006356 0.2874796956012711 0.2945593912025423
0.5 8.255523 3711.5029069767443 -1.453497093023256 4.822248546511628 0.454 -10.165781540697674 6.953751453488372 1.9103531976744186 0.3880040697674417 0.28442776162790684 0.2884959302325583 0.2951277616279068
0.5 8.263369 3709.661652586029 -1.4551691737069854 4.823 0.454 -10.163161281681434 6.953 1.908293983103235 0.3859 0.2830507521120956 0.2906338347413971 0.29380150422419127
0.5 8.271256 3708.0364722851846 -1.4559817638574077 4.823 0.454 -10.166817937358335 6.953 1.9063437667422216 0.3859 0.2832945291572223 0.2907963527714815 0.29428905831444463
0.5 8.279185 3706.635931726201 -1.457364068273799 4.823682034136899 0.4533179658631005 -10.171674238958296 6.9523179658631005 1.9044585078303713 0.3859 0.28343640682737986 0.2910046102410699 0.2947774238958296
0.5 8.295178 3703.198898778096 -1.4598674008146026 4.824 0.453 -10.172686189470507 6.952 1.9009856388595565 0.3832856388595564 0.2820060793483179 0.29371436114044364 0.2933193392668577
0.5 8.30325 3702.065480057165 -1.4604672599714175 4.824 0.453 -10.177833311679874 6.951532740028583 1.8994449460828893 0.3831 0.282086903988567 0.2939934519942835 0.2934803559828505
0.5 8.311377 3701.0096141353774 -1.4609951929323113 4.824 0.453 -10.183746160841887 6.951004807067688 1.897913940496297 0.3831 0.28229807717292454 0.29409903858646225 0.2937971157593868
0.5 8.319562 3700.087523905951 -1.4614562380470244 4.824 0.453 -10.183480633367083 6.950543761952975 1.8965312858589267 0.3818225334683317 0.28166126673416586 0.29533184272696583 0.2929787715153561
0.5 8.336125 3698.3245175825255 -1.462 4.824 0.453 -10.188098569889313 6.95 1.893853002252914 0.3803 0.2810688706043687 0.2968675482417475 0.2921688706043687
0.5 8.344514 3697.5027916544223 -1.462 4.824 0.453 -10.194179341757273 6.95 1.8925793270643547 0.3803 0.28127430208639437 0.29694972083455773 0.29237430208639437
0.5 8.352981 3696.7137951755517 -1.4621431024122242 4.823856897587776 0.453 -10.1979 6.949856897587776 1.8913420722808822 0.37989931324577214 0.28119965662288604 0.29737206627178303 0.29221379517555146
0.5 8.361531 3695.9798265945574 -1.4625100867027212 4.823489913297279 0.453 -10.1979 6.9494899132972785 1.890167722551292 0.3788717572323805 0.28068587861619027 0.29832622542707526 0.29147982659455746
0.5 8.370171 3695.2381320285003 -1.4628809339857498 4.82311906601425 0.453 -10.1979 6.94911906601425 1.8889810112456005 0.3778333848399005 0.28016669241995024 0.29929042836294956 0.2907381320285003
0.5 8.387747 3694.439360654496 -1.463 4.823 0.4535606393455041 -10.208103636088175 6.948439360654496 1.886805954094387 0.3775 0.28033638360730245 0.29971212786910084 0.2907242557382016
0.5 8.396696 3694.10040905992 -1.463 4.823 0.4538995909400803 -10.214272555109462 6.94810040905992 1.885721308991743 0.3775 0.28053975456404817 0.2997799181880161 0.29085983637603213
0.5 8.405768 3693.567580308438 -1.462783790154219 4.82278379015422 0.454 -10.2161 6.94778379015422 1.8846648865243452 0.3768946124318136 0.2803189272004849 0.30036214559903024 0.2904675803084383
0.5 8.41497 3692.9478752777964 -1.4624739376388982 4.8224739376388985 0.454 -10.2161 6.9474739376388985 1.883611387972254 0.3760270253889151 0.2799161189305677 0.30116776213886454 0.2898478752777965
0.5 8.424315 3692.3185399690215 -1.4621592699845107 4.822159269984511 0.454 -10.2161 6.947159269984511 1.8825415179473364 0.3751459559566301 0.279507050979864 0.30198589804027204 0.2892185399690215
0.5 8.433811 3691.856224923829 -1.462 4.821856224923828 0.45414377507617126 -10.219263051675767 6.946856224923828 1.8815111647410176 0.3747 0.27938626504570274 0.3024143775076171 0.2889575100304685
0.5 8.443476 3691.56466258409 -1.462 4.82156466258409 0.45443533741591 -10.22567742315002 6.94656466258409 1.880519852785906 0.3747 0.27956120244954596 0.302443533741591 0.28907413496636397
0.5 8.45332 3691.2677003831186 -1.462 4.821267700383118 0.45473229961688133 -10.23221059157139 6.946267700383118 1.8795101813026034 0.3747 0.2797393797701288 0.30247322996168813 0.28919291984675255
0.5 8.463358 3690.936571942348 -1.462 4.8209682859711736 0.455 -10.238807222842818 6.946 1.8784858294962266 0.3747 0.27991902841729555 0.30250634280576516 0.2893126856115304
0.5 8.473605 3690.3781979674686 -1.462 4.820689098983734 0.455 -10.245033092662725 6.946 1.8774807563414435 0.3747 0.2800865406097594 0.30256218020325315 0.28942436040650626
0.5 8.484082 3689.8072909571424 -1.462 4.820403645478572 0.455 -10.251398705827862 6.946 1.8764531237228563 0.3747 0.28025781271285727 0.30261927090428575 0.2895385418085715
0.5 8.49481 3689.222706590742 -1.462 4.820111353295371 0.455 -10.257916821513229 6.946 1.8754008718633355 0.3747 0.28043318802277745 0.30267772934092585 0.2896554586818516
0.5 8.505806 3688.8285863146925 -1.462 4.819828586314693 0.4551714136853074 -10.26012573810351 6.9458285863146925 1.8743829107328933 0.37422004168113926 0.28027716220910043 0.3031285342132685 0.2893571726293852
0.5 8.517106 3688.5482310326006 -1.462 4.8195482310326 0.4554517689673994 -10.259677169652162 6.945548231032601 1.8733736317173622 0.37343504689128165 0.2799127003423808 0.30382942241849853 0.2887964620652012
0.5 8.52873 3688.2598372450752 -1.462 4.819259837245076 0.45574016275492485 -10.25921573959212 6.945259837245075 1.8723354140822706 0.37262754428621053 0.2795377884185978 0.30455040688731205 0.2882196744901504
0.5 8.540717 3687.9204121326816 -1.462 4.818960206066341 0.456 -10.259703322294065 6.944960206066341 1.8712567418388266 0.3719 0.2792238763601956 0.3052079587867319 0.2877159175734637
0.5 8.553118 3687.2685170582977 -1.462 4.818634258529149 0.456 -10.267102331388319 6.944634258529149 1.870083330704936 0.3719 0.27941944488251064 0.30527314829417024 0.28784629658834043
0.5 8.565988 3686.5919676181466 -1.462 4.818295983809073 0.456 -10.274781167534037 6.944295983809074 1.8688655417126634 0.3719 0.27962240971455604 0.30534080323818535 0.2879816064763707
0.5 8.579052 3685.9484577341987 -1.4619484577341986 4.818 0.45605154226580147 -10.282551462222349 6.943948457734199 1.8676402189760155 0.3719 0.27982577113290075 0.3054103084531603 0.2881206169063206
0.5 8.591956 3685.579571767531 -1.461579571767531 4.818 0.45642042823246903 -10.290076735942367 6.943579571767531 1.866496672479346 0.3719 0.2800102141162345 0.3054840856464938 0.2882681712929876
0.5 8.604698 3685.2153168863097 -1.4612153168863098 4.818 0.4567846831136903 -10.297507535519282 6.9432153168863096 1.8653674823475601 0.3719 0.28019234155684514 0.30555693662273803 0.2884138732454761
0.5 8.617271 3684.84427419604 -1.461 4.817844274196039 0.457 -10.299766556485743 6.943 1.8642951129097032 0.37146396774891105 0.28009755645485157 0.3059737419295048 0.28815740323128725
0.5 8.629671 3684.461215285286 -1.461 4.817461215285286 0.457 -10.29451864940842 6.943 1.8632991597417443 0.3703914027988014 0.2795995798708721 0.30689308331531306 0.28731467362762964
0.5 8.641893 3684.083655123413 -1.461 4.817083655123413 0.457 -10.289346075190757 6.943 1.8623175033208736 0.36933423434555623 0.27910875166043686 0.30779922770380896 0.28648404127150845
0.5 8.653935 3683.6901576763485 -1.461 4.816690157676349 0.457 -10.293808146058092 6.942690157676348 1.861449331120332 0.3691 0.27909295269709544 0.30803098423236513 0.28639295269709547
0.5 8.665794 3683.296497925311 -1.461 4.816296497925311 0.457 -10.300933387551867 6.9422964979253114 1.8606226456431536 0.3691 0.27921105062240664 0.30807035020746887 0.28651105062240667
0.5 8.677466 3682.902733404331 -1.461 4.816 0.457 -10.307778452254173 6.942 1.8598249201277957 0.3691 0.27933890663826766 0.30810972665956693 0.28661945331913385
0.5 8.688953 3682.494959176429 -1.461 4.816 0.457 -10.313976620518282 6.942 1.859090926517572 0.3691 0.27950201632942845 0.3081505040823571 0.2867010081647142
0.5 8.700252 3682.093858714945 -1.461 4.816 0.457 -10.320073347532837 6.942 1.858368945686901 0.3691 0.279662456514022 0.30819061412850546 0.286781228257011
0.5 8.711363 3682.0 -1.461 4.815679934981477 0.45732006501852274 -10.325628838738943 6.941679934981478 1.857847928479625 0.3691 0.2797640130037045 0.3082320065018523 0.28683200650185225
0.5 8.722287 3682.0 -1.461 4.81526699175928 0.4577330082407197 -10.330955806305285 6.941266991759281 1.8573936909352082 0.3691 0.27984660164814396 0.308273300824072 0.286873300824072
0.5 8.733023 3682.0 -1.460852697012232 4.815 0.458 -10.336079254060557 6.941 1.8569674273110086 0.3691 0.27992946059755364 0.3083 0.2869147302987768
0.5 8.743576 3682.0 -1.460429476639262 4.815 0.458 -10.340903966312412 6.941 1.8565865289753358 0.3691 0.2800141046721476 0.3083 0.28695705233607377
0.5 8.753944 3682.0 -1.4600136755564468 4.815 0.458 -10.345644098656509 6.941 1.8562123080008022 0.3691 0.2800972648887107 0.3083 0.2869986324443553
0.5 8.764131 3681.5824427480916 -1.46 4.815 0.458 -10.334150152671755 6.941 1.8558241984732824 0.36793083969465634 0.27943190839694654 0.3092603816793894 0.2860396183206106
0.5 8.774138 3681.1580576759966 -1.46 4.815 0.458 -10.322309809160304 6.941 1.8554422519083968 0.36674256149279044 0.27875289228159456 0.3102364673452078 0.2850635326547922
0.5 8.785851 3681.0 -1.46 4.8146429401770545 0.458 -10.322470365733702 6.940642940177055 1.8550143521416436 0.3663 0.2785714119645891 0.3106 0.28473570598229453
0.5 8.7995 3681.0 -1.46 4.814032683537512 0.458 -10.330281650719844 6.940032683537512 1.8545261468300098 0.3663 0.27869346329249756 0.3106 0.28479673164624875
0.5 8.815334 3681.0 -1.46 4.814 0.458 -10.337374260730572 6.94 1.8538609750364345 0.3663 0.27884200554745897 0.31067100277372944 0.28487100277372945
0.5 8.833602 3681.0 -1.46 4.814 0.45859673521724126 -10.345231922868274 6.94 1.8535403264782757 0.3663 0.2789596735217241 0.3107 0.2849
0.5 8.853335 3680.4034689242208 -1.4594034689242206 4.81340346892422 0.459 -10.352816064422878 6.939403468924221 1.853380693784844 0.3663 0.27905965310757797 0.3107 0.2849
0.5 8.872209 3680.0 -1.459 4.813 0.459 -10.359118047991373 6.939 1.8530614882717713 0.3663 0.2791596279320572 0.3107 0.28495962793205715
0.5 8.890297 3680.0 -1.459 4.813 0.459 -10.364480320494799 6.939 1.852661574360416 0.3663 0.279259606409896 0.31075960640989597 0.285
0.5 8.907662 3680.0 -1.459 4.813 0.459 -10.368943201638864 6.939 1.852261638864501 0.3663 0.2794191805677495 0.3108 0.28505959028387473
0.5 8.924359 3680.0 -1.459 4.812404282498935 0.459 -10.3724467242533 6.939 1.8522191435002129 0.3663 0.2795 0.3108 0.28504042824989356
0.5 8.940438 3680.0 -1.459 4.812 0.459 -10.375546221352357 6.939 1.8523 0.3663 0.27955955552749545 0.3108 0.285
0.5 8.955943 3680.0 -1.458404593639576 4.812 0.459595406360424 -10.377990812720848 6.938404593639576 1.8521809187279152 0.3663 0.2796595406360424 0.3108 0.2850595406360424
0.5 8.970913 3680.0 -1.458 4.812 0.46 -10.379454769001489 6.938 1.8523380978187238 0.3663 0.2797 0.3108 0.2850404755453191
0.5 8.985385 3680.0 -1.458 4.812 0.46 -10.381149821391048 6.938 1.8526190306086714 0.3663 0.2797595153043356 0.3108 0.285
0.5 8.999389 3680.0 -1.458 4.811405006511359 0.46 -10.38259499348864 6.938 1.852640500651136 0.3663 0.2798594993488641 0.3108 0.285
0.5 9.012955 3680.0 -1.458 4.811 0.46 -10.3835947600209 6.938 1.85242157199373 0.3663 0.27995947600209004 0.3108 0.285
0.5 9.026112 3680.0 -1.4574053554939983 4.811 0.46 -10.384654108956601 6.937405355493998 1.8524783933518005 0.3663 0.28 0.3108 0.285
0.5 9.038882 3680.0 -1.457 4.811 0.46 -10.3851 6.937 1.8528973444312327 0.3663 0.28005946888624655 0.3108 0.285
0.5 9.051288 3680.0 -1.457 4.811 0.46 -10.385754240743761 6.937 1.853159476431251 0.3663 0.2801 0.3108 0.285
0.5 9.063348 3680.0 -1.457 4.81040536687631 0.46 -10.3862 6.937 1.8533189266247379 0.3663 0.28015946331236896 0.3108 0.28494053668763103
0.5 9.07508 3680.0 -1.457 4.81 0.46 -10.3862 6.9364057034548114 1.8535782889635564 0.3663 0.2802 0.3108 0.2849
0.5 9.086506 3680.0 -1.4564057855626327 4.81 0.4605942144373673 -10.3862 6.936 1.8538188428874736 0.3663 0.2802594214437367 0.3108 0.2849
0.5 9.097639 3680.0 -1.456 4.81 0.461 -10.38679411871483 6.936 1.853959411871483 0.3663 0.280359411871483 0.3108 0.2849
0.5 9.108494 3680.0 -1.456 4.81 0.461 -10.3872 6.936 1.854 0.3663 0.2804 0.3108 0.2849
0.5 9.119084 3680.0 -1.456 4.809405779134083 0.461 -10.3872 6.936 1.854 0.3663 0.2804594220865917 0.3108 0.2849
0.5 9.129419 3680.0 -1.456 4.809 0.461 -10.364930025395585 6.935406134010549 1.8540593865989452 0.364637175229537 0.27949042781793315 0.3121065051767924 0.2834747216253174
0.5 9.139517 3680.0 -1.456 4.809 0.461 -10.35320354893532 6.935 1.8540406178146558 0.3635 0.2788 0.313 0.2825
0.5 9.149385 3679.406259588831 -1.456 4.809 0.461 -10.35791558760356 6.935 1.854059374041117 0.3635 0.2788593740411169 0.313 0.2825593740411169
0.5 9.159035 3679.0 -1.4554060669456068 4.809 0.461 -10.36128179916318 6.935 1.8541 0.3635 0.27895939330543934 0.313 0.2826
0.5 9.168474 3679.0 -1.455 4.809 0.461 -10.36428185121847 6.935 1.853981209918769 0.3635 0.279 0.31305939504061564 0.2826
0.5 9.17771 3679.0 -1.455 4.8084063762419476 0.461 -10.367340233649962 6.934406376241948 1.8538406376241947 0.3635 0.27905936237580525 0.3131 0.2826
0.5 9.186756 3679.0 -1.455 4.808 0.461 -10.36978706800446 6.934 1.853740646599777 0.3635 0.27915935340022296 0.3131 0.2826
0.5 9.195617 3679.0 -1.455 4.808 0.4615934228493401 -10.371193422849341 6.934 1.853640657715066 0.3635 0.2792 0.3131 0.2826
0.5 9.204302 3679.0 -1.455 4.808 0.462 -10.372193659273023 6.934 1.8535406340726976 0.3635 0.27925936592730227 0.3131 0.2826
0.5 9.212816 3679.0 -1.455 4.808 0.462 -10.373253072096603 6.934 1.8534406298093997 0.3635 0.2793 0.3131 0.2826
0.5 9.221166 3679.0 -1.4544063971031984 4.808 0.462 -10.374293602896802 6.934 1.8535187205793602 0.3635 0.2793593602896801 0.3131 0.2826
0.5 9.229357 3679.0 -1.454 4.808 0.462 -10.375293357933579 6.934 1.8537186715867158 0.3635 0.2794 0.3131 0.2826
0.5 9.237398 3679.0 -1.454 4.807406715950382 0.462 -10.3757 6.934 1.8538593284049618 0.3635 0.2794593284049618 0.3131 0.2826
0.5 9.245293 3679.0 -1.454 4.807 0.462 -10.376352782741893 6.933406561143732 1.8539593438856268 0.3635 0.2795 0.3131 0.2826
0.5 9.253047 3679.0 -1.454 4.807 0.462 -10.3768 6.933 1.854059353078722 0.3635 0.27955935307872176 0.3131 0.2826
0.5 9.260665 3679.0 -1.454 4.807 0.462 -10.3768 6.933 1.8541 0.3635 0.2796 0.3131 0.2826
0.5 9.26815 3679.0 -1.454 4.807 0.462 -10.3768 6.933 1.8541 0.3635 0.2796593140551446 0.3131 0.2826
0.5 9.275509 3679.0 -1.454 4.807 0.462 -10.377392967574224 6.933 1.8541 0.3635 0.2797 0.3131 0.2826
0.5 9.282747 3679.0 -1.4534069282136894 4.807 0.462 -10.3778 6.933 1.8541 0.3635 0.27975930717863107 0.3131 0.2826
0.5 9.289865 3679.0 -1.453 4.807 0.462 -10.3778 6.933 1.8541593153204132 0.3635 0.2798 0.3131 0.2826
0.5 9.296869 3679.0 -1.453 4.80640672607071 0.462 -10.3778 6.933 1.8542 0.3635 0.2798 0.3131 0.2826
0.5 9.30376 3679.0 -1.453 4.806 0.462 -10.3778 6.933 1.8542593019859814 0.3635 0.2798593019859813 0.3131 0.2826
0.5 9.310545 3679.0 -1.453 4.806 0.46259299911005636 -10.3778 6.933 1.8543 0.3635 0.2799 0.3131 0.2826
0.5 9.317225 3679.0 -1.453 4.806 0.463 -10.3778 6.933 1.8543 0.3635 0.2799592860370538 0.3131 0.2826
0.5 9.323805 3679.0 -1.453 4.806 0.463 -10.3778 6.933 1.8543593085513232 0.3635 0.28 0.3131 0.2826
0.5 9.330286 3679.0 -1.453 4.806 0.463 -10.3778 6.932406861223223 1.8544 0.3635 0.28 0.3131 0.2826
0.5 9.33667 3679.0 -1.453 4.806 0.463 -10.3778 6.932 1.8544592785129175 0.3635 0.28005927851291745 0.3131 0.2826
0.5 9.342963 3679.0 -1.4524072890025577 4.806 0.463 -10.3778 6.932 1.8545592710997443 0.3635 0.2801 0.3131 0.2826
0.5 9.349167 3679.0 -1.452 4.806 0.463 -10.3778 6.932 1.8546 0.3635 0.2801 0.3131 0.28254071671801523
0.5 9.355283 3679.0 -1.452 4.805407072368421 0.463 -10.3778 6.932 1.854659292763158 0.3635 0.2801592927631579 0.3131 0.2825
0.5 9.361314 3679.0 -1.452 4.805 0.463 -10.3778 6.932 1.8547 0.3635 0.2802 0.3131 0.2825
0.5 9.367263 3679.0 -1.452 4.805 0.463 -10.377206931530008 6.932 1.8547593068469992 0.3635 0.2802 0.3131 0.2825
0.5 9.373129 3679.0 -1.452 4.805 0.463 -10.3768 6.932 1.854859270047978 0.3635 0.2802 0.3131 0.2825
0.5 9.378919 3679.0 -1.452 4.805 0.463 -10.3768 6.932 1.8549 0.3635 0.28025926376106963 0.3131 0.2825
0.5 9.384633 3679.0 -1.452 4.805 0.463 -10.3768 6.932 1.8549592853370884 0.3635 0.2803 0.3131 0.2825
0.5 9.390273 3679.0 -1.452 4.805 0.463 -10.3768 6.932 1.855059304812834 0.3635 0.2803 0.3131 0.2825
0.5 9.39584 3679.0 -1.451407113197328 4.805 0.463 -10.3768 6.932 1.8551592886802672 0.3635 0.28035928868026716 0.3131 0.2825
0.5 9.401335 3679.0 -1.451 4.805 0.463 -10.3768 6.932 1.8552 0.3635 0.2804 0.3131 0.2824407461594733
0.5 9.406763 3679.0 -1.451 4.804407517126458 0.463 -10.3768 6.932 1.8552592482873542 0.3635 0.2804 0.3131 0.2824
0.5 9.412124 3679.0 -1.451 4.804 0.46359264816204065 -10.3768 6.932 1.855359264816204 0.3635 0.2804 0.3131 0.2824
0.5 9.41742 3679.0 -1.451 4.804 0.464 -10.3768 6.932 1.8554592789373814 0.3635 0.28045927893738143 0.3131 0.2824
0.5 9.422652 3679.0 -1.451 4.804 0.464 -10.3768 6.932 1.8555592777564347 0.3635 0.2805 0.3131 0.2824
0.5 9.42782 3679.0 -1.451 4.804 0.464 -10.37614833819242 6.932 1.8556 0.3635 0.2805 0.3131 0.2824
0.5 9.432929 3679.0 -1.451 4.804 0.464 -10.3757 6.932 1.855659244689221 0.3635 0.2805 0.3131 0.2824
0.5 9.437979 3679.0 -1.451 4.804 0.464 -10.3757 6.932 1.855759251890171 0.3635 0.2805592518901711 0.3131 0.2824
0.5 9.44297 3679.0 -1.451 4.804 0.464 -10.3757 6.932 1.855859251056976 0.3635 0.2806 0.3131 0.2824
0.5 9.447905 3679.0 -1.4504073697068403 4.804 0.464 -10.3757 6.932 1.855959263029316 0.3635 0.2806 0.3131 0.282340736970684
0.5 9.452783 3679.0 -1.45 4.804 0.464 -10.3757 6.932 1.8560592340951205 0.3635 0.2806 0.3131 0.2823
0.5 9.46238 3679.0 -1.45 4.803407703641339 0.464 -10.3757 6.931 1.8562592296358662 0.3635 0.2807 0.3131 0.2823
0.5 9.47177 3679.0 -1.45 4.803 0.464 -10.37510739944074 6.931 1.8564 0.3635 0.2807 0.3131 0.2823
0.5 9.480959 3679.0 -1.45 4.803 0.464 -10.3747 6.931 1.8565592267135325 0.3635 0.2808 0.313 0.2823
0.5 9.48996 3679.0 -1.45 4.803 0.464 -10.3747 6.931 1.8567592551043304 0.3635 0.2808 0.313 0.28224074489566975
0.5 9.503119 3680.0 -1.449 4.803 0.464 -10.3747 6.931 1.8570592138728323 0.3635 0.2809 0.313 0.2822
0.5 9.511676 3680.0 -1.449 4.803 0.464 -10.3737 6.931 1.8572592356687898 0.3635 0.2809 0.313 0.2822
0.5 9.520068 3680.0 -1.449 4.802 0.465 -10.3737 6.931 1.8575184900216397 0.3635 0.2809592450108199 0.313 0.2821407549891801
0.5 9.532358 3680.0 -1.449 4.802 0.465 -10.3737 6.931 1.8578592134553549 0.3635 0.281 0.313 0.2821
0.5 9.540363 3680.0 -1.4484076593600406 4.802 0.465 -10.373048425296044 6.931 1.858059234063996 0.3635 0.28105923406399597 0.313 0.2821
0.5 9.5521 3680.0 -1.448 4.802 0.465 -10.3726 6.931 1.8583592132505176 0.3635 0.2811 0.313 0.282
0.5 9.559752 3680.0 -1.448 4.802 0.465 -10.3726 6.931 1.8585592358366272 0.3635 0.2811 0.313 0.282
0.5 9.570983 3680.0 -1.448 4.801 0.465 -10.3716 6.931 1.858959205190592 0.3635 0.2812 0.313 0.2819407948094079
0.5 9.581931 3680.0 -1.447407818131411 4.801 0.465 -10.3716 6.931 1.8592592181868588 0.3635 0.2812 0.3129407818131411 0.2819
0.5 9.589079 3680.0 -1.447 4.801 0.465 -10.3716 6.931 1.8594592049619396 0.3635 0.2812592049619397 0.3129 0.2819
0.5 9.599586 3680.0 -1.447 4.801 0.465 -10.3706 6.931 1.8598592261045337 0.3635 0.2813 0.3129 0.2818
0.5 9.609844 3680.0 -1.447 4.801 0.4655919574216443 -10.3706 6.931 1.8601591957421646 0.3635 0.2813591957421644 0.3129 0.2818
0.5 9.619865 3681.0 -1.4464081694402418 4.8 0.466 -10.3696 6.931 1.8605591830559758 0.3635 0.2814 0.3129 0.2817
0.5 9.629661 3681.0 -1.446 4.8 0.466 -10.3696 6.931 1.8608591950464397 0.3635 0.2814 0.3129 0.2817
0.5 9.63924 3681.0 -1.446 4.8 0.466 -10.368803341740227 6.931 1.8612593316519546 0.3635 0.2815 0.3129 0.2816203341740227
0.5 9.651694 3681.0 -1.4458011804568804 4.8 0.466 -10.36838129850257 6.931 1.8617596458629357 0.3635 0.28151988195431193 0.3128 0.28158011804568805
0.5 9.660804 3681.0 -1.445 4.79985048299034 0.466 -10.3675 6.931 1.86207475850483 0.3635 0.2816 0.3128 0.2815
0.5 9.669727 3681.0 -1.445 4.7991009659806805 0.466 -10.3675 6.931 1.8624495170096598 0.3635 0.2816 0.3128 0.2815
0.5 9.681347 3681.0 -1.445 4.799 0.466 -10.3665 6.931 1.8629747293372063 0.3635 0.2816149458674413 0.3128 0.2813850541325587
0.5 9.689862 3681.0 -1.445 4.799 0.466 -10.3665 6.931 1.8633494762784966 0.3635 0.2816898952556993 0.3128 0.2813101047443007
0.5 9.700961 3682.0 -1.444 4.798850685814232 0.467 -10.365350685814233 6.931 1.863874657092884 0.3635 0.28171493141857684 0.3127 0.28128506858142316
0.5 9.709105 3682.0 -1.444 4.798100984994937 0.467 -10.364600984994937 6.931 1.8642495075025316 0.3635 0.2817899015005063 0.3127 0.2812100984994937
0.5 9.719729 3682.0 -1.444 4.798 0.467 -10.3645 6.931 1.8647494715984148 0.3635 0.2818 0.3127 0.2812
0.5 9.7301 3682.0 -1.443101101875121 4.798 0.467 -10.36360110187512 6.931 1.8652494490624396 0.3635 0.2818 0.3127 0.2811101101875121
0.5 9.740228 3682.0 -1.443 4.798 0.467 -10.362601237011381 6.931 1.8658392577931715 0.3635 0.2818898762988619 0.3127 0.2810101237011381
0.5 9.750127 3682.0 -1.443 4.798 0.467 -10.3625 6.931 1.8663494177215192 0.3635 0.2819 0.3126101164556962 0.2809101164556962
0.5 9.759805 3682.89891248058 -1.44210108751942 4.79710108751942 0.467 -10.36160108751942 6.931 1.86684945624029 0.3635 0.28198989124805796 0.3126 0.2809
0.5 9.769271 3683.0 -1.442 4.797 0.467 -10.360601206860046 6.931 1.8673493965699766 0.3635 0.282 0.3126 0.28081012068600464
0.5 9.780821 3683.0 -1.4418804607886575 4.797 0.468 -10.360380460788658 6.931 1.8680717235268056 0.3635 0.2820119539211342 0.31258804607886576 0.2807
0.5 9.789845 3683.0 -1.441080815241471 4.797 0.468 -10.359580815241472 6.931 1.8685515108551174 0.3635 0.2820919184758529 0.3125080815241471 0.2807
0.5 9.800868 3683.1195621927463 -1.441 4.796 0.468 -10.358380437807252 6.931 1.8692717373156478 0.3635 0.2821 0.3125 0.2805880437807254
0.5 9.809489 3683.919209720805 -1.441 4.796 0.468 -10.357580790279195 6.931 1.869751525832483 0.3635 0.2821 0.3125 0.2805080790279195
0.5 9.82003 3684.0 -1.4400807984790875 4.796 0.468 -10.356580798479088 6.931919201520913 1.8704434410646387 0.3635 0.28219192015209127 0.3125 0.2804080798479087
0.5 9.830321 3684.0 -1.44 4.795880555555556 0.468 -10.3563925 6.932 1.8711716666666667 0.3635 0.2822 0.3124 0.2802880555555556
0.5 9.840374 3684.1194681282986 -1.4398805318717012 4.795 0.46811946812829885 -10.355480531871702 6.932 1.8717836276898092 0.3635 0.2822119468128299 0.3124 0.2802
0.5 9.850199 3685.0 -1.439 4.795 0.469 -10.354500303424361 6.932 1.8724797572605114 0.3635 0.2823 0.31239003034243606 0.28018006068487217
0.5 9.859808 3685.0 -1.439 4.795 0.469 -10.353667273515388 6.932 1.8731461811876897 0.3635 0.2823 0.3123067273515388 0.2800134547030776
0.5 9.869208 3685.0 -1.4380808909730363 4.794080890973036 0.469 -10.352680890973037 6.932 1.8738433763188744 0.3635 0.2823 0.3123 0.27990808909730364
0.5 9.880226 3685.0997029335313 -1.438 4.794 0.469 -10.35151026735982 6.932 1.8746897326401784 0.3635 0.2824 0.3122900297066469 0.2798800594132937
0.5 9.889199 3685.9326958782026 -1.438 4.794 0.469 -10.350760573709618 6.932 1.8754394262903824 0.3635 0.2824 0.3122067304121797 0.2797134608243595
0.5 9.899727 3686.0 -1.4370673580058986 4.794 0.469 -10.349767358005899 6.932 1.8763393777946913 0.3635 0.2824 0.3122 0.27960673580058987
0.5 9.910006 3686.0 -1.4369004372019079 4.793 0.4690995627980922 -10.348610393481716 6.932 1.8771796502384737 0.3635 0.2825 0.31219004372019077 0.2795800874403816
0.5 9.920047 3686.0854648625054 -1.436 4.793 0.47 -10.347714535137493 6.932085464862506 1.8779854648625054 0.3635 0.2825 0.3121 0.27939145351374944
0.5 9.929862 3686.942295940637 -1.436 4.793 0.47 -10.346857704059362 6.932942295940637 1.8788422959406372 0.3635 0.2825 0.3121 0.2793057704059363
0.5 9.939459 3687.0 -1.4350675153918397 4.79206751539184 0.47 -10.345028279244497 6.933 1.8797392361473442 0.3635 0.282593248460816 0.312006751539184 0.279206751539184
0.5 9.950395 3687.085414912527 -1.4349145850874732 4.792 0.47 -10.348124576667601 6.933 1.8806939564037797 0.3663 0.2845 0.3098 0.2814914585087473
0.5 9.959554 3687.9422771073064 -1.4340577228926934 4.792 0.47 -10.351380653007764 6.933 1.8816365048180372 0.3663 0.2845 0.3098 0.28140577228926933
0.5 9.970001 3688.0854040305226 -1.4339145959694775 4.791 0.471 -10.35152313637253 6.933 1.8825854040305225 0.3663 0.2846 0.3097 0.28129145959694773
0.5 9.980203 3689.0 -1.433 4.791 0.471 -10.350614588965655 6.933 1.883593952137779 0.3663 0.2846 0.3096914588965655 0.2811829177931311
0.5 9.99017 3689.0 -1.4329146691251793 4.790914669125179 0.471 -10.34961466912518 6.933085330874821 1.8846853308748208 0.3663 0.2846085330874821 0.3096 0.280991466912518
nan nan nan nan nan nan nan nan nan nan nan nan nan
