M_Ms log_t_yr Teff L_Ls g R_Rs Log_Li_Li0 logTc logROc Mrad Rrad k2conv k2rad
1.1 5.703957 4471.0 0.5657338048303362 3.468266195169664 3.201068316906177 0.0 6.428133097584832 -0.5406273267624707 0.0 0.0 0.44822266195169663 0.0
1.1 5.738317 4470.0 0.5409471873129861 3.493052812687014 3.1116204368641522 0.0 6.440221125074806 -0.5044260622381804 0.0 0.0 0.4484 0.0
1.1 5.769327 4469.0 0.5188297397769519 3.515170260223048 3.0340211152416363 0.0 6.451085130111524 -0.4718999330855022 0.0 0.0 0.4486617026022305 0.0
1.1 5.797516 4468.0 0.4979285608637777 3.5350714391362223 2.9653713947640887 0.0 6.460828575654489 -0.44249998520928874 0.0 0.0 0.4488 0.0
1.1 5.823296 4466.891192471695 0.4799119247169534 3.552979267754742 2.903626966622556 0.0 6.469544037641524 -0.41576581385090433 0.0 0.0 0.449 0.0
1.1 5.846997 4466.0 0.4625065982404694 3.5694934017595306 2.848821114369502 0.0 6.4773973607038124 -0.3912092375366572 0.0 0.0 0.4491 0.0
1.1 5.868886 4465.0 0.4464945938047929 3.5846043249561657 2.7994837814143785 0.0 6.484802162478083 -0.36869243132671004 0.0 0.0 0.4492 0.0
1.1 5.889182 4463.140069889342 0.43270034944670965 3.5992996505532906 2.7541010483401287 0.0 6.491719860221316 -0.3477944962143277 0.0 0.0 0.4493859930110658 0.0
1.1 5.908067 4462.395703295108 0.4189785164755407 3.612021483524459 2.712935549426622 0.0 6.4982085934097835 -0.32846992306575695 0.0 0.0 0.4494604296704892 0.0
1.1 5.925695 4461.0 0.40620466058763927 3.6246362715298885 2.674613981762918 0.0 6.504318135764944 -0.31048652482269495 0.0 0.0 0.4496 0.0
1.1 5.942195 4460.22776854728 0.39427768547280223 3.635722314527198 2.6396052878711265 0.0 6.509861157263599 -0.29371153651665105 0.0 0.0 0.449677223145272 0.0
1.1 5.95768 4459.22130911188 0.38310654555940055 3.6468934544405998 2.6073196366782017 0.0 6.515336072664359 -0.2779491637831607 0.0 0.0 0.4497 0.0
1.1 5.972245 4458.062117613186 0.37262117613186485 3.6564409414813217 2.5777392931692216 0.0 6.5197515295472535 -0.26317585834592944 0.0 0.0 0.4497937882386813 0.0
1.1 5.985973 4457.575796726959 0.36275796726959497 3.6658178294573642 2.5501223083548656 0.0 6.524696813092162 -0.24931873385012895 0.0 0.0 0.4499424203273041 0.0
1.1 5.998937 4456.291164658634 0.35345582329317293 3.674544176706827 2.524076305220884 0.0 6.529126506024096 -0.23616726907630559 0.0 0.0 0.45 0.0
1.1 6.011202 4455.267096312209 0.3454038668098819 3.683329036877909 2.4994786967418547 0.0 6.532931614751163 -0.2238393483709274 0.0 0.0 0.4500732903687791 0.0
1.1 6.022824 4454.935790300693 0.3373579030069284 3.6915778872937643 2.4762663381187067 -0.0004 6.537256838797228 -0.21210106420969974 0.0 0.0 0.4501064209699307 0.0
1.1 6.033854 4454.147989429326 0.3294798942932649 3.6986680951360618 2.4549957145918153 -0.0004 6.540408042282694 -0.20107185201057082 0.0 0.0 0.45018520105706733 0.0
1.1 6.044336 4453.0 0.32200085518814103 3.705999144811859 2.435202394526795 -0.0004 6.544399657924743 -0.1905011972633974 0.0 0.0 0.45021998289623716 0.0
1.1 6.05431 4452.689613440592 0.3145857478465151 3.7127934790346693 2.4159299494553994 -0.0004 6.547551932797039 -0.18055458816829192 0.0 0.0 0.4503 0.0
1.1 6.063814 4452.013027692746 0.30714330462020345 3.718882750765288 2.39833872001139 -0.0004 6.5509348615362715 -0.17108238769844078 0.0 0.0 0.4503 0.0
1.1 6.072875 4450.869355296791 0.30069355296790706 3.725306447032093 2.381603237716558 -0.00046532235160464644 6.553653223516046 -0.16205790968474895 0.0 0.0 0.4504130644703209 0.0
1.1 6.081531 4450.2547571712585 0.2945475717125815 3.7314524282874184 2.365623686452712 -0.0007726214143709238 6.556726214143709 -0.15339207611473993 0.0 0.0 0.4504745242828742 0.0
1.1 6.089803 4449.335979586051 0.2886798979302523 3.736656081655798 2.350367734618656 -0.0009 6.559328040827899 -0.14515185710235323 0.0 0.0 0.4505 0.0
1.1 6.097715 4449.0 0.2830745148037964 3.7419254851962034 2.335793738489871 -0.0009 6.561570194078482 -0.13730432072531498 0.0 0.0 0.4505 0.0
1.1 6.105296 4448.142291371994 0.27771145685997156 3.7472885431400282 2.321849787835926 -0.0010715417256011365 6.564144271570014 -0.12975315417255995 0.00012865629420085242 0.034509906647808654 0.4505428854314003 0.00013380254596888653
1.1 6.112558 4447.11513437058 0.27257567185289966 3.7524243281471006 2.308496746817539 -0.0012769731258840148 6.56671216407355 -0.12251169731258849 0.00028272984441301104 0.07583756859971667 0.450594243281471 0.00029403903818953157
1.1 6.119523 4447.0 0.2676560734463278 3.757343926553672 2.2965745762711864 -0.0016475141242937765 6.568737570621469 -0.1156185028248589 0.0010819067796609973 0.12358781497175034 0.4506 0.0010530738700564785
1.1 6.126209 4446.593948370715 0.26293948370715176 3.7616544646635632 2.2844426576385946 -0.0019030258146424135 6.571030258146424 -0.10893406686415547 0.0019714980956411707 0.14938745239102927 0.4506406051629285 0.001755399068980138
1.1 6.132634 4446.140781492453 0.25840781492453047 3.7657329665679224 2.2726603188037795 -0.0021296092537734764 6.573296092537735 -0.10249909719283329 0.0028325151643392088 0.17091287910848024 0.4506859218507547 0.002414303709973268
1.1 6.138808 4445.411466403719 0.25405733201859393 3.769942667981406 2.2619375968446254 -0.0022 6.575177067192562 -0.09632141146640337 0.004100507113678066 0.19331384702070847 0.4507 0.0032875741653754604
1.1 6.144749 4444.787623066104 0.2498762306610406 3.773911392405063 2.2516905766526016 -0.002284950773558376 6.5770618846694795 -0.09034177215189847 0.005691983122362947 0.21398438818565488 0.45072123769338956 0.004308666666666716
1.1 6.150465 4444.385654008439 0.24585654008438823 3.7775291139240506 2.241641350210971 -0.00244573839662447 6.579071729957806 -0.08455341772151907 0.007380253164556937 0.23231417721518963 0.4507614345991561 0.005356599999999985
1.1 6.15597 4443.997049318533 0.24198524659266527 3.781014753407335 2.231964591822397 -0.002601475340733474 6.581005901362935 -0.07897875509343798 0.009010032316987623 0.24997907826331422 0.4508 0.006367709568638544
1.1 6.161278 4443.251229450611 0.23825614725305566 3.7847438527469444 2.223014753407334 -0.0029743852746944325 6.582497541098778 -0.07360885204440018 0.011545819867922141 0.2699670507236216 0.4508 0.007810871013067454
1.1 6.166395 4443.0 0.2346648428731765 3.7883351571268236 2.2143956228956236 -0.0032868125701458807 6.583934062850729 -0.06843737373737416 0.013941203703703515 0.28692798821548693 0.4508 0.009162409231200793
1.1 6.171331 4442.840678203601 0.23120339101800605 3.791796608981994 2.2060881384432145 -0.003531864359279759 6.5853983044909965 -0.0634369508862888 0.01623372801793596 0.3013642331675191 0.4508 0.010430406361661877
1.1 6.176097 4442.172843831009 0.22786421915504781 3.7951357808449524 2.198074125972115 -0.003665431233798088 6.587067890422476 -0.058561759966369795 0.018470973166117975 0.3129511595319841 0.4508 0.011605794857423173
1.1 6.180699 4441.527989911021 0.22463994955510416 3.798360050444896 2.1903358789322502 -0.003794402017795833 6.588680025222448 -0.053854326350452085 0.02063123379808021 0.32413937504378854 0.4508 0.012740737756603334
1.1 6.185145 4441.0 0.22152580780528702 3.8013793537557707 2.182861938732689 -0.003947419219471298 6.590189676877885 -0.049307679395719055 0.0224 0.33312929080990333 0.4508 0.01367
1.1 6.189445 4441.0 0.2185183941810041 3.8037852846551967 2.17564414603441 -0.004248160581899589 6.591392642327598 -0.04491685550426601 0.0224 0.3320466219051615 0.4508 0.01367
1.1 6.193603 4440.722408493993 0.21561204246996324 3.806387957530037 2.1686689019279117 -0.004511036602402941 6.592555183012014 -0.04065970243084596 0.023371570271025734 0.33546955853590515 0.4507861204246996 0.01415856105057294
1.1 6.197628 4440.160100586756 0.21280050293378028 3.8091994970662197 2.1619212070410727 -0.004735959765297577 6.5936797988264875 -0.036526739312657035 0.025339647946353794 0.34351056160938837 0.45075800502933777 0.015148222967309336
1.1 6.20152 4439.616373288628 0.21008186644314011 3.8119181335568597 2.1553964794635365 -0.004953450684548789 6.594767253422744 -0.032530343671416 0.027242693489801906 0.3512858619726192 0.4507308186644314 0.016105183012014673
1.1 6.205294 4439.08913104219 0.2074456552109524 3.8145543447890478 2.149069572506286 -0.005164347583123807 6.595821737915619 -0.028655113160100047 0.02908804135233331 0.35882542609667606 0.4507044565521095 0.01703312936574475
1.1 6.208946 4439.0 0.2048984799888439 3.817101520011156 2.1429563519732255 -0.005410152001115611 6.596840608004462 -0.024889750383488958 0.030913094408032398 0.3655219216287827 0.4507 0.0179465472040162
1.1 6.212489 4439.0 0.20242811323385898 3.819571886766141 2.137027471761262 -0.005657188676614105 6.597828754706456 -0.02123360758611126 0.03269175847162155 0.3718954678566439 0.4507 0.018835879235810774
1.1 6.215923 4438.606968641115 0.2000348432055751 3.821965156794425 2.1312836236933803 -0.005857212543553994 6.59878606271777 -0.017691567944251117 0.033 0.37217463414634155 0.4507 0.01899
1.1 6.219254 4438.142717770035 0.19771358885017432 3.824286411149826 2.1257126132404185 -0.006042912891986057 6.59971456445993 -0.014256111498257958 0.033 0.3711997073170732 0.4507 0.01899
1.1 6.222488 4437.842693430138 0.1954269343013739 3.8264157591287637 2.12038194889316 -0.00624157591287635 6.60062922627945 -0.010887593423019613 0.034164068616983324 0.374455128478895 0.45068426934301375 0.01954057299451914
1.1 6.225625 4437.619403516264 0.19319403516264536 3.8284253683536194 2.1152462808740844 -0.006442536835361919 6.601522385934942 -0.007605231689088657 0.03581641397964244 0.37950148053242155 0.45066194035162643 0.02032208769307413
1.1 6.228672 4437.402519752295 0.19102519752295535 3.8303773222293405 2.1102579543027975 -0.006637732222934019 6.6023899209908175 -0.004417040358744368 0.03742135383301304 0.38440305359812094 0.45064025197522956 0.021081180866965626
1.1 6.23163 4437.191970958787 0.1889197095878713 3.8322722613709157 2.105415332052104 -0.0068272261370915825 6.603232116164851 -0.001321973094170821 0.03897941490497523 0.38916145633141086 0.4506191970958787 0.021818101644245042
1.1 6.234507 4437.0 0.1868829268292687 3.8341170731707312 2.1007365853658544 -0.007026341463414547 6.604058536585366 0.001687317073170114 0.04061365853658466 0.3941380487804857 0.45059414634146344 0.02259009756097528
1.1 6.237302 4437.0 0.18506504065040694 3.835934959349593 2.0966463414634156 -0.007435365853658441 6.604967479674796 0.0045959349593489105 0.04393130081300735 0.40404552845528224 0.45050325203252034 0.024144390243902074
1.1 6.24002 4437.0 0.18329723577235768 3.8377027642276422 2.092668780487805 -0.007833121951219522 6.605851382113821 0.007424422764227707 0.047157544715447225 0.41368006504065064 0.4504148617886179 0.02565586341463418
1.1 6.250178 4436.090985757121 0.1757278860569714 3.8443630997001503 2.0765467578710646 -0.008263605697151429 6.608727042728636 0.01808095952024001 0.05506301536731644 0.4335711862818593 0.4502181971514243 0.02925517241379315
1.1 6.259319 4435.127229996795 0.16976337998077154 3.8502366200192286 2.061908449951929 -0.009085493002884273 6.611618310009614 0.027740423031726996 0.0558 0.43260713598974476 0.45028727700032045 0.029581272299967952
1.1 6.269532 4434.23516446253 0.16288131570023764 3.8571186842997625 2.0454681247880644 -0.01027076975245841 6.614294506612411 0.038560444218378676 0.06199516785350938 0.4453551712444891 0.4500705493387589 0.03234105629026776
1.1 6.280296 4433.007330103119 0.15504398061871058 3.8639633494844077 2.0290879612374213 -0.011394135917505255 6.6169853397937635 0.04993769412349333 0.0719406261647407 0.46587832028823406 0.44980146602062365 0.03670405143496075
1.1 6.289723 4433.0 0.14834422735346342 3.8706557726465363 2.014024511545293 -0.012148774422735365 6.619495914742451 0.05998365896980486 0.07873896980461828 0.477647602131439 0.4495504085257549 0.03963358081705158
1.1 6.299337 4431.9786585365855 0.1418506097560974 3.8771493902439023 1.9996585365853654 -0.013229878048780518 6.62304268292683 0.07034115853658561 0.08027500000000018 0.47747530487804907 0.4494935975609756 0.040283201219512274
1.1 6.309952 4430.970681254808 0.13476545003846485 3.884234549961535 1.9835015813317378 -0.014638114368749464 6.625117274980767 0.08176941618941788 0.08853748183605435 0.4904313018206684 0.44919120437644244 0.043739390546200525
1.1 6.319012 4430.196256090264 0.1285700487221132 3.890429951277887 1.9703363535344907 -0.015644867082656607 6.628214975638943 0.09152717326267173 0.0948103256688604 0.4991823061800151 0.44895887682707925 0.04636469185400454
1.1 6.329247 4430.0 0.1214899942163101 3.896591671486408 1.9550616541353385 -0.01718566801619431 6.630836668594563 0.10272417582417567 0.10383850780798137 0.5120526778484672 0.44853266628108734 0.050115603238866345
1.1 6.339183 4428.989428966607 0.11492600276625184 3.903073997233748 1.939841434499111 -0.01861479944674963 6.633031713100178 0.11351839557399708 0.10458562537048002 0.5094057103339259 0.44849577158664294 0.05039509583086342
1.1 6.349149 4428.004840940525 0.10803388658367954 3.9099661134163206 1.9250726141078849 -0.01999322268326409 6.635985477178423 0.12454578146611273 0.11256078838174224 0.5192515905947435 0.44810193637621026 0.05366392807745484
1.1 6.359221 4428.0 0.10136413506100478 3.916635864938995 1.9107802894164387 -0.021706365270027343 6.638843942116712 0.13559657618462065 0.12027864371512305 0.5280214224912508 0.4477208077177717 0.05677989690721634
1.1 6.368995 4427.066963382561 0.09446874367792851 3.9225982197046325 1.8969374873558569 -0.023106251264414297 6.641799109852316 0.14646340279182662 0.12825759660125416 0.5366174185717174 0.44732678535302445 0.05999169937285044
1.1 6.380304 4426.0 0.08680481902356921 3.930167297979798 1.8806375210437714 -0.025052977693602645 6.644083648989899 0.15909555976430947 0.13712585227272706 0.5454174873737372 0.4467860585016835 0.06351894675925918
1.1 6.391022 4425.847682801235 0.07908609680741463 3.9370662203913493 1.8658675592173009 -0.02717417095777561 6.647304634397528 0.17104502574665367 0.14623376930999024 0.5540966838311024 0.4462238414006179 0.06710284552008261
1.1 6.399075 4425.01833161689 0.07410998970133884 3.9428716786817715 1.8542566426364573 -0.02866700308959835 6.64896333676622 0.1800020185375901 0.1529515139031926 0.5600680123583934 0.4458091658084449 0.06973188877445932
1.1 6.411288 4424.1157887003155 0.0660420983028433 3.9500736903974727 1.8380841966056867 -0.031175791639115418 6.652536845198736 0.1937284328851664 0.16026211152744105 0.5646210564984204 0.44526947322018956 0.07255758136801116
1.1 6.419516 4424.0 0.060525359881609 3.955474640118391 1.827050719763218 -0.03275289923314948 6.654789856047357 0.20301739539889688 0.16844891699179343 0.5718224673752187 0.4447525359881609 0.07572112471411277
1.1 6.431994 4423.215440338051 0.05215440338050808 3.963845596619492 1.8103088067610162 -0.03509676705345774 6.657353678985848 0.21715905828694135 0.17565493326178847 0.5753459588168222 0.4442292642028305 0.07845859816218402
1.1 6.440402 4423.0 0.04652208835341365 3.9687823293172695 1.7990441767068273 -0.03702160642570281 6.659391164658635 0.2267124497991968 0.18303421686746987 0.5807604016064257 0.44361309236947793 0.08127630522088354
1.1 6.453155 4421.800386563583 0.03800386563583075 3.9769961343641693 1.7820077312716616 -0.039758724340175855 6.662798453745668 0.2413333511063711 0.1953168688349771 0.5895790722474006 0.4426602705945082 0.08588884030925077
1.1 6.461752 4421.22740602506 0.032274060250599916 3.9827259397494 1.7705481205012 -0.041649560117302024 6.66509037589976 0.2511886163689681 0.19995801119701406 0.590954225539856 0.442259184217542 0.08760778192482002
1.1 6.470425 4421.0 0.026487983978638524 3.987809612817089 1.7596783711615493 -0.04373456608811736 6.667404806408545 0.26121090787716894 0.2074894659546056 0.5955739385847794 0.4416083177570094 0.09042530574098777
1.1 6.479174 4421.0 0.020632953784326707 3.9933670462156736 1.7482659075686535 -0.04595947756195585 6.669746818486269 0.27131131949095805 0.21697461486939074 0.6021037508372407 0.44078861352980575 0.09397643000669802
1.1 6.492443 4420.170380343318 0.01253342308986892 4.002296196566812 1.732066846179738 -0.0494355166610568 6.672488858970044 0.2867524200605853 0.22471991921911796 0.60412739145069 0.440036304274655 0.0967824893975092
1.1 6.501384 4420.0 0.006662471241034024 4.007470023007173 1.7203249424820681 -0.05183501150358639 6.674735011503587 0.2972473000406008 0.23312679658952487 0.608737528758966 0.43929274597374474 0.09989986737041545
1.1 6.510406 4419.0 0.0005835665051526925 4.0134164334948474 1.7091671330103053 -0.05418508155326547 6.677185081553265 0.3078051047567048 0.24267479014536256 0.6143462703883164 0.43835835665051526 0.10342955708728584
1.1 6.519509 4419.0 -0.0050075752405652225 4.019007575240566 1.6979848495188694 -0.05667003344025121 6.679670033440251 0.31861464546509277 0.2477068177165087 0.6149675083600628 0.4377992424759435 0.10516902340817585
1.1 6.533317 4418.0 -0.014023587833643995 4.028023587833644 1.681066556314228 -0.060954927926063995 6.683341195944548 0.3349675632802268 0.26034245810055917 0.6206667218428861 0.43650665563142277 0.1097596454927928
1.1 6.542625 4418.0 -0.019801365611421765 4.0338013656114216 1.6701529760673144 -0.0635228291606319 6.685267121870474 0.34607373611973297 0.2707424581005592 0.6261235119663427 0.4354152976067314 0.11348310228291625
1.1 6.552014 4418.0 -0.026054222715295765 4.0392433781722366 1.6595132436555267 -0.0661216890861183 6.687621689086118 0.35735434752461465 0.28126784079877915 0.6315244626265425 0.43427023991124675 0.11725144917487154
1.1 6.561484 4417.935465808077 -0.03158080772730458 4.044580807727304 1.6479674529292363 -0.06939685728284456 6.690193602575769 0.36881644152026327 0.28385190732834054 0.6289969132778049 0.4338773850353468 0.11807429831315185
1.1 6.571034 4417.267025967663 -0.03759676629103365 4.050596766291034 1.6372724154826068 -0.07247168054875053 6.692198922097011 0.3803804507594314 0.2947474767270943 0.6341439000489955 0.43260734933855954 0.12195124938755501
1.1 6.580662 4417.0 -0.04327354638884976 4.057091932986062 1.6256345206250882 -0.0757459664930311 6.694636773194425 0.392038124736027 0.30572893143742075 0.6391461917499648 0.43128161340278753 0.12587332113191607
1.1 6.590365 4417.0 -0.04976014497903508 4.062760144979035 1.6145747281643092 -0.07874658517518311 6.697285054367138 0.40394381351716335 0.313983206595125 0.6414470471181865 0.43025747281643095 0.12868007248951754
1.1 6.600142 4417.0 -0.05531881174045897 4.068318811740459 1.6041522279866394 -0.08201230189751964 6.699369554402672 0.4159644303887425 0.321904306730154 0.6432536138156492 0.429215222798664 0.13145940587022947
1.1 6.609986 4417.0 -0.06093767867352765 4.07492209834191 1.5931246426529446 -0.08565793310463116 6.701968839336764 0.4281644511149227 0.3349317324185247 0.6494111921097768 0.4275218124642653 0.13604079473985126
1.1 6.619897 4417.0 -0.0673420560747661 4.08063738317757 1.5824299065420566 -0.08901196261682229 6.704114018691588 0.44049084112149484 0.34271046728971927 0.650627476635514 0.426372523364486 0.13863682242990644
1.1 6.629869 4417.0 -0.07339253688168965 4.086392536881689 1.5712149262366208 -0.0926899623951405 6.706696268440845 0.452978767717675 0.3459 0.647961903384437 0.42581518657795775 0.13953037315591552
1.1 6.6399 4417.653163636363 -0.07922530909090898 4.092225309090908 1.5602025454545456 -0.09630050181818176 6.70895949090909 0.4655997309090907 0.3600083345454542 0.6542582181818181 0.42384050909090915 0.14446404363636353
1.1 6.649986 4418.0 -0.08511163130943673 4.098111631309437 1.5495546452084856 -0.1001003511338698 6.711555815654719 0.47836779809802493 0.3675 0.6549439502560351 0.4227222092172641 0.14694441843452816
1.1 6.66012 4418.633995584989 -0.09043796909492278 4.104071964679912 1.5391240618101545 -0.10418697571743933 6.714535982339956 0.49133152317880807 0.3743471523178809 0.6549241942604856 0.42155880794701983 0.1491189845474614
1.1 6.670305 4419.0 -0.0960857142857143 4.110085714285714 1.5286 -0.10836000000000001 6.716771428571429 0.5043342857142857 0.3866314285714286 0.65918 0.4196657142857143 0.1533314285714286
1.1 6.680532 4419.646585747263 -0.1021726859781072 4.116172685978107 1.5179477995383124 -0.11262088018467505 6.719586342989054 0.5175505920023832 0.3960831260704447 0.6609465857472634 0.41813614565492585 0.15639839154069557
1.1 6.690803 4420.828087529976 -0.10748426258992785 4.122312350119904 1.5080314748201442 -0.11700145383693025 6.7218280875299765 0.5309043615107908 0.4088433453237403 0.665192011390887 0.41609225119904086 0.16066392386091102
1.1 6.701112 4421.69084602624 -0.11283592218368262 4.128526768209923 1.498019001658875 -0.12067789172070571 6.724763384104961 0.5443516362539584 0.42078635198310943 0.6686252148997134 0.4140728849343991 0.16468514552857783
1.1 6.71146 4422.948391013964 -0.11879356405585885 4.133845173041895 1.487361262902247 -0.1247554948391012 6.727896782027929 0.557951001821493 0.4253 0.6662909532483305 0.4131103217972071 0.16591548269581058
1.1 6.721848 4423.767550225346 -0.1243728515774192 4.140140401802765 1.4770218470705072 -0.12896801619433168 6.730302650676037 0.5716786188984788 0.438732128943548 0.6705517913070045 0.4107973493239632 0.17035179130700448
1.1 6.732271 4425.13576902237 -0.12940730706711046 4.1455430760894805 1.467185385865779 -0.1334665763603994 6.733203653533555 0.5855811904946203 0.4441916324792941 0.6687294991872437 0.4096488273086152 0.17186840312717702
1.1 6.742732 4426.755244213949 -0.13426573264184544 4.152020976855794 1.457468534716309 -0.1378391593776609 6.735632866320922 0.5996706246613518 0.4607912531929719 0.6750454524343991 0.4066527982041953 0.17745559253812224
1.1 6.753231 4428.392624558651 -0.1401778736759516 4.157374185955277 1.4476442526480968 -0.14196008630835644 6.738588936837976 0.6138962024323271 0.4653023852491177 0.6723196312279325 0.405587744213417 0.17850856806590834
1.1 6.76377 4430.093537683678 -0.1451403065255173 4.1631870753673565 1.4377661557908044 -0.14644498340970122 6.741093537683678 0.6282068889240002 0.4739770421867588 0.6725730447148047 0.4038111392005057 0.18115901406225293
1.1 6.76906 4431.76520777374 -0.14764781166060986 4.16653041554748 1.4335869805656503 -0.14903607204929686 6.74276520777374 0.6354786538157686 0.4825025596460736 0.6756656343814189 0.4022230526149471 0.18400085321535786
1.1 6.779694 4433.573496659243 -0.15193374164810697 4.171720489977728 1.4235590200445434 -0.15325506681514484 6.7453602449888646 0.6501894209354123 0.4917248329621382 0.6761786748329621 0.40026915367483296 0.1867602449888642
1.1 6.790398 4435.93232177264 -0.15686464354527915 4.177508750802826 1.4145589274245347 -0.15752053628773263 6.748576429030186 0.6651074662813096 0.5071041987797037 0.6809663937058443 0.39715916024405923 0.19171551862556171
1.1 6.801174 4439.038849975566 -0.16206474995927678 4.183090649942987 1.4048705000814465 -0.16185697996416354 6.7510517999674216 0.6802253298582832 0.5146305098550252 0.6799699299560189 0.39535079003094964 0.19377251995439
1.1 6.812024 4441.689933213878 -0.16648322202313093 4.189276510832384 1.3960335559537382 -0.16574523538035518 6.754586577618505 0.6956016126404956 0.530360270402346 0.6847418797849814 0.3919927512624205 0.19872120866590665
1.1 6.82295 4445.177948590793 -0.1704724357384907 4.194766922886188 1.3870551285230186 -0.1703018844532605 6.757177948590793 0.7111946276551777 0.5366173072154721 0.6826012563021736 0.39029874369782636 0.20025464087941142
1.1 6.833946 4448.821437515652 -0.17502679689456552 4.200437515652392 1.3779464062108688 -0.1748446531430003 6.7606160781367395 0.726973253193088 0.5497259203606312 0.6853080390683697 0.3872839218632607 0.20423929376408717
1.1 6.839472 4450.666666666667 -0.1773333333333332 4.203666666666667 1.3733333333333335 -0.17696666666666655 6.762 0.7349999999999995 0.5553999999999997 0.6859999999999999 0.3859000000000001 0.20589999999999992
1.1 6.850583 4454.498092412039 -0.18139847392963118 4.209597710894446 1.3641034336583298 -0.18095824501907587 6.765298855447223 0.7512333615938958 0.5669253073336159 0.687339465875371 0.38309118270453585 0.2092486646884273
1.1 6.861762 4459.239482477937 -0.1851915859823494 4.215239482477936 1.355568931539714 -0.18529158598234938 6.76819158598235 0.7677333990232199 0.5785891268957244 0.6886718447433811 0.3801467312141205 0.21256763773455573
1.1 6.873014 4464.0606218065295 -0.1890484974452239 4.220072746167836 1.3468908807482463 -0.18914849744522388 6.772036373083918 0.7845121763228545 0.5904491296440635 0.690118186541959 0.3770612020438209 0.2159412228284403
1.1 6.884334 4468.962327877371 -0.1929698623018967 4.225954793452845 1.3380678098207326 -0.19306986230189668 6.774977396726423 0.801668147570798 0.6025073265783324 0.6915886983632112 0.37392411015848265 0.21927438295661217
1.1 6.89002 4471.932949188056 -0.19397764972935216 4.2289329491880565 1.3340894010825914 -0.19515306443163957 6.776955299458704 0.8103055526453639 0.6086614283219834 0.6923821197834817 0.3722379954601013 0.2209620045398987
1.1 6.901441 4477.965137776213 -0.1969825688881065 4.233970948146844 1.3250522933356805 -0.19858024473985403 6.780976758517475 0.8277988995510176 0.6210285324412366 0.6939907034069901 0.368819755260146 0.22438024473985402
1.1 6.912923 4484.116614137776 -0.20004997748761824 4.240083295812697 1.3168667266996847 -0.20205830706888794 6.784066636650158 0.8455898694281857 0.6336049076992346 0.695628320576317 0.36524002701485814 0.22785497523638004
1.1 6.924468 4491.34066133721 -0.20311355377906984 4.24522710755814 1.3085457848837208 -0.20565897529069774 6.78822710755814 0.8636879178779074 0.6464040334302329 0.6973908430232559 0.3614956031976743 0.23128168604651173
1.1 6.930261 4494.5862732520845 -0.2041675066434527 4.247418766608631 1.3044137267479154 -0.20713450930083382 6.790251259965179 0.8728656831302114 0.6529301658572343 0.6982507559791075 0.35959011270961244 0.232976385961697
1.1 6.941885 4502.205377839592 -0.20630134445989798 4.252753361149745 1.296945294390357 -0.21001641168289287 6.793602688919796 0.8915216968011125 0.6660532684283725 0.7001862772369031 0.355612378303199 0.23648215113583676
1.1 6.953562 4510.889462325233 -0.20847236558130808 4.25818091395327 1.2893467204654216 -0.2124849300928967 6.797708548371962 0.9104095805573802 0.677964333302055 0.7012095430233649 0.3517567795814957 0.23941256451158863
1.1 6.959417 4515.284695505302 -0.20957117387632548 4.260927934690813 1.2855008914328607 -0.21407820212067197 6.799356760814488 0.9199692127240318 0.681370639016609 0.6998360326545932 0.35049315004222564 0.23990702824434648
1.1 6.971157 4524.184650455927 -0.2108980813069909 4.2655923252279635 1.2777134308510636 -0.2172146276595745 6.803592325227964 0.9394164228723406 0.6881782959726445 0.6971446048632218 0.34793441299392097 0.2408184650455927
1.1 6.982933 4534.266381072924 -0.21202959789699152 4.271118391587966 1.2708224126180507 -0.2197621555836822 6.808088793690974 0.9591179631973515 0.7107166974978093 0.7058355174763898 0.3410875279914322 0.2475739947424788
1.1 6.994744 4544.818899191162 -0.213 4.275727559676465 1.2639086604853027 -0.22220015782205566 6.811727559676465 0.979264884592622 0.723064411126455 0.707236456894851 0.3366906293154468 0.2504365358058789
1.1 7.000664 4550.658315249557 -0.213 4.278063326099822 1.260405010850266 -0.22348482935490244 6.814063326099823 0.9894254685342284 0.7293709804695211 0.7079955809824424 0.33441325705267294 0.25183799565989357
1.1 7.012521 4562.473526473525 -0.213 4.282789410589411 1.2533158841158845 -0.22542102897102886 6.81878941058941 1.0100786713286698 0.7377735864135859 0.7063105594405596 0.33103688311688334 0.25296841158841155
1.1 7.024408 4574.6705291222315 -0.213 4.287455598851517 1.2470888022969646 -0.22780630639868746 6.823607465135357 1.0311424733388024 0.7522679552912224 0.7093252255947498 0.3258014150943396 0.25644041222313374
1.1 7.030365 4581.389868744873 -0.213 4.289288146021329 1.2434237079573423 -0.22823390073831007 6.826050861361772 1.0417712469237077 0.7597813986874485 0.7110356029532403 0.3229915094339624 0.2582118744872846
1.1 7.0423 4595.0 -0.212 4.294 1.237 -0.2299 6.831 1.0634 0.7689 0.7099 0.3191 0.2594
1.1 7.054257 4611.425581891949 -0.21047298740123863 4.297790518898141 1.2316824685030967 -0.23176890881913295 6.836054025197523 1.085511360239162 0.7828073884262222 0.7126783899209909 0.31363583173179604 0.26240540251975225
1.1 7.060244 4619.735532778133 -0.20919453341874872 4.299708199871877 1.2284863335468719 -0.2326638266068759 6.838610933162503 1.0966978325859487 0.7867066730728164 0.711655626734999 0.31178207345718567 0.26266109331625026
1.1 7.072239 4636.8452158629025 -0.2063903108865209 4.303609689113479 1.2231870811820278 -0.2337422607931451 6.843812918817973 1.119356519828628 0.8020997253652642 0.7157722728770735 0.3054635285070856 0.26604872020213116
1.1 7.084254 4655.8077209718285 -0.2025804143687585 4.307419585631242 1.2178706215531376 -0.23483234461171557 6.849129378446863 1.1426337755254128 0.8163007154568486 0.7190839171262483 0.2993770904754809 0.26876783425249656
1.1 7.090269 4665.669846474885 -0.20078730064093003 4.30921269935907 1.215180950961395 -0.23550476225965125 6.851819049038605 1.1544234982858852 0.821859368013117 0.7194425398718141 0.29682190341332526 0.269485079743628
1.1 7.102324 4686.1605451605465 -0.19678239778239753 4.313145068145068 1.2107098637098634 -0.2366 6.857290136290136 1.1783693462693476 0.8312921690921701 0.7189264033264037 0.29210831600831555 0.2702885885885888
1.1 7.114401 4708.612508817305 -0.1920968727956737 4.315951563602163 1.2057312485304492 -0.23707578180108158 6.863220315071714 1.2029103221255584 0.846601410768869 0.7236392193745591 0.28513343522219614 0.2731440630143428
1.1 7.120449 4719.988948977192 -0.18925276275570196 4.317373618622149 1.2038351751704681 -0.23778680931107452 6.866538443451681 1.2153296026334348 0.852431836350811 0.7244450505525512 0.28219452151422536 0.2738076886903362
1.1 7.132567 4744.274095654284 -0.18333114833697525 4.32026754066521 1.19973245933479 -0.23819363923282347 6.87253508133042 1.2406409808205865 0.8628453750910409 0.7250357368293272 0.2767973780043703 0.2745344258315124
1.1 7.144711 4770.138973556306 -0.17611211796688359 4.323237663728478 1.196349781695362 -0.2388 6.8788878820331165 1.2666501853529946 0.8785744212867617 0.7309964082708625 0.2688771397973474 0.27723632094900735
1.1 7.150796 4783.673449213278 -0.1726031798335945 4.324741494357031 1.1943446741906254 -0.2388 6.882396820166406 1.2798337671966378 0.8847401268638269 0.7324501112117966 0.26556871241453195 0.2778879808880468
1.1 7.162985 4811.353583617748 -0.1648211604095562 4.326544709897611 1.191455290102389 -0.2396 6.888906484641638 1.306762935153584 0.8953499658703074 0.7338077133105803 0.2595207508532422 0.27819959044368603
1.1 7.169089 4825.415699658703 -0.16065460750853267 4.327586348122867 1.190413651877133 -0.2396 6.892552218430034 1.320460477815699 0.901756040955631 0.7357347440273037 0.25592709897610944 0.27877249146757677
1.1 7.181315 4855.434298834334 -0.1513134934652067 4.329187389614977 1.188625220770046 -0.23973117273048394 6.900311727304839 1.348328346873896 0.9128048922642175 0.7379994701518897 0.24933205581066764 0.27898738961497704
1.1 7.193567 4887.527236652237 -0.14124927849927849 4.330275072150072 1.186724927849928 -0.2403 6.907925505050505 1.3769068903318902 0.9261833874458875 0.7434128968253968 0.24130945165945167 0.2800200577200577
1.1 7.199706 4904.690746753247 -0.13571266233766222 4.330828733766234 1.1861712662337662 -0.2403 6.9118011363636365 1.3914128246753248 0.9329934253246754 0.7464580357142857 0.2371016233766233 0.28046298701298705
1.1 7.212006 4943.520718232044 -0.12250718232044222 4.331 1.1850422651933703 -0.2403 6.919704143646409 1.421088425414364 0.9407506353591158 0.7457718508287293 0.23149019337016583 0.2787803038674034
1.1 7.224347 4984.639513200511 -0.10829502404553921 4.332 1.185 -0.2403 6.9288033173029735 1.4517230739032292 0.9547033467464914 0.7536016880950045 0.22222618510158007 0.27950820492688194
1.1 7.230531 5005.841149307337 -0.10096685479733188 4.331913904566444 1.185 -0.2403 6.933602668034889 1.467252385838892 0.9627112775782453 0.7590377526936891 0.21693508465879935 0.28027085684966646
1.1 7.242929 5048.686904569677 -0.08548910059744817 4.330718068787341 1.1852819312126595 -0.2403 6.942537380913936 1.4992063781689016 0.9722448570967225 0.7619942354270953 0.2096317778136603 0.2785616825448086
1.1 7.249142 5071.259567253351 -0.07746326497658632 4.330216454061037 1.1857835459389634 -0.2403 6.94705191345067 1.5154085338285164 0.9776622961408042 0.7646527934765058 0.20541821411270783 0.277959744873244
1.1 7.261598 5119.929708692062 -0.05954039391437684 4.328887722608798 1.1881122773912018 -0.2403 6.956785941738413 1.548482379997641 0.9905164759995282 0.7738775445217597 0.19551720721783236 0.27743053426111575
1.1 7.274086 5172.17921113689 -0.04017290023201875 4.3270791647331786 1.190381252900232 -0.2403 6.967604176334107 1.5825744037122966 1.0005393874709976 0.7798235545243618 0.18677353132250593 0.27534604176334104
1.1 7.280342 5199.033675966718 -0.0302211453744485 4.32591346059716 1.1921298091042585 -0.2403 6.9733894273127754 1.5998418404307404 1.0078331767009305 0.7872293294175235 0.18068413117963744 0.275304806656877
1.1 7.292874 5257.113659847077 -0.008153647447819521 4.323429840876214 1.195570159123786 -0.2403 6.984565716057037 1.6351396879520566 1.0171670489770617 0.7936968898532756 0.1717614589791278 0.2725158090514569
1.1 7.299152 5286.953296135565 0.002874044224013427 4.32213246538541 1.1968675346145898 -0.2403 6.990403905765654 1.65297860095061 1.021642994420335 0.796875459805745 0.16735038231039462 0.2709589584624922
1.1 7.311731 5349.723591345599 0.02605229665625394 4.319814300590073 1.2011856994099273 -0.2403 7.0035570982297815 1.6901474950827264 1.0319528288788617 0.8078156889968762 0.15680384125882205 0.2683390605113965
1.1 7.324338 5415.126852574103 0.050773400936037466 4.316122659906396 1.2057546801872074 -0.2403 7.0168253705148205 1.7268039684087364 1.0406777593603744 0.8168989664586583 0.14689583658346334 0.26471559087363494
1.1 7.330655 5449.0126215601085 0.0631587006000416 4.314826194909994 1.2082317401200082 -0.2403 7.023637285330023 1.7453221808400583 1.0454982412580178 0.8233211669770331 0.14130326919097858 0.26309571694599626
1.1 7.34331 5516.931481651795 0.08885450197737425 4.311020785431804 1.2136320242803271 -0.2403 7.038569667984916 1.781655348109996 1.0552646647659338 0.8396709003954749 0.12921724455072228 0.25989853766209897
1.1 7.349649 5550.745700358687 0.10109758116435205 4.309271774119378 1.2165470431343697 -0.2403 7.0467317207762346 1.7994369631196543 1.0582379839970568 0.8421195162328704 0.12496131702382046 0.25721672031638
1.1 7.362351 5619.000300150077 0.12609444722361274 4.305037718859429 1.2212830415207605 -0.2403 7.063811405702852 1.8319095647823924 1.0672245622811407 0.8625510255127571 0.1118886243121556 0.25367356678339154
1.1 7.375074 5685.250254889239 0.14890008341829628 4.30244999536565 1.2251000092686997 -0.2403 7.083350078783947 1.858380090833256 1.0742700250254889 0.8796600611734173 0.10003095560292899 0.24951998331634076
1.1 7.381444 5717.327169274539 0.15915504978662917 4.302143669985775 1.2258563300142247 -0.2403 7.093298719772404 1.8692113798008538 1.0774183499288763 0.8877981507823618 0.09429910384068249 0.24751209103840677
1.1 7.394196 5777.488600756347 0.17521728795245808 4.304608643976229 1.2225870340356566 -0.2403 7.112228092922744 1.8847792328471096 1.0828662668827662 0.9033531820637494 0.08313149972987578 0.24435546191247975
1.1 7.400581 5805.366224293385 0.1803452537736805 4.3076905075473615 1.2180505521223788 -0.2403 7.120949447877622 1.8906006179718366 1.0848157836085504 0.9071812582311823 0.07859089859183464 0.24299642386789586
1.1 7.413365 5853.140414305256 0.18252843462966592 4.319782587453586 1.2010100644909132 -0.2403 7.1346789134258355 1.8969300957592339 1.087835782685167 0.9082906390463162 0.07104017588430736 0.24193678913425834
1.1 7.419769 5873.7904045339055 0.1800254055110417 4.327917432089115 1.1891206761774482 -0.2403 7.140936486222396 1.898682216142271 1.0890872972444792 0.906913973031073 0.06772366230213026 0.24199936486222395
1.1 7.432604 5902.70357783442 0.16629642216557988 4.350629472293025 1.1595187387897647 -0.2403 7.150157368073256 1.9018083262531862 1.0903157368073257 0.8918501274426496 0.06418649485509287 0.24360924195223277
1.1 7.439037 5912.4201831398095 0.1565798168601904 4.362775228924762 1.1425146795053331 -0.2403 7.15319380723119 1.9023548853016143 1.090619380723119 0.8820120645709427 0.06315410554139524 0.24494527518172382
1.1 7.451926 5920.371809563496 0.13160266694447262 4.390187936243359 1.1075556828836328 -0.2403 7.158628190436504 1.9001252317949786 1.090595301593916 0.856446692363787 0.06331691426190235 0.2486700697989375
1.1 7.464849 5913.245989304813 0.1033790849673196 4.4165644682115275 1.0743226381461668 -0.2403 7.161528223410576 1.8952455733808673 1.0902 0.8309464052287577 0.06486149138443258 0.25336571598336316
1.1 7.471325 5906.668633681344 0.0894252383113929 4.4289530640036325 1.059425238311393 -0.2403 7.162155424421244 1.892769505220154 1.0900290331366318 0.8207962051747612 0.06546891239219256 0.25585952791647765
1.1 7.484301 5888.327670784884 0.06332667151162752 4.449671329941861 1.0343276707848834 -0.2403 7.162666333575581 1.8874987009447675 1.0889331667877906 0.7982292696220928 0.06871052961482561 0.2600678324854652
1.1 7.490802 5878.2879723837195 0.051515261627905845 4.4579393168604655 1.02428797238372 -0.2403 7.162075763081395 1.8851954760174416 1.0886378815406976 0.7910243095930226 0.06964953670058148 0.2621348292151165
1.1 7.503829 5858.76441102757 0.03503898635477646 4.469549150654414 1.0113135616819833 -0.2403 7.161862712336396 1.881152882205514 1.0875313561681983 0.7767723753829021 0.07271533834586454 0.264864745196324
1.1 7.510355 5850.7131681877445 0.02882073011734032 4.47308963494133 1.006892438070404 -0.2403 7.160982073011733 1.8795444263363754 1.0870874511082138 0.7720852672750979 0.07391585397653194 0.2659304758800522
1.1 7.523432 5839.346805736636 0.021716753585397673 4.476641623207301 1.0026300521512386 -0.2403 7.16027167535854 1.8773421936114734 1.086590172750978 0.7675387222946546 0.07533664928292047 0.2671381518904824
1.1 7.529983 5834.334249634911 0.01860054978094667 4.478133150073018 1.0008668499269822 -0.2403 7.159866849926982 1.8763535349196805 1.0864 0.7658932050511125 0.07588932050511124 0.26767989004381065
1.1 7.543113 5829.1040683962265 0.016 4.478776017099056 1.0002239829009434 -0.2403 7.158776017099057 1.8752208136792452 1.0862208136792453 0.7656264666863206 0.0763442099056604 0.268132805129717
1.1 7.54969 5827.165094339623 0.016 4.478291273584905 1.0007087264150942 -0.2403 7.158291273584906 1.8748330188679245 1.0858330188679244 0.763735966981132 0.07719735849056605 0.26798738207547174
1.1 7.562868 5824.827774601359 0.016586112699320237 4.4774138873006795 1.0015861126993202 -0.2403 7.158 1.874248332380408 1.0856 0.7635377803189124 0.07772172225398641 0.2679
1.1 7.574057 5823.742706154354 0.017257293845645692 4.476485412308708 1.0025145876912913 -0.2403 7.157742706154354 1.8738970824617418 1.0856 0.7646116701530331 0.07773257293845645 0.2678485412308709
1.1 7.583352 5823.231036001322 0.017768963998678822 4.475462072002642 1.0035379279973577 -0.2403 7.157231036001321 1.8736924144005285 1.0856 0.7654303423978861 0.07773768963998678 0.26774620720026426
1.1 7.591318 5822.819163228097 0.018180836771902895 4.474819163228097 1.004361673543806 -0.2403 7.157 1.8735276652912387 1.0856 0.7660531714806641 0.07774 0.2676819163228097
1.1 7.601487 5822.331254198253 0.01866874580174645 4.474331254198254 1.005337491603493 -0.2403 7.157 1.8733325016793014 1.0856 0.766736244122445 0.07774 0.26763312541982537
1.1 7.610113 5822.0 0.019072480848556277 4.473855038302887 1.0060724808485564 -0.2403 7.156927519151444 1.873178255745433 1.0856 0.7672797289334119 0.07774 0.26758550383028873
1.1 7.619907 5822.0 0.019484720936105746 4.473030558127789 1.0064847209361056 -0.2403 7.156515279063894 1.8730545837191683 1.0856 0.7677331930297163 0.07774 0.2675030558127789
1.1 7.630201 5822.0 0.019918006566209255 4.4721639868675815 1.0069180065662091 -0.2403 7.156081993433791 1.8729245980301372 1.0856 0.7682098072228302 0.07774 0.26741639868675815
1.1 7.640556 5822.6252184583345 0.02093782768750232 4.471687390770833 1.0076252184583347 -0.24055008738333397 7.156 1.8735877403041683 1.0856 0.768550087383334 0.07772749563083331 0.2672436953854163
1.1 7.64936 5823.279961328227 0.021919941992339955 4.4713600193358864 1.0082799613282265 -0.24081198453129066 7.156 1.8743079574610493 1.0856 0.7688119845312906 0.07771440077343547 0.2670800096679434
1.1 7.659376 5824.033160141642 0.023022106761094722 4.470988946619452 1.0090221067610947 -0.2411 7.156 1.8751232120991495 1.0856 0.7691044213522189 0.07769944733097264 0.2668944733097263
1.1 7.669919 5825.0798888043155 0.023719925869543634 4.470640037065228 1.0097199258695435 -0.2411 7.156 1.8758559221630209 1.0856 0.7692439851739087 0.0776820018532614 0.2667200185326141
1.1 7.679717 5826.052652480392 0.0243684349869279 4.470315782506536 1.0103684349869277 -0.2411 7.156 1.8765368567362744 1.0856 0.7693736869973855 0.0776657891253268 0.26655789125326806
1.1 7.689565 5827.054501736575 0.025027250868287484 4.469981832754475 1.011018167245525 -0.2411 7.156009083622762 1.8772390595778787 1.08560726689821 0.7695463264760887 0.07763364947902751 0.26639636655089505
1.1 7.69925 5828.779499510197 0.02588974975509842 4.469406833496601 1.0115931665033988 -0.2411 7.1562965832517 1.8784753079823078 1.0858372666013596 0.7710125745836672 0.07711615014694094 0.26628136669932023
1.1 7.709159 5830.544393979873 0.02677219698993673 4.468818535340042 1.0121814646599576 -0.2411 7.156590732329978 1.8797401490189092 1.086072585863983 0.7725127348828924 0.07658668180603796 0.26616370706800846
1.1 7.719013 5832.299492385787 0.02764974619289341 4.468233502538071 1.0127664974619288 -0.2411 7.156883248730964 1.8809979695431471 1.0863065989847716 0.7740045685279188 0.07606015228426395 0.26604670050761425
1.1 7.729013 5833.977182433158 0.028488591216578967 4.46783713626114 1.0131628637388597 -0.2411 7.157 1.8821351685815526 1.0864 0.7745185681305702 0.07583697090089123 0.2658859953827982
1.1 7.739224 5835.621818962741 0.029310909481370124 4.467563030172877 1.0134369698271233 -0.2411 7.157 1.883204182325781 1.0864 0.7743815150864383 0.07581504241383014 0.26569412112101365
1.1 7.749093 5837.211371201546 0.03010568560077313 4.467298104799742 1.0137018952002577 -0.2411 7.157 1.884237391281005 1.0864 0.7742490523998712 0.07579384838397939 0.2655086733598196
1.1 7.759024 5838.81090948137 0.03090545474068508 4.467031515086438 1.0139684849135617 -0.2411 7.157 1.8852770911628907 1.0864 0.7741157575432192 0.07577252120691506 0.2653220605605068
1.1 7.769006 5840.940325541549 0.031862366907355305 4.466784408273161 1.0142155917268387 -0.2411 7.157215591726839 1.8867797870517684 1.0865509142087872 0.7751132811161425 0.07536468755354302 0.2651706449638967
1.1 7.779002 5843.142357116632 0.03284104760739204 4.4665397380981515 1.014460261901848 -0.2411 7.157460261901848 1.8883456761718271 1.0867221833312937 0.7762632309386857 0.07490470762452574 0.2650238428588912
1.1 7.78911 5845.3690613144045 0.033830693917513185 4.466292326520621 1.0147076734793783 -0.2411 7.157707673479378 1.8899291102680211 1.0868953714355647 0.777426065353078 0.0744395738587688 0.264875395912373
1.1 7.798976 5847.542455023865 0.034796646677273294 4.466050838330682 1.0149491616693183 -0.2411 7.157949161669318 1.8914746346836373 1.0870644131685228 0.7785610598457962 0.07398557606168155 0.264730502998409
1.1 7.809045 5849.798460776813 0.03571938431072511 4.465820153922319 1.0153596921553625 -0.2411 7.158179846077681 1.8931668301903777 1.0871899230388407 0.7792855844097395 0.07364720779513027 0.2645201539223187
1.1 7.819059 5852.051937530942 0.03662077501237684 4.465594806246906 1.0158103875061884 -0.2411 7.158405193753095 1.8948794725235159 1.087302596876547 0.7798940231333544 0.07334298843332282 0.26429480624690577
1.1 7.829017 5854.292812457807 0.037517124983122596 4.46537071875422 1.0162585624915612 -0.2411 7.158629281245781 1.8965825374679328 1.0874146406228902 0.7804990593636078 0.07304047031819612 0.26407071875421934
1.1 7.839033 5856.546739277195 0.038418695710878054 4.46514532607228 1.016709347855439 -0.2411 7.15885467392772 1.8982955218506683 1.0875273369638596 0.7811076196048427 0.07273619019757865 0.26384532607228045
1.1 7.84897 5858.725683652823 0.03929027346112927 4.464854863269435 1.0170725683652821 -0.2411 7.159072568365282 1.8999587764126737 1.087636284182641 0.781688677749734 0.07244058133956321 0.26364194530777413
1.1 7.858986 5860.814918337122 0.04012596733484907 4.4644370163325755 1.0172814918337123 -0.2411 7.159281491833712 1.9015674871195845 1.087740745916856 0.7822318787676519 0.07215435618781418 0.2634748065330302
1.1 7.869011 5862.906030328946 0.04096241213157844 4.464018793934211 1.0174906030328945 -0.2411 7.159490603032895 1.9031776433532885 1.0878453015164473 0.7827755678855259 0.07186787384493439 0.2633075175736843
1.1 7.879364 5865.0655597505265 0.04182622390021067 4.463586888049894 1.0177065559750527 -0.2411 7.159706555975053 1.9048404810079056 1.0879532779875263 0.7833370455351369 0.07157201831417784 0.2631347552199579
1.1 7.890986 5867.489789532968 0.04279591581318704 4.463102042093406 1.0179489789532967 -0.2411 7.159948978953297 1.906707137940385 1.0880744894766485 0.7839673452785716 0.07123989883398343 0.2629408168373626
1.1 7.901732 5869.293993841837 0.043485247690688705 4.463 1.0181617492302295 -0.2411 7.16 1.9081028452274233 1.088180874615115 0.7845852476906887 0.07094840355458548 0.26278677553883933
1.1 7.912677 5871.000350781464 0.0441251315430487 4.463 1.0183750438476828 -0.2411 7.16 1.909425271855634 1.0882875219238415 0.7852251315430487 0.07065618992867442 0.26263746930662196
1.1 7.919654 5872.088085122969 0.044533031921113166 4.463 1.018511010640371 -0.2411 7.16 1.9102682659703005 1.0883555053201857 0.7856330319211132 0.07046991542269165 0.2625422925517403
1.1 7.933642 5874.268854503644 0.04535082043886657 4.463 1.0187836068129554 -0.2411 7.16 1.9119583622403242 1.0884918034064779 0.7864508204388666 0.07009645866625093 0.2623514752309311
1.1 7.940643 5875.36033051409 0.04576012394278361 4.463 1.0189200413142612 -0.2411 7.16 1.9128042561484195 1.0885600206571306 0.7868601239427836 0.06990954339946215 0.26225597108001714
1.1 7.954667 5877.0920398466305 0.04654601992331539 4.462817993358895 1.019182006641105 -0.2411 7.160182006641105 1.9141372305490836 1.0886 0.7869543946871159 0.06978725953512264 0.2620907960153369
1.1 7.961691 5877.865196573043 0.046932598286521486 4.462689133904493 1.019310866095507 -0.2411 7.160310866095507 1.914729984039333 1.0886 0.7868513071235943 0.0697782393733145 0.26201348034269567
1.1 7.975766 5879.414482012145 0.0477072410060724 4.462430919664643 1.0195690803353574 -0.2411 7.160569080335358 1.9159177695426444 1.0886 0.786644735731714 0.06976016437652498 0.26185855179878553
1.1 7.982818 5880.1907207984 0.048095360399200135 4.4623015465336 1.0196984534664 -0.2411 7.1606984534663995 1.9165128859454401 1.0886 0.78654123722688 0.06975110825735199 0.26178092792015994
1.1 7.98988 5880.968060320314 0.048484030160157066 4.462171989946614 1.0198280100533856 -0.2411 7.160828010053385 1.917108846245574 1.0886 0.7864375919572915 0.069742039296263 0.2617031939679686
1.1 8.004033 5882.332417295718 0.049083104323929455 4.462 1.02 -0.2411 7.161 1.9182407277281106 1.0886415521619648 0.7866241068633248 0.06961697811945594 0.2615833791352141
1.1 8.01113 5882.826173165896 0.04920654329147389 4.462 1.02 -0.2411 7.161 1.918746827495043 1.088703271645737 0.7871055188367482 0.06944910112359551 0.26155869134170523
1.1 8.025363 5883.816398232859 0.04945409955821478 4.462 1.02 -0.2411 7.161 1.9197618081886805 1.0888270497791073 0.7880709882770377 0.0691124246008279 0.26150918008835705
1.1 8.032498 5884.312797857167 0.049578199464291935 4.462 1.02 -0.2411 7.161 1.9202706178035969 1.0888890997321459 0.7885549779107386 0.06894364872856297 0.2614843601071416
1.1 8.039644 5884.809962778725 0.049702490694681176 4.462 1.02 -0.2411 7.161 1.9207802118481927 1.0889512453473407 0.7890397137092566 0.0687746126552336 0.26145950186106376
1.1 8.053988 5885.807910390649 0.04995197759766237 4.462 1.02 -0.2411 7.161 1.9218031081504157 1.089075988798831 0.7900127126308832 0.06843531046717917 0.2614096044804676
1.1 8.061181 5886.220702476595 0.05014713498439677 4.461926432507801 1.0200735674921984 -0.2411 7.161 1.9222354159750348 1.0891 0.7901852865015604 0.06836705730031206 0.26136321625390085
1.1 8.075616 5886.939529247726 0.050626352831817274 4.461686823584091 1.0203131764159086 -0.2411 7.161 1.9230021645309077 1.0891 0.7901373647168183 0.06835747294336365 0.2612434117920457
1.1 8.082861 5887.300312064272 0.05086687470951461 4.461566562645243 1.0204334373547572 -0.2411 7.161 1.9233869995352233 1.0891 0.7901133125290486 0.06835266250580971 0.26118328132262136
1.1 8.090124 5887.661991235642 0.05110799415709445 4.461446002921453 1.020553997078547 -0.2411 7.161 1.923772790651351 1.0891 0.7900892005842906 0.06834784011685811 0.2611230014607264
1.1 8.104706 5888.388138237833 0.051592092158555196 4.461203953920722 1.0207960460792775 -0.2411 7.161 1.9245473474536883 1.0891 0.7900407907841445 0.0683381581568289 0.2610019769603612
1.1 8.112025 5888.752606068654 0.05183507071243604 4.461082464643782 1.0209175353562179 -0.2411 7.161 1.9249361131398977 1.0891 0.7900164929287564 0.06833329858575128 0.26094123232189104
1.1 8.119365 5889.113420465413 0.05203780682180426 4.460962193178196 1.0210378068218042 -0.2411 7.161 1.9252907363723302 1.0891 0.7899962193178196 0.06832848772712784 0.2608886579534587
1.1 8.134104 5889.818186165126 0.052272728721708635 4.460727271278292 1.0212727287217085 -0.2411 7.161 1.9258545489321008 1.0891 0.7899727271278292 0.06831909085113165 0.26081818138348745
1.1 8.141506 5890.172123047498 0.052390707682499184 4.460609292317501 1.021390707682499 -0.2411 7.161 1.926137698437998 1.0891 0.7899609292317501 0.06831437169270003 0.26078278769525026
1.1 8.156373 5890.883009244501 0.05262766974816703 4.460372330251833 1.021627669748167 -0.2411 7.161 1.9267064073956008 1.0891 0.7899372330251834 0.06830489321007333 0.2607116990755499
1.1 8.163838 5891.239958559133 0.0527466528530443 4.460253347146955 1.0217466528530443 -0.2411 7.161 1.9269919668473063 1.0891 0.7899253347146956 0.06830013388587823 0.2606760041440867
1.1 8.171329 5891.598151099777 0.052866050366592275 4.460133949633407 1.0218660503665922 -0.2411 7.161 1.9272785208798215 1.0891 0.7899133949633408 0.06829535798533631 0.26064018489002233
1.1 8.186386 5892.102366445101 0.05320473289020187 4.459897633554899 1.022102366445101 -0.2411 7.161102366445101 1.9277842596011816 1.0891 0.7899204732890203 0.06828795267109798 0.2605692900664697
1.1 8.193951 5892.218765386509 0.0534375307730182 4.459781234613491 1.0222187653865091 -0.2411 7.161218765386509 1.9279937776957163 1.0891 0.7899437530773019 0.06828562469226981 0.26053437038404725
1.1 8.201545 5892.335610536681 0.053671221073362835 4.459664389463319 1.0223356105366814 -0.2411 7.161335610536681 1.9282040989660265 1.0891 0.7899671221073363 0.06828328778926637 0.2604993168389956
1.1 8.209166 5892.452871122599 0.05390574224519938 4.4595471288774 1.0224528711225997 -0.2411 7.1614528711225995 1.9284151680206794 1.0891 0.78999057422452 0.068280942577548 0.2604641386632201
1.1 8.224492 5892.688684761201 0.05437736952240273 4.459311315238798 1.0226886847612013 -0.2411 7.161688684761201 1.9288396325701624 1.0891 0.7900377369522403 0.06827622630477598 0.26039339457163957
1.1 8.2322 5892.807283973412 0.05461456794682422 4.459192716026587 1.0228072839734121 -0.2411 7.161807283973412 1.9290531111521418 1.0891 0.7900614567946824 0.06827385432053176 0.2603578148079764
1.1 8.23994 5892.926375553914 0.054852751107828654 4.459073624446085 1.0229263755539142 -0.2411 7.161926375553914 1.9292674759970458 1.0891 0.7900852751107829 0.06827147248892171 0.26032208733382567
1.1 8.255523 5893.322371661865 0.055161185830932505 4.459 1.0231611858309324 -0.2411 7.162 1.9296740159125854 1.0891 0.790164474332373 0.06826677628338135 0.2602516442507202
1.1 8.263369 5893.55661208222 0.055278306041110004 4.459 1.02327830604111 -0.2411 7.162 1.929873120269887 1.0891 0.790211322416444 0.0682644338791778 0.260216508187667
1.1 8.271256 5893.792076547596 0.05539603827379795 4.459 1.0233960382737979 -0.2411 7.162 1.9300732650654566 1.0891 0.7902584153095192 0.06826207923452404 0.2601811885178606
1.1 8.279185 5894.02879491275 0.05551439745637473 4.459 1.0235143974563747 -0.2411 7.162 1.930274475675837 1.0891 0.7903057589825498 0.0682597120508725 0.2601456807630876
1.1 8.295178 5894.506262035199 0.05575313101759937 4.459 1.0237531310175993 -0.2411 7.162 1.930680322729919 1.0891 0.7904012524070397 0.06825493737964801 0.26007406069472017
1.1 8.30325 5894.747249630547 0.05587362481527369 4.459 1.0238736248152738 -0.2411 7.162 1.9308851621859653 1.0891 0.7904494499261094 0.06825252750369452 0.2600379125554179
1.1 8.311377 5894.98987923751 0.055994939618754756 4.459 1.0239949396187549 -0.2411 7.162 1.931091397351883 1.0891 0.7904979758475019 0.06825010120762491 0.2600015181143736
1.1 8.319562 5895.125682797508 0.05612568279750747 4.4588743172024925 1.0241256827975074 -0.2411 7.162 1.9313262290355135 1.0891 0.7905754096785045 0.06824748634404985 0.25996229516074776
1.1 8.336125 5895.3910006888045 0.0563910006888045 4.4586089993111955 1.0243910006888044 -0.2411 7.162 1.9318038012398482 1.0891 0.7907346004132827 0.06824217998622391 0.25988269979335865
1.1 8.344514 5895.5253816457625 0.05652538164576225 4.458474618354238 1.0245253816457622 -0.2411 7.162 1.932045686962372 1.0891 0.7908152289874574 0.06823949236708475 0.2598423855062713
1.1 8.352981 5895.661012062089 0.05666101206208851 4.458338987937911 1.0246610120620885 -0.2411 7.162 1.9322898217117594 1.0891 0.7908966072372531 0.06823677975875823 0.25980169638137346
1.1 8.361531 5895.797972031332 0.056797972031332584 4.458202027968667 1.0247979720313325 -0.2411 7.162 1.9325363496563988 1.0891 0.7909787832187996 0.06823404055937335 0.2597606083906002
1.1 8.370171 5895.936373684463 0.056936373684463436 4.458063626315536 1.0249363736844634 -0.2411 7.162 1.9327854726320342 1.0891 0.791061824210678 0.06823127252631073 0.25971908789466097
1.1 8.387747 5896.249285347797 0.057498570695594775 4.457750714652203 1.0252492853477972 -0.2411 7.162249285347797 1.9334234992303745 1.0891 0.7912495712086784 0.06822501429304405 0.25965014293044053
1.1 8.396696 5896.41327054167 0.05782654108333945 4.45758672945833 1.0254132705416696 -0.2411 7.16241327054167 1.9337678681375066 1.0891 0.7913479623250018 0.06822173458916661 0.2596173458916661
1.1 8.405768 5896.579509638643 0.05815901927728505 4.457420490361358 1.0255795096386424 -0.2411 7.162579509638642 1.9341169702411494 1.0891 0.7914477057831855 0.06821840980722715 0.2595840980722715
1.1 8.41497 5896.748130909624 0.05849626181924796 4.457251869090376 1.025748130909624 -0.2411 7.162748130909624 1.9344710749102103 1.0891 0.7915488785457744 0.06821503738180752 0.2595503738180752
1.1 8.424315 5896.919372572015 0.05883874514402989 4.457080627427985 1.025919372572015 -0.2411 7.1629193725720155 1.9348306824012313 1.0891 0.791651623543209 0.0682116125485597 0.259516125485597
1.1 8.433811 5897.105130691312 0.059105130691312686 4.456894869308687 1.0261051306913127 -0.2411 7.163 1.9352102613826254 1.0891525653456562 0.7922361665256947 0.068069124873641 0.2595
1.1 8.443476 5897.304520042086 0.059304520042085286 4.456695479957915 1.0263045200420853 -0.2411 7.163 1.9356090400841706 1.0892522600210426 0.7932530522146349 0.06780194314360571 0.2595
1.1 8.45332 5897.507602170281 0.05950760217028035 4.45649239782972 1.0265076021702804 -0.2411 7.163 1.9360152043405607 1.08935380108514 0.7942887710684298 0.06752981309182433 0.2595
1.1 8.463358 5897.7146865265195 0.05971468652651991 4.45628531347348 1.0267146865265198 -0.2411 7.163 1.93642937305304 1.08945734326326 0.7953449012852515 0.06725232005446333 0.2595
1.1 8.473605 5897.926082561426 0.05992608256142593 4.456073917438575 1.026926082561426 -0.2411 7.163 1.9368521651228519 1.089563041280713 0.7964230210632722 0.06696904936768926 0.2595
1.1 8.484082 5898.1581120132105 0.06015811201321042 4.45584188798679 1.0273162240264209 -0.2411 7.16315811201321 1.9373320352277419 1.0896 0.7969106784092472 0.06686683775973579 0.25945256639603687
1.1 8.49481 5898.404155772671 0.06040415577267096 4.45559584422733 1.0278083115453418 -0.2411 7.163404155772671 1.937848727122609 1.0896 0.7970829090408696 0.06686191688454658 0.2593787532681987
1.1 8.505806 5898.656346039173 0.06065634603917251 4.455343653960828 1.028312692078345 -0.2411 7.163656346039172 1.9383783266822623 1.0896 0.7972594422274207 0.06685687307921655 0.25930309618824826
1.1 8.517106 5898.915508462915 0.06091550846291455 4.455084491537086 1.028831016925829 -0.2411 7.163915508462915 1.9389225677721207 1.0896 0.7974408559240401 0.06685168983074172 0.25922534746112563
1.1 8.52873 5899.0 0.06120039877842557 4.454599202443149 1.0292003987784255 -0.2411 7.164 1.9395007975568512 1.0896 0.7976202392670554 0.06684599202443149 0.2591599202443149
1.1 8.540717 5899.0 0.06150294035991016 4.45399411928018 1.02950294035991 -0.2411 7.164 1.9401058807198204 1.0896 0.7978017642159461 0.0668399411928018 0.25909941192801794
1.1 8.553118 5899.0 0.06181593094571059 4.453368138108579 1.0298159309457107 -0.2411 7.164 1.9407318618914213 1.0896 0.7979895585674264 0.0668336813810858 0.25903681381085786
1.1 8.565988 5899.153606742501 0.062307213485002934 4.452846393257499 1.0301536067425014 -0.2411 7.164153606742501 1.9413918528107528 1.0896 0.7981921640455009 0.06682846393257498 0.25895391797724954
1.1 8.579052 5899.513427162806 0.0630268543256122 4.452486572837194 1.030513427162806 -0.2411 7.164513427162806 1.9420755116093316 1.0896 0.7984080562976836 0.06682486572837194 0.25884597185115815
1.1 8.591956 5899.86884071942 0.06373768143884102 4.4521311592805795 1.0308688407194204 -0.2411 7.1648688407194205 1.942750797366899 1.0896 0.7986213044316522 0.0668213115928058 0.25873934778417385
1.1 8.604698 5900.238180515759 0.06423818051575936 4.452 1.0312381805157593 -0.2411 7.165 1.9434287249283668 1.0896 0.7988667263610315 0.06681523638968481 0.2586523638968481
1.1 8.617271 5900.613449140401 0.06461344914040118 4.452 1.0316134491404012 -0.2411 7.165 1.9441042084527222 1.0896 0.7991294143982808 0.06680773101719198 0.25857731017191976
1.1 8.629671 5900.983554202483 0.06498355420248329 4.452 1.0319835542024833 -0.2411 7.165 1.9447703975644701 1.0896 0.7993884879417383 0.06680032891595034 0.2585032891595033
1.1 8.641893 5901.37522505144 0.06537522505144032 4.451624774948559 1.0323752250514402 -0.2411 7.165375225051441 1.9454754050925926 1.0896 0.7996251350308642 0.0667962477494856 0.2583874324845679
1.1 8.653935 5901.762377829218 0.06576237782921811 4.4512376221707814 1.032762377829218 -0.2411 7.1657623778292185 1.9461722800925927 1.0896 0.7998574266975309 0.06679237622170782 0.25827128665123456
1.1 8.665794 5902.153941565601 0.06615394156560087 4.450846058434399 1.0331539415656008 -0.2411 7.166 1.9468924889746417 1.0896 0.8000923649393605 0.06678692116868798 0.25816921168687984
1.1 8.677466 5902.556091510474 0.0665560915104741 4.450443908489526 1.033556091510474 -0.2411 7.166 1.9476565738699008 1.0896 0.8003336549062845 0.06677887816979051 0.25808878169790517
1.1 8.688953 5902.951867420066 0.06695186742006613 4.450048132579934 1.033951867420066 -0.2411 7.166 1.9484085480981255 1.0896 0.8005711204520397 0.06677096265159867 0.2580096265159868
1.1 8.700252 5903.363963831508 0.06772792766301555 4.449636036168492 1.0343639638315079 -0.2411 7.1663639638315075 1.949155134896714 1.0896 0.8007819819157539 0.06676636036168491 0.25789081085054766
1.1 8.711363 5903.772366389767 0.06854473277953395 4.449227633610233 1.034772366389767 -0.2411 7.166772366389767 1.9498902595015806 1.0896 0.8009861831948835 0.06676227633610234 0.2577682900830699
1.1 8.722287 5904.0 0.06918479746884887 4.448815202531151 1.0353695949376975 -0.2411 7.167 1.9506326354439278 1.0896 0.8012108784813093 0.06675630405062302 0.25766304050623023
1.1 8.733023 5904.0 0.0696041560876528 4.448395843912348 1.0362083121753056 -0.2411 7.167 1.951387480957775 1.0896 0.8014624936525917 0.06674791687824694 0.25757916878246945
1.1 8.743576 5904.017331237591 0.07001733123759096 4.4479826687624096 1.037017331237591 -0.2411 7.167017331237591 1.9521311962276637 1.0896 0.8017103987425546 0.06673982668762408 0.2574948006287227
1.1 8.753944 5904.4461863004635 0.07044618630046329 4.447553813699537 1.0374461863004631 -0.2411 7.167446186300463 1.952903135340834 1.0896 0.8019677117802779 0.06673553813699536 0.25736614410986103
1.1 8.764131 5904.867554599603 0.07086755459960291 4.447132445400397 1.037867554599603 -0.2411 7.167867554599603 1.9536615982792853 1.0896 0.8022205327597618 0.06673132445400397 0.2572397336201191
1.1 8.774138 5905.297148596132 0.07129714859613118 4.4467028514038685 1.0382971485961312 -0.2411 7.168 1.954434867473036 1.0896 0.8024782891576787 0.06672405702807738 0.25714057028077375
1.1 8.785851 5905.808610977687 0.07180861097768652 4.446191389022314 1.0388086109776864 -0.2411 7.168 1.9553554997598357 1.0896 0.8027851665866119 0.06671382778044627 0.2570382778044627
1.1 8.7995 5906.425964234818 0.07242596423481819 4.445574035765182 1.0394259642348183 -0.2411 7.168425964234818 1.956424139199191 1.0896 0.8031555785408909 0.06670574035765182 0.25691480715303633
1.1 8.815334 5907.0 0.07316157373883658 4.444838426261164 1.0401615737388366 -0.2411 7.169161573738836 1.9576908327299058 1.0896 0.803596944243302 0.06669838426261163 0.25676768525223265
1.1 8.833602 5907.045516613564 0.07404551661356402 4.4439544833864355 1.041045516613564 -0.2411 7.17 1.9592819299044153 1.0896 0.804122758306782 0.06668908966772871 0.2565863450159308
1.1 8.853335 5908.045476177886 0.0750909523557717 4.442954523822114 1.042045476177886 -0.2411 7.170045476177886 1.9610818571201947 1.0896 0.80463183332452 0.06666954523822113 0.2562909047644228
1.1 8.872209 5909.0 0.07704541691959607 4.441954583080404 1.043045416919596 -0.2411 7.171 1.9628862921472325 1.0896272501517577 0.805577043209536 0.06658687875945032 0.2561090833839192
1.1 8.890297 5909.045412738561 0.07804541273856061 4.440954587261439 1.0440908254771213 -0.2411 7.171045412738561 1.964786284203265 1.0902 0.8114272476431363 0.0650495458726144 0.2562863761784318
1.1 8.907662 5910.045378452708 0.07904537845270838 4.439954621547292 1.0460453784527084 -0.2411 7.172 1.9666862190601457 1.0902 0.8120272270716251 0.06503909243094583 0.25599092430945836
1.1 8.924359 5911.045327538031 0.08004532753803172 4.438954672461969 1.0470453275380316 -0.2411 7.172045327538031 1.9685906550760635 1.0902 0.812627196522819 0.06501954672461968 0.2557864017385905
1.1 8.940438 5912.045331616227 0.0810453316162267 4.437954668383773 1.0480453316162268 -0.2411 7.173 1.9705906632324532 1.0902 0.813227198969736 0.06500909336767546 0.2554909336767547
1.1 8.955943 5913.0 0.08209056956115779 4.437 1.049045284780579 -0.2411 7.173045284780579 1.9725860410830998 1.0902 0.8138271708683473 0.06498954715219421 0.2552909430438842
1.1 8.970913 5913.045197350262 0.08404519735026222 4.436954802649738 1.0500451973502622 -0.2411 7.174 1.9744903947005243 1.0902 0.8144225986751311 0.06497909605299475 0.2550864407949213
1.1 8.985385 5914.045276292335 0.08504527629233519 4.435954723707665 1.051045276292335 -0.2411 7.174045276292335 1.9764950802139039 1.0902 0.814927165775401 0.06495954723707666 0.2547864171122995
1.1 8.999389 5915.045193581628 0.08604519358162818 4.4349548064183715 1.0520903871632563 -0.2411 7.175045193581628 1.9785903871632562 1.0902 0.8155271161489769 0.06494909612836743 0.2544909612836744
1.1 9.012955 5916.045088811295 0.08704508881129494 4.433954911188705 1.0540450888112949 -0.2411 7.176 1.9805946865037194 1.0902 0.816127053286777 0.06492954911188706 0.25428647335661153
1.1 9.026112 5917.045123954016 0.08809024790803155 4.432954876045984 1.0550451239540157 -0.2411 7.176045123954016 1.982694760303433 1.0902 0.8167270743724094 0.06491909752091969 0.25399097520919683
1.1 9.038882 5918.045084936801 0.09004508493680044 4.4319549150632 1.0560450849368004 -0.2411 7.177 1.9847946783672807 1.0902 0.8173270509620802 0.06489909830126399 0.2537864745189599
1.1 9.051288 5919.0 0.09104514579191508 4.4309548542080845 1.057045145791915 -0.2411 7.177045145791915 1.9868993207422132 1.0902 0.817927087475149 0.06487954854208085 0.253490970841617
1.1 9.063348 5919.045365563026 0.09204536556302656 4.429954634436974 1.0580453655630266 -0.2411 7.178 1.989095267682356 1.0902 0.8185272193378159 0.06486909268873947 0.25328639033109207
1.1 9.07508 5920.0451048951045 0.09309020979020967 4.428954895104895 1.0590902097902095 -0.2411 7.178045104895105 1.9911992307692308 1.0902 0.8191270629370629 0.0648490979020979 0.25298646853146856
1.1 9.086506 5921.045038578863 0.0950450385788623 4.427954961421138 1.0610450385788623 -0.2411 7.179 1.993399084873497 1.0902225192894313 0.8199927507626049 0.06475523595908858 0.2527090077157724
1.1 9.097639 5922.0449986196745 0.09604499861967424 4.426955001380326 1.0620449986196743 -0.2411 7.179044998619674 1.9955989969632835 1.0907 0.8262269991718045 0.06316955001380326 0.2528865004140977
1.1 9.108494 5923.045008492169 0.09704500849216834 4.425954991507832 1.0630450084921683 -0.2411 7.180045008492168 1.9977990186827703 1.0907 0.8268270050953009 0.06315909983015663 0.25259099830156634
1.1 9.119084 5924.04531838825 0.09809063677650029 4.42495468161175 1.0640453183882501 -0.2411 7.181 1.9999997004541503 1.0907 0.8274271910329501 0.0631395468161175 0.25238640448352495
1.1 9.129419 5925.045009397567 0.10004500939756658 4.423954990602434 1.065090018795133 -0.2411 7.181045009397566 2.002203521614403 1.0907 0.8280225046987832 0.06312909981204867 0.25208649718073
1.1 9.139517 5926.044948370115 0.1010449483701154 4.422955051629884 1.0670449483701154 -0.2411 7.182 2.0045033812512654 1.0907 0.8285269690220692 0.06310910103259769 0.2517865154889654
1.1 9.149385 5927.044932187597 0.10204493218759708 4.421955067812402 1.068044932187597 -0.2411 7.182044932187598 2.006803344031473 1.0907 0.8291314525313179 0.06308910135624805 0.2514910135624806
1.1 9.159035 5928.044983065199 0.10308996613039793 4.420955016934801 1.069044983065199 -0.2411 7.183044983065199 2.0091034610499574 1.0907 0.8298269898391194 0.06306955016934801 0.2512865050804403
1.1 9.168474 5929.044997295836 0.10504499729583554 4.419955002704165 1.070089994591671 -0.2411 7.184 2.011407993510005 1.0907 0.8304269983775013 0.0630591000540833 0.25098650081124935
1.1 9.17771 5930.044952507179 0.10604495250717906 4.418955047492821 1.0720449525071791 -0.2411 7.184044952507179 2.013803390766512 1.0907 0.8310269715043074 0.06303910094985642 0.25069100949856415
1.1 9.186756 5931.044983089065 0.10708996617812888 4.417955016910936 1.0730449830890645 -0.2411 7.185 2.0161079594137545 1.0907 0.8316314881623451 0.06301955016910936 0.2504865050732807
1.1 9.195617 5932.044868844915 0.109044868844915 4.416955131155085 1.07408973768983 -0.2411 7.185044868844915 2.018503198343305 1.0907 0.8323269213069491 0.06300910262310169 0.25018653934652546
1.1 9.204302 5933.0 0.11004494250176008 4.41595505749824 1.0760449425017602 -0.2411 7.18604494250176 2.0208078620042245 1.0907 0.832926965501056 0.0629891011499648 0.24988651724947197
1.1 9.212816 5933.089766606822 0.11108976660682227 4.414955116696589 1.0770448833034112 -0.2411 7.187 2.0232077199281866 1.0907269299820468 0.833814183123878 0.06289280071813284 0.2496089766606822
1.1 9.221166 5935.045127454568 0.11304512745456766 4.413954872545432 1.0780451274545677 -0.2411 7.187045127454568 2.0256083058909624 1.0913 0.8405270764727406 0.06124954872545432 0.2497864617636297
1.1 9.229357 5936.0 0.1140449801192844 4.412955019880716 1.0790899602385688 -0.2411 7.188 2.0280124502982106 1.0913 0.8411314860834991 0.061239100397614314 0.24948650596421468
1.1 9.237398 5936.044925335358 0.11508985067071648 4.411910149329284 1.0810449253353582 -0.2411 7.188044925335358 2.030512313338396 1.0913 0.841826955201215 0.061219101493292835 0.24918652239939254
1.1 9.245293 5937.044845360825 0.11704484536082482 4.409955154639175 1.082044845360825 -0.2411 7.189044845360825 2.0330121134020622 1.0913 0.8424313917525774 0.0611991030927835 0.24888654639175256
1.1 9.253047 5938.044870112832 0.11804487011283125 4.408955129887168 1.0830897402256625 -0.2411 7.19 2.0355121752820784 1.0913 0.8431314090789819 0.06117955129887168 0.24859102597743374
1.1 9.260665 5939.045114789108 0.11909022957821658 4.407954885210892 1.0850451147891083 -0.2411 7.1900451147891085 2.0380127869727707 1.0913 0.8438270688734649 0.061169097704217835 0.24838646556326752
1.1 9.26815 5940.044936193321 0.12104493619332078 4.406955063806679 1.0860449361933209 -0.2411 7.191 2.040512340483302 1.0913 0.8444314553353246 0.061149101276133586 0.24808651914200375
1.1 9.275509 5941.044739022369 0.12204473902236938 4.40595526097763 1.0870894780447387 -0.2411 7.191044739022369 2.0430163214581603 1.0913 0.8451268434134216 0.06112910521955261 0.24778657829328918
1.1 9.282747 5942.044918585065 0.12308983717012924 4.404955081414935 1.0890449185850646 -0.2411 7.192044918585065 2.0456167883211682 1.0913 0.8457314430095453 0.061109101628298704 0.2474865244244806
1.1 9.289865 5943.044812330527 0.1250448123305268 4.403955187669473 1.0900448123305269 -0.2411 7.193044812330527 2.048212030826317 1.0913 0.8464268873983161 0.06108955187669473 0.24718655630084196
1.1 9.296869 5944.0450920690155 0.1260450920690155 4.402954907930984 1.091090184138031 -0.2411 7.194 2.050721748586342 1.0913 0.8470315644483108 0.06107909815861969 0.24688647237929537
1.1 9.30376 5945.0449189985275 0.12708983799705476 4.401955081001473 1.0930449189985274 -0.2411 7.194044918998527 2.0534167893961714 1.0913269513991164 0.8480368924889553 0.060980044182621276 0.2466089837997055
1.1 9.310545 5946.044876589379 0.1290448765893791 4.400955123410621 1.0940897531787583 -0.2411 7.195 2.0560211667913233 1.0919 0.8552359012715033 0.05927910246821242 0.24678653702318626
1.1 9.317225 5947.0448055893075 0.1300896111786152 4.399910388821385 1.0960448055893077 -0.2411 7.1950448055893075 2.0587209750911306 1.0919 0.8560313639125153 0.05925910388821385 0.2464865583232077
1.1 9.323805 5948.044879703886 0.1320448797038866 4.397955120296113 1.0970448797038865 -0.2411 7.196044879703886 2.061421175200494 1.0919 0.8567314157927206 0.059239551202961135 0.24618653608883403
1.1 9.330286 5949.045070422535 0.13304507042253513 4.396954929577465 1.0980901408450703 -0.2411 7.197 2.064121690140845 1.0919 0.8574315492957746 0.059229098591549297 0.24588647887323947
1.1 9.33667 5950.04478323011 0.13408956646021927 4.39595521676989 1.1000447832301097 -0.2411 7.19704478323011 2.066820914721296 1.0919 0.8581313482610767 0.059209104335397805 0.24558656503096712
1.1 9.342963 5951.044780927835 0.136044780927835 4.394955219072164 1.10108956185567 -0.2411 7.198044780927836 2.0695209085051545 1.0919 0.8588313466494845 0.0591891043814433 0.24528656572164947
1.1 9.349167 5952.04477124183 0.1370895424836599 4.39395522875817 1.1030447712418299 -0.2411 7.199 2.0722253594771236 1.0919 0.859531339869281 0.0591695522875817 0.24498656862745102
1.1 9.355283 5953.04473902237 0.13904473902236958 4.39295526097763 1.1040894780447392 -0.2411 7.199044739022369 2.075025269262635 1.0919 0.8602313173156587 0.05915910521955261 0.24468657829328913
1.1 9.361314 5954.0 0.14008941176470585 4.391955294117648 1.106044705882353 -0.2411 7.200044705882353 2.077829647058824 1.0919 0.8609357647058823 0.05913910588235294 0.24438658823529413
1.1 9.367263 5954.045129427793 0.1420451294277927 4.390909741144415 1.1070902588555853 -0.2411 7.201 2.0807263623978196 1.0919 0.8617361035422342 0.059119097411444145 0.2440864611716622
1.1 9.373129 5955.044709131711 0.14304470913171063 4.38895529086829 1.1090447091317106 -0.2411 7.20104470913171 2.083529656481961 1.0919178836526844 0.8627771966166061 0.05903830139823929 0.2438
1.1 9.378919 5956.044778730104 0.14408955746020646 4.3879552212698965 1.1100895574602065 -0.2411 7.202044778730103 2.0864298583172993 1.0923 0.8687358229840826 0.05771910442539793 0.24378656638096902
1.1 9.384633 5957.0448343079925 0.146044834307992 4.386955165692007 1.112044834307992 -0.2411 7.203044834307993 2.0893300194931768 1.0923 0.8695313840155945 0.057699103313840164 0.2434865497076024
1.1 9.390273 5958.044891362902 0.14708978272580395 4.3859551086370985 1.113089782725804 -0.2411 7.204 2.0922301849524154 1.0923 0.8702359130903216 0.05767955108637098 0.2431865325911294
1.1 9.39584 5959.0450909090905 0.14904509090909074 4.384909818181819 1.1150450909090908 -0.2411 7.204045090909091 2.095130763636363 1.0923 0.8710360727272726 0.05766909818181818 0.2428864727272728
1.1 9.401335 5960.044743141226 0.15008948628245233 4.382955256858774 1.1160894862824524 -0.2411 7.205044743141226 2.0980342294236785 1.0923 0.871835794512981 0.05764910513717548 0.24258657705763215
1.1 9.406763 5961.044742729307 0.15204474272930643 4.381955257270693 1.1180447427293065 -0.2411 7.206 2.1010342281879195 1.0923 0.8726357941834452 0.05762910514541387 0.24228657718120805
1.1 9.412124 5962.044725419891 0.1530894508397812 4.38095527458011 1.1190894508397813 -0.2411 7.206044725419891 2.104038648801661 1.0923 0.8734357803359124 0.05760910549160219 0.2419865823740328
1.1 9.41742 5963.044716223963 0.15504471622396346 4.379955283776036 1.1210894324479268 -0.2411 7.2070447162239635 2.107138620294287 1.0923 0.8742357729791708 0.05758955283776037 0.24168658513281097
1.1 9.422652 5964.0 0.15609008312391248 4.378909916876087 1.1230450415619562 -0.2411 7.208 2.1102396288420646 1.0923225207809781 0.8753017784651068 0.05751559056640257 0.2414
1.1 9.42782 5964.044609665428 0.1580446096654275 4.376955390334572 1.1240892193308551 -0.2411 7.208044609665428 2.113338289962825 1.0928 0.881735687732342 0.056149107806691446 0.24138661710037176
1.1 9.432929 5965.044734758511 0.15908946951702282 4.375955265241489 1.1260447347585114 -0.2411 7.209044734758511 2.1164431512272364 1.0928 0.8825357878068091 0.05612910530482977 0.24108657957244659
1.1 9.437979 5966.04485382459 0.16104485382458975 4.37495514617541 1.1270897076491795 -0.2411 7.21004485382459 2.119639046856228 1.0928 0.8833358830596718 0.0561095514617541 0.2407820584701641
1.1 9.44297 5967.044773095624 0.1620895461912486 4.373910453808751 1.1290895461912487 -0.2411 7.211 2.1227432739059977 1.0928 0.8841402957860619 0.05609910453808751 0.2403865680713127
1.1 9.447905 5968.045063498566 0.1640450634985663 4.371954936501433 1.1310450634985663 -0.2411 7.211045063498567 2.1259487095452685 1.0928 0.8850360507988531 0.05607909873002867 0.24008648095043011
1.1 9.452783 5969.044748290864 0.16508949658172778 4.370955251709137 1.1320894965817276 -0.2411 7.212044748290864 2.129247669359851 1.0928 0.8858402734617775 0.056059105034182724 0.23978657551274085
1.1 9.46238 5971.044684455739 0.16808936891147824 4.367955315544261 1.136044684455739 -0.2411 7.213044684455739 2.135847458703939 1.0928089368911478 0.8878234222786956 0.05597620923337566 0.23919553155442608
1.1 9.47177 5972.044795498809 0.1720447954988097 4.36595520450119 1.1390895909976193 -0.2411 7.21504479549881 2.1425523046959527 1.093 0.8935403159489287 0.0550195520450119 0.23878208180047614
1.1 9.480959 5974.044631020769 0.17504463102076884 4.3629553689792315 1.143044631020769 -0.2411 7.217 2.149356208572691 1.093 0.895340167918692 0.05498910737958462 0.23808661069376935
1.1 9.48996 5976.044665012407 0.1780446650124068 4.360910669975186 1.1460893300248134 -0.2411 7.218044665012407 2.1562607940446643 1.093 0.8972401985111661 0.054949106699751865 0.2374821339950373
1.1 9.503119 5978.044640781213 0.1830446407812137 4.355955359218786 1.1510892815624274 -0.2411 7.221 2.1670651708904907 1.0933 0.9044401767030923 0.05390910718437573 0.23668660776563588
1.1 9.511676 5980.044570886676 0.18604457088667606 4.353910858226648 1.1550891417733522 -0.2411 7.222044570886676 2.174369369369369 1.0933 0.9063445708866761 0.05387910858226647 0.23608217164532957
1.1 9.520068 5982.0 0.18908992023205193 4.350910079767948 1.159089920232052 -0.2411 7.224 2.181870848440899 1.0933 0.908344960116026 0.05383910079767948 0.2353865119651922
1.1 9.532358 5984.044742729307 0.19408948545861313 4.3469105145413875 1.1650894854586131 -0.2411 7.226044742729306 2.1934744966442956 1.0936 0.9160447427293066 0.05277910514541387 0.23458657718120804
1.1 9.540363 5986.0 0.19804482147379057 4.343910357052419 1.1690896429475812 -0.2411 7.22804482147379 2.2013792858951624 1.0936 0.9181493036211696 0.052739551785262094 0.23388655355786284
1.1 9.5521 5988.044733420026 0.2030447334200258 4.338955266579974 1.1750894668400516 -0.2411 7.230044733420026 2.213487880364108 1.0936 0.9214492067620283 0.052689105331599484 0.23288657997399226
1.1 9.559752 5989.044744506222 0.20608948901244356 4.335955255493778 1.1790894890124437 -0.2411 7.232044744506222 2.221887926926131 1.0939 0.928449218956844 0.051619105109875565 0.2324821021975113
1.1 9.570983 5991.044812601847 0.21108962520369406 4.331910374796306 1.1850896252036942 -0.2411 7.235044812601847 2.2343882129277577 1.0939 0.9319537751222164 0.05156910374796306 0.23138655621944587
1.1 9.581931 5993.044846796657 0.21608969359331495 4.326910306406685 1.191089693593315 -0.2411 7.238044846796658 2.246983871866296 1.0939 0.935653816155989 0.05151955153203343 0.23038654596100275
1.1 9.589079 5994.044733861835 0.2200894677236697 4.32391053227633 1.1960894677236698 -0.2411 7.24008946772367 2.2552878822197067 1.0942 0.9431581540203854 0.05042955266138165 0.22998657984144955
1.1 9.599586 5995.044953596288 0.22508990719257613 4.318910092807424 1.2020899071925761 -0.2411 7.244044953596288 2.2678977958236675 1.0942 0.9471584396751745 0.05038955046403712 0.22908201856148477
1.1 9.609844 5996.04455004455 0.23008910008910094 4.31395544995545 1.209089100089101 -0.2411 7.2470891000891005 2.281309385209387 1.0942 0.9511623700623706 0.05034910899910899 0.22808663498663487
1.1 9.619865 5997.0 0.23508933454876946 4.308955332725615 1.2160893345487693 -0.2411 7.251044667274385 2.295618869644485 1.0942 0.9555670009115771 0.05030955332725615 0.2270865998176846
1.1 9.629661 5997.0 0.24008890270438377 4.303911097295616 1.2231333540565756 -0.2411 7.254044451352192 2.3102267018961786 1.0942 0.960071122163507 0.05026955548647808 0.22618666459434245
1.1 9.63924 5997.0 0.24604447268106733 4.298911054637865 1.230133418043202 -0.2411 7.258044472681068 2.325222363405337 1.0945 0.9710711562897077 0.04898955527318932 0.2254866581956798
1.1 9.651694 5996.954887218045 0.2530451127819554 4.291909774436089 1.2401353383458662 -0.2411 7.263090225563911 2.3451165413533857 1.0945 0.9777812030075197 0.048959548872180444 0.22429097744360893
1.1 9.660804 5995.0 0.25708945260347194 4.286910547396528 1.248089452603472 -0.2411 7.269089452603472 2.3595102136181594 1.0945 0.9830849799732984 0.04893955273698264 0.2234910547396528
1.1 9.669727 5992.955366269165 0.26204463373083464 4.280955366269165 1.2551339011925038 -0.2411 7.27508926746167 2.3732963884156724 1.0945 0.9886892674616693 0.04893 0.22289107325383306
1.1 9.681347 5987.910426871938 0.26704478656403086 4.274910426871939 1.2650895731280616 -0.2411 7.283089573128062 2.375798460461861 1.0942 0.9901940517844647 0.05018044786564031 0.22199552134359693
1.1 9.689862 5981.866167023554 0.27004461099214866 4.269955389007851 1.2720892219842974 -0.2411 7.289089221984297 2.366306316916488 1.0942 0.996802605281942 0.05022044610992149 0.2218
1.1 9.700961 5970.867130307467 0.273044289897511 4.263911420204979 1.2811328696925328 -0.2411 7.295044289897511 2.3554993045387995 1.0939 1.0011328696925328 0.051340885797950216 0.2215
1.1 9.709105 5960.910481163745 0.27508951883625443 4.2589104811637455 1.2881342782543816 -0.2411 7.298089518836255 2.347741700857887 1.0936 1.0040895188362544 0.05245044759418127 0.2213955240581873
1.1 9.719729 5947.723091976517 0.27827690802348304 4.251723091976517 1.2994153620352245 -0.2411 7.302276908023483 2.345544569471623 1.093 1.0054153620352244 0.05453138454011742 0.2211723091976517
1.1 9.7301 5931.898843930634 0.281 4.244483140655106 1.3100337186897884 -0.2411 7.306449421965317 2.3442605491329425 1.092541570327553 1.0089325626204229 0.05634461464354561 0.22125168593448943
1.1 9.740228 5918.4604674291395 0.28538488314271504 4.23623023371457 1.3227697662854303 -0.2411 7.311384883142715 2.3537701143709597 1.092146046742914 1.0164604674291398 0.0576411387369468 0.22092302337145697
1.1 9.750127 5898.948648648647 0.288 4.228 1.335 -0.2411 7.317974324324323 2.3663408108108035 1.0913 1.0180256756756767 0.0603907702702703 0.22100513513513537
1.1 9.759805 5883.831193838254 0.292 4.219610397946084 1.3477792041078307 -0.2411 7.3173896020539155 2.3483129653401797 1.0907 1.0237792041078306 0.06219558408215661 0.22083896020539154
1.1 9.769271 5863.561860465115 0.294 4.211280930232558 1.3614381395348847 -0.2411 7.324 2.36746958139535 1.0896 1.0244381395348845 0.06557438139534884 0.2208
1.1 9.780821 5845.386809269164 0.301 4.199 1.3806131907308368 -0.2411 7.335613190730837 2.4036716577540083 1.0886 1.031 0.06829 0.2201
nan nan nan nan nan nan nan nan nan nan nan nan nan
nan nan nan nan nan nan nan nan nan nan nan nan nan
nan nan nan nan nan nan nan nan nan nan nan nan nan
nan nan nan nan nan nan nan nan nan nan nan nan nan
nan nan nan nan nan nan nan nan nan nan nan nan nan
nan nan nan nan nan nan nan nan nan nan nan nan nan
nan nan nan nan nan nan nan nan nan nan nan nan nan
nan nan nan nan nan nan nan nan nan nan nan nan nan
nan nan nan nan nan nan nan nan nan nan nan nan nan
nan nan nan nan nan nan nan nan nan nan nan nan nan
nan nan nan nan nan nan nan nan nan nan nan nan nan
nan nan nan nan nan nan nan nan nan nan nan nan nan
nan nan nan nan nan nan nan nan nan nan nan nan nan
nan nan nan nan nan nan nan nan nan nan nan nan nan
nan nan nan nan nan nan nan nan nan nan nan nan nan
nan nan nan nan nan nan nan nan nan nan nan nan nan
nan nan nan nan nan nan nan nan nan nan nan nan nan
nan nan nan nan nan nan nan nan nan nan nan nan nan
nan nan nan nan nan nan nan nan nan nan nan nan nan
nan nan nan nan nan nan nan nan nan nan nan nan nan
nan nan nan nan nan nan nan nan nan nan nan nan nan
nan nan nan nan nan nan nan nan nan nan nan nan nan
