# M_Ms    log_t_yr  Teff     L_Ls    g   R_Rs Log_Li_Li0 logTc  logROc   Mrad     Rrad       k2conv      k2rad
 0.080     5.694252     2836.  -1.197  3.302  1.045   0.0000   5.814  -0.2109  0.0000   0.000E+00  4.401E-01  0.000E+00
 0.080     5.701610     2837.  -1.201  3.307  1.040   0.0000   5.816  -0.2044  0.0000   0.000E+00  4.403E-01  0.000E+00
 0.080     5.708992     2839.  -1.205  3.312  1.034   0.0000   5.818  -0.1979  0.0000   0.000E+00  4.405E-01  0.000E+00
 0.080     5.723844     2841.  -1.213  3.321  1.023   0.0000   5.822  -0.1849  0.0000   0.000E+00  4.409E-01  0.000E+00
 0.080     5.731321     2843.  -1.217  3.326  1.017   0.0000   5.824  -0.1785  0.0000   0.000E+00  4.411E-01  0.000E+00
 0.080     5.746391     2846.  -1.224  3.335  1.006   0.0000   5.827  -0.1655  0.0000   0.000E+00  4.415E-01  0.000E+00
 0.080     5.753994     2847.  -1.228  3.340  1.001   0.0000   5.829  -0.1591  0.0000   0.000E+00  4.416E-01  0.000E+00
 0.080     5.761647     2849.  -1.232  3.345  0.995   0.0000   5.831  -0.1526  0.0000   0.000E+00  4.418E-01  0.000E+00
 0.080     5.769360     2850.  -1.236  3.350  0.990   0.0000   5.833  -0.1461  0.0000   0.000E+00  4.420E-01  0.000E+00
 0.080     5.784988     2853.  -1.243  3.359  0.979   0.0000   5.837  -0.1332  0.0000   0.000E+00  4.424E-01  0.000E+00
 0.080     5.792919     2855.  -1.247  3.364  0.974   0.0000   5.839  -0.1267  0.0000   0.000E+00  4.426E-01  0.000E+00
 0.080     5.800940     2857.  -1.251  3.369  0.968   0.0000   5.841  -0.1203  0.0000   0.000E+00  4.428E-01  0.000E+00
 0.080     5.809063     2859.  -1.254  3.373  0.963   0.0000   5.843  -0.1138  0.0000   0.000E+00  4.430E-01  0.000E+00
 0.080     5.825668     2862.  -1.261  3.383  0.953   0.0000   5.847  -0.1009  0.0000   0.000E+00  4.433E-01  0.000E+00
 0.080     5.834179     2864.  -1.265  3.387  0.948   0.0000   5.849  -0.0945  0.0000   0.000E+00  4.435E-01  0.000E+00
 0.080     5.842853     2866.  -1.268  3.392  0.943   0.0000   5.851  -0.0881  0.0000   0.000E+00  4.437E-01  0.000E+00
 0.080     5.851713     2868.  -1.272  3.397  0.938   0.0000   5.853  -0.0817  0.0000   0.000E+00  4.439E-01  0.000E+00
 0.080     5.860786     2870.  -1.275  3.401  0.933   0.0000   5.854  -0.0753  0.0000   0.000E+00  4.440E-01  0.000E+00
 0.080     5.870101     2872.  -1.279  3.406  0.928   0.0000   5.856  -0.0689  0.0000   0.000E+00  4.442E-01  0.000E+00
 0.080     5.879690     2874.  -1.282  3.410  0.923   0.0000   5.858  -0.0626  0.0000   0.000E+00  4.444E-01  0.000E+00
 0.080     5.889601     2876.  -1.285  3.415  0.918   0.0000   5.860  -0.0563  0.0000   0.000E+00  4.445E-01  0.000E+00
 0.080     5.899881     2879.  -1.288  3.420  0.913   0.0000   5.862  -0.0500  0.0000   0.000E+00  4.447E-01  0.000E+00
 0.080     5.910594     2881.  -1.291  3.424  0.908   0.0000   5.864  -0.0438  0.0000   0.000E+00  4.449E-01  0.000E+00
 0.080     5.921788     2883.  -1.295  3.429  0.904   0.0000   5.866  -0.0376  0.0000   0.000E+00  4.450E-01  0.000E+00
 0.080     5.932832     2885.  -1.297  3.433  0.899   0.0000   5.868  -0.0319  0.0000   0.000E+00  4.452E-01  0.000E+00
 0.080     5.943724     2888.  -1.300  3.437  0.895   0.0000   5.869  -0.0265  0.0000   0.000E+00  4.453E-01  0.000E+00
 0.080     5.954461     2890.  -1.302  3.440  0.892   0.0000   5.871  -0.0215  0.0000   0.000E+00  4.455E-01  0.000E+00
 0.080     5.965038     2891.  -1.305  3.443  0.888   0.0000   5.872  -0.0169  0.0000   0.000E+00  4.456E-01  0.000E+00
 0.080     5.975456     2893.  -1.307  3.447  0.885   0.0000   5.873  -0.0127  0.0000   0.000E+00  4.457E-01  0.000E+00
 0.080     5.985712     2895.  -1.308  3.449  0.882   0.0000   5.875  -0.0087  0.0000   0.000E+00  4.458E-01  0.000E+00
 0.080     5.995806     2897.  -1.310  3.452  0.880   0.0000   5.876  -0.0051  0.0000   0.000E+00  4.459E-01  0.000E+00
 0.080     6.005738     2898.  -1.312  3.455  0.877   0.0000   5.877  -0.0017  0.0000   0.000E+00  4.460E-01  0.000E+00
 0.080     6.015511     2899.  -1.313  3.457  0.875   0.0000   5.878   0.0014  0.0000   0.000E+00  4.461E-01  0.000E+00
 0.080     6.025121     2901.  -1.315  3.459  0.873   0.0000   5.879   0.0043  0.0000   0.000E+00  4.461E-01  0.000E+00
 0.080     6.034580     2902.  -1.316  3.461  0.871   0.0000   5.880   0.0070  0.0000   0.000E+00  4.462E-01  0.000E+00
 0.080     6.045663     2903.  -1.317  3.463  0.869   0.0000   5.880   0.0099  0.0000   0.000E+00  4.463E-01  0.000E+00
 0.080     6.058597     2904.  -1.319  3.465  0.866   0.0000   5.881   0.0131  0.0000   0.000E+00  4.464E-01  0.000E+00
 0.080     6.073630     2905.  -1.321  3.468  0.864   0.0000   5.882   0.0165  0.0000   0.000E+00  4.465E-01  0.000E+00
 0.080     6.091005     2907.  -1.322  3.470  0.861   0.0000   5.883   0.0200  0.0000   0.000E+00  4.466E-01  0.000E+00
 0.080     6.110771     2908.  -1.324  3.473  0.859   0.0000   5.885   0.0237  0.0000   0.000E+00  4.466E-01  0.000E+00
 0.080     6.128903     2909.  -1.326  3.475  0.856   0.0000   5.886   0.0271  0.0000   0.000E+00  4.467E-01  0.000E+00
 0.080     6.145662     2911.  -1.327  3.478  0.854   0.0000   5.887   0.0302  0.0000   0.000E+00  4.468E-01  0.000E+00
 0.080     6.161248     2912.  -1.329  3.480  0.852   0.0000   5.888   0.0331  0.0000   0.000E+00  4.469E-01  0.000E+00
 0.080     6.175805     2913.  -1.330  3.482  0.850   0.0000   5.888   0.0359  0.0000   0.000E+00  4.470E-01  0.000E+00
 0.080     6.189454     2914.  -1.331  3.484  0.848   0.0000   5.889   0.0386  0.0000   0.000E+00  4.470E-01  0.000E+00
 0.080     6.202287     2915.  -1.333  3.486  0.846   0.0000   5.890   0.0412  0.0000   0.000E+00  4.471E-01  0.000E+00
 0.080     6.214388     2916.  -1.334  3.487  0.845   0.0000   5.891   0.0438  0.0000   0.000E+00  4.472E-01  0.000E+00
 0.080     6.225823     2917.  -1.335  3.489  0.843   0.0000   5.892   0.0463  0.0000   0.000E+00  4.472E-01  0.000E+00
 0.080     6.236648     2918.  -1.336  3.491  0.841   0.0000   5.892   0.0489  0.0000   0.000E+00  4.473E-01  0.000E+00
 0.080     6.246912     2919.  -1.337  3.493  0.839   0.0000   5.893   0.0513  0.0000   0.000E+00  4.474E-01  0.000E+00
 0.080     6.256662     2920.  -1.339  3.495  0.837   0.0000   5.894   0.0538  0.0000   0.000E+00  4.474E-01  0.000E+00
 0.080     6.265935     2921.  -1.340  3.496  0.836   0.0000   5.895   0.0563  0.0000   0.000E+00  4.475E-01  0.000E+00
 0.080     6.274765     2922.  -1.341  3.498  0.834   0.0000   5.896   0.0587  0.0000   0.000E+00  4.476E-01  0.000E+00
 0.080     6.283184     2923.  -1.342  3.500  0.832   0.0000   5.896   0.0611  0.0000   0.000E+00  4.476E-01  0.000E+00
 0.080     6.291218     2923.  -1.344  3.502  0.831   0.0000   5.897   0.0635  0.0000   0.000E+00  4.477E-01  0.000E+00
 0.080     6.298897     2924.  -1.345  3.503  0.829   0.0000   5.898   0.0659  0.0000   0.000E+00  4.477E-01  0.000E+00
 0.080     6.306241     2924.  -1.347  3.505  0.827   0.0000   5.898   0.0682  0.0000   0.000E+00  4.478E-01  0.000E+00
 0.080     6.313272     2924.  -1.349  3.507  0.826   0.0000   5.899   0.0706  0.0000   0.000E+00  4.479E-01  0.000E+00
 0.080     6.320011     2924.  -1.350  3.508  0.824   0.0000   5.900   0.0729  0.0000   0.000E+00  4.479E-01  0.000E+00
 0.080     6.326475     2924.  -1.352  3.510  0.823   0.0000   5.901   0.0752  0.0000   0.000E+00  4.480E-01  0.000E+00
 0.080     6.332679     2924.  -1.353  3.512  0.821   0.0000   5.901   0.0775  0.0000   0.000E+00  4.480E-01  0.000E+00
 0.080     6.338640     2924.  -1.355  3.513  0.820   0.0000   5.902   0.0797  0.0000   0.000E+00  4.481E-01  0.000E+00
 0.080     6.344371     2925.  -1.356  3.515  0.818   0.0000   5.903   0.0820  0.0000   0.000E+00  4.482E-01  0.000E+00
 0.080     6.349881     2925.  -1.358  3.517  0.817   0.0000   5.903   0.0843  0.0000   0.000E+00  4.482E-01  0.000E+00
 0.080     6.355187     2925.  -1.359  3.518  0.815   0.0000   5.904   0.0865  0.0000   0.000E+00  4.483E-01  0.000E+00
 0.080     6.360296     2925.  -1.361  3.520  0.813   0.0000   5.905   0.0887  0.0000   0.000E+00  4.483E-01  0.000E+00
 0.080     6.365220     2925.  -1.362  3.522  0.812   0.0000   5.905   0.0910  0.0000   0.000E+00  4.484E-01  0.000E+00
 0.080     6.369969     2925.  -1.364  3.523  0.810   0.0000   5.906   0.0932  0.0000   0.000E+00  4.485E-01  0.000E+00
 0.080     6.374549     2926.  -1.365  3.525  0.809   0.0000   5.907   0.0954  0.0000   0.000E+00  4.485E-01  0.000E+00
 0.080     6.383237     2926.  -1.368  3.528  0.806   0.0000   5.908   0.0998  0.0000   0.000E+00  4.486E-01  0.000E+00
 0.080     6.391346     2926.  -1.371  3.531  0.803   0.0000   5.910   0.1041  0.0000   0.000E+00  4.487E-01  0.000E+00
 0.080     6.402536     2927.  -1.376  3.536  0.799   0.0000   5.912   0.1105  0.0000   0.000E+00  4.489E-01  0.000E+00
 0.080     6.409412     2927.  -1.379  3.539  0.796   0.0000   5.913   0.1147  0.0000   0.000E+00  4.490E-01  0.000E+00
 0.080     6.421934     2928.  -1.384  3.545  0.791   0.0000   5.915   0.1230  0.0000   0.000E+00  4.492E-01  0.000E+00
 0.080     6.430380     2928.  -1.388  3.549  0.787   0.0000   5.917   0.1291  0.0000   0.000E+00  4.494E-01  0.000E+00
 0.080     6.440552     2928.  -1.394  3.555  0.781   0.0000   5.920   0.1371  0.0000   0.000E+00  4.496E-01  0.000E+00
 0.080     6.449648     2929.  -1.399  3.560  0.776   0.0000   5.922   0.1449  0.0000   0.000E+00  4.498E-01  0.000E+00
 0.080     6.459735     2930.  -1.406  3.567  0.770   0.0000   5.925   0.1543  0.0000   0.000E+00  4.501E-01  0.000E+00
 0.080     6.470263     2930.  -1.413  3.575  0.763   0.0000   5.929   0.1652  0.0000   0.000E+00  4.503E-01  0.000E+00
 0.080     6.479384     2931.  -1.420  3.583  0.757   0.0000   5.932   0.1757  0.0000   0.000E+00  4.506E-01  0.000E+00
 0.080     6.489784     2932.  -1.429  3.592  0.749   0.0000   5.936   0.1889  0.0000   0.000E+00  4.509E-01  0.000E+00
 0.080     6.499594     2933.  -1.438  3.602  0.740   0.0000   5.941   0.2027  0.0000   0.000E+00  4.513E-01  0.000E+00
 0.080     6.509520     2934.  -1.449  3.613  0.731   0.0000   5.945   0.2183  0.0000   0.000E+00  4.517E-01  0.000E+00
 0.080     6.519090     2935.  -1.460  3.625  0.721   0.0000   5.951   0.2349  0.0000   0.000E+00  4.521E-01  0.000E+00
 0.080     6.529108     2936.  -1.473  3.638  0.710   0.0000   5.957   0.2540  0.0000   0.000E+00  4.525E-01  0.000E+00
 0.080     6.539246     2937.  -1.487  3.653  0.698   0.0000   5.963   0.2748  0.0000   0.000E+00  4.530E-01  0.000E+00
 0.080     6.549208     2939.  -1.501  3.668  0.686   0.0000   5.970   0.2962  0.0000   0.000E+00  4.535E-01  0.000E+00
 0.080     6.559162     2940.  -1.516  3.684  0.674   0.0000   5.977   0.3182  0.0000   0.000E+00  4.540E-01  0.000E+00
 0.080     6.571021     2942.  -1.533  3.702  0.660   0.0000   5.985   0.3439  0.0000   0.000E+00  4.545E-01  0.000E+00
 0.080     6.580464     2943.  -1.546  3.716  0.649   0.0000   5.991   0.3639  0.0000   0.000E+00  4.549E-01  0.000E+00
 0.080     6.590100     2944.  -1.560  3.730  0.639   0.0000   5.997   0.3839  0.0000   0.000E+00  4.553E-01  0.000E+00
 0.080     6.599928     2945.  -1.573  3.744  0.629   0.0000   6.004   0.4039  0.0000   0.000E+00  4.557E-01  0.000E+00
 0.080     6.609949     2947.  -1.586  3.758  0.619   0.0000   6.010   0.4239  0.0000   0.000E+00  4.561E-01  0.000E+00
 0.080     6.620160     2948.  -1.599  3.772  0.609   0.0000   6.016   0.4439  0.0000   0.000E+00  4.564E-01  0.000E+00
 0.080     6.630563     2949.  -1.613  3.786  0.599   0.0000   6.023   0.4639  0.0000   0.000E+00  4.568E-01  0.000E+00
 0.080     6.641157     2951.  -1.626  3.800  0.589   0.0000   6.029   0.4839  0.0000   0.000E+00  4.572E-01  0.000E+00
 0.080     6.651873     2952.  -1.639  3.814  0.580   0.0000   6.035   0.5037  0.0000   0.000E+00  4.575E-01  0.000E+00
 0.080     6.659164     2953.  -1.647  3.823  0.574   0.0000   6.039   0.5169  0.0000   0.000E+00  4.578E-01  0.000E+00
 0.080     6.670260     2955.  -1.660  3.837  0.565   0.0000   6.046   0.5368  0.0000   0.000E+00  4.581E-01  0.000E+00
 0.080     6.681547     2956.  -1.673  3.851  0.556   0.0000   6.052   0.5566  0.0000   0.000E+00  4.585E-01  0.000E+00
 0.080     6.689181     2957.  -1.682  3.860  0.550   0.0000   6.056   0.5699  0.0000   0.000E+00  4.587E-01  0.000E+00
 0.080     6.700799     2959.  -1.694  3.874  0.541   0.0000   6.062   0.5897  0.0000   0.000E+00  4.590E-01  0.000E+00
 0.080     6.712622     2961.  -1.707  3.887  0.533   0.0000   6.069   0.6096  0.0000   0.000E+00  4.594E-01  0.000E+00
 0.080     6.720621     2963.  -1.716  3.897  0.527   0.0000   6.073   0.6229  0.0000   0.000E+00  4.596E-01  0.000E+00
 0.080     6.732795     2965.  -1.728  3.911  0.519   0.0000   6.079   0.6429  0.0000   0.000E+00  4.599E-01  0.000E+00
 0.080     6.741030     2966.  -1.736  3.920  0.513   0.0000   6.083   0.6562  0.0000   0.000E+00  4.601E-01  0.000E+00
 0.080     6.749361     2968.  -1.745  3.929  0.508   0.0000   6.087   0.6696  0.0000   0.000E+00  4.603E-01  0.000E+00
 0.080     6.762032     2971.  -1.757  3.943  0.500   0.0000   6.093   0.6897  0.0000   0.000E+00  4.606E-01  0.000E+00
 0.080     6.770599     2972.  -1.765  3.952  0.495   0.0000   6.098   0.7031  0.0000   0.000E+00  4.608E-01  0.000E+00
 0.080     6.779255     2974.  -1.773  3.961  0.489   0.0000   6.102   0.7166  0.0000   0.000E+00  4.609E-01  0.000E+00
 0.080     6.792412     2977.  -1.786  3.975  0.482   0.0000   6.108   0.7369  0.0000   0.000E+00  4.612E-01  0.000E+00
 0.080     6.801295     2979.  -1.794  3.985  0.476   0.0000   6.112   0.7504  0.0000   0.000E+00  4.614E-01  0.000E+00
 0.080     6.810261     2981.  -1.802  3.994  0.471   0.0000   6.116   0.7640  0.0000   0.000E+00  4.615E-01  0.000E+00
 0.080     6.819310     2983.  -1.810  4.003  0.466   0.0000   6.120   0.7776  0.0000   0.000E+00  4.617E-01  0.000E+00
 0.080     6.833051     2984.  -1.824  4.017  0.459   0.0000   6.127   0.7979  0.0000   0.000E+00  4.619E-01  0.000E+00
 0.080     6.842325     2984.  -1.833  4.026  0.454   0.0000   6.131   0.8115  0.0000   0.000E+00  4.621E-01  0.000E+00
 0.080     6.851689     2985.  -1.842  4.036  0.449   0.0000   6.135   0.8252  0.0000   0.000E+00  4.622E-01  0.000E+00
 0.080     6.861135     2985.  -1.851  4.045  0.444   0.0000   6.139   0.8388  0.0000   0.000E+00  4.624E-01  0.000E+00
 0.080     6.870661     2985.  -1.860  4.054  0.440   0.0000   6.143   0.8524  0.0000   0.000E+00  4.626E-01  0.000E+00
 0.080     6.880268     2986.  -1.869  4.064  0.435   0.0000   6.147   0.8660  0.0000   0.000E+00  4.627E-01  0.000E+00
 0.080     6.889950     2986.  -1.878  4.073  0.430   0.0000   6.152   0.8796  0.0000   0.000E+00  4.628E-01  0.000E+00
 0.080     6.899708     2986.  -1.887  4.082  0.426   0.0000   6.156   0.8932  0.0000   0.000E+00  4.630E-01  0.000E+00
 0.080     6.909537     2987.  -1.896  4.091  0.421   0.0000   6.160   0.9068  0.0000   0.000E+00  4.631E-01  0.000E+00
 0.080     6.919437     2987.  -1.905  4.101  0.417   0.0000   6.164   0.9203  0.0000   0.000E+00  4.633E-01  0.000E+00
 0.080     6.929408     2987.  -1.914  4.110  0.413   0.0000   6.168   0.9339  0.0000   0.000E+00  4.634E-01  0.000E+00
 0.080     6.939447     2987.  -1.924  4.119  0.408   0.0000   6.172   0.9475  0.0000   0.000E+00  4.635E-01  0.000E+00
 0.080     6.949556     2987.  -1.933  4.128  0.404   0.0000   6.176   0.9611  0.0000   0.000E+00  4.637E-01  0.000E+00
 0.080     6.959736     2987.  -1.942  4.137  0.400   0.0000   6.180   0.9746  0.0000   0.000E+00  4.638E-01  0.000E+00
 0.080     6.969984     2987.  -1.951  4.147  0.395   0.0000   6.184   0.9882  0.0000   0.000E+00  4.639E-01  0.000E+00
 0.080     6.980303     2987.  -1.960  4.156  0.391   0.0000   6.188   1.0018  0.0000   0.000E+00  4.641E-01  0.000E+00
 0.080     6.990690     2987.  -1.969  4.165  0.387   0.0000   6.192   1.0154  0.0000   0.000E+00  4.642E-01  0.000E+00
 0.080     7.001145     2987.  -1.979  4.174  0.383   0.0000   6.197   1.0291  0.0000   0.000E+00  4.643E-01  0.000E+00
 0.080     7.011659     2987.  -1.988  4.183  0.379   0.0000   6.201   1.0427  0.0000   0.000E+00  4.644E-01  0.000E+00
 0.080     7.022243     2987.  -1.997  4.192  0.375   0.0000   6.205   1.0563  0.0000   0.000E+00  4.645E-01  0.000E+00
 0.080     7.032877     2987.  -2.006  4.201  0.371   0.0000   6.209   1.0699  0.0000   0.000E+00  4.646E-01  0.000E+00
 0.080     7.043598     2987.  -2.015  4.211  0.367   0.0000   6.213   1.0835  0.0000   0.000E+00  4.647E-01  0.000E+00
 0.080     7.048985     2987.  -2.020  4.215  0.365   0.0000   6.215   1.0903  0.0000   0.000E+00  4.648E-01  0.000E+00
 0.080     7.059817     2987.  -2.029  4.224  0.362   0.0000   6.219   1.1040  0.0000   0.000E+00  4.648E-01  0.000E+00
 0.080     7.070721     2987.  -2.038  4.233  0.358   0.0000   6.223   1.1176  0.0000   0.000E+00  4.649E-01  0.000E+00
 0.080     7.081700     2987.  -2.047  4.243  0.354   0.0000   6.227   1.1313  0.0000   0.000E+00  4.650E-01  0.000E+00
 0.080     7.092745     2987.  -2.057  4.252  0.350   0.0000   6.231   1.1451  0.0000   0.000E+00  4.651E-01  0.000E+00
 0.080     7.103862     2987.  -2.066  4.261  0.347   0.0000   6.235   1.1588  0.0000   0.000E+00  4.652E-01  0.000E+00
 0.080     7.109447     2987.  -2.070  4.266  0.345   0.0000   6.237   1.1657  0.0000   0.000E+00  4.652E-01  0.000E+00
 0.080     7.120659     2986.  -2.080  4.275  0.341   0.0000   6.241   1.1795  0.0000   0.000E+00  4.653E-01  0.000E+00
 0.080     7.131936     2986.  -2.089  4.284  0.338   0.0000   6.245   1.1933  0.0000   0.000E+00  4.653E-01  0.000E+00
 0.080     7.143277     2986.  -2.098  4.293  0.334   0.0000   6.250   1.2071  0.0000   0.000E+00  4.654E-01  0.000E+00
 0.080     7.148973     2986.  -2.103  4.298  0.332   0.0000   6.252   1.2140  0.0000   0.000E+00  4.654E-01  0.000E+00
 0.080     7.160405     2986.  -2.112  4.307  0.329   0.0000   6.256   1.2278  0.0000   0.000E+00  4.655E-01  0.000E+00
 0.080     7.171902     2986.  -2.121  4.316  0.325   0.0000   6.260   1.2416  0.0000   0.000E+00  4.655E-01  0.000E+00
 0.080     7.183461     2986.  -2.130  4.325  0.322   0.0000   6.264   1.2553  0.0000   0.000E+00  4.656E-01  0.000E+00
 0.080     7.189257     2986.  -2.135  4.330  0.320   0.0000   6.266   1.2622  0.0000   0.000E+00  4.656E-01  0.000E+00
 0.080     7.200892     2986.  -2.144  4.339  0.317   0.0000   6.270   1.2761  0.0000   0.000E+00  4.656E-01  0.000E+00
 0.080     7.212571     2986.  -2.153  4.348  0.314   0.0000   6.274   1.2899  0.0000   0.000E+00  4.657E-01  0.000E+00
 0.080     7.224300     2986.  -2.162  4.357  0.310   0.0000   6.278   1.3037  0.0000   0.000E+00  4.657E-01  0.000E+00
 0.080     7.230181     2986.  -2.167  4.362  0.309   0.0000   6.280   1.3106  0.0000   0.000E+00  4.657E-01  0.000E+00
 0.080     7.241972     2986.  -2.176  4.371  0.305   0.0000   6.284   1.3244  0.0000   0.000E+00  4.657E-01  0.000E+00
 0.080     7.253810     2986.  -2.185  4.380  0.302   0.0000   6.288   1.3382  0.0000   0.000E+00  4.658E-01  0.000E+00
 0.080     7.259744     2986.  -2.190  4.385  0.301   0.0000   6.290   1.3451  0.0000   0.000E+00  4.658E-01  0.000E+00
 0.080     7.271642     2986.  -2.199  4.394  0.297   0.0000   6.294   1.3589  0.0000   0.000E+00  4.658E-01  0.000E+00
 0.080     7.283584     2986.  -2.208  4.403  0.294   0.0000   6.298   1.3726  0.0000   0.000E+00  4.658E-01  0.000E+00
 0.080     7.289569     2986.  -2.213  4.408  0.293   0.0000   6.300   1.3795  0.0000   0.000E+00  4.658E-01  0.000E+00
 0.080     7.301570     2986.  -2.222  4.417  0.290   0.0000   6.304   1.3933  0.0000   0.000E+00  4.659E-01  0.000E+00
 0.080     7.313614     2986.  -2.231  4.426  0.287   0.0000   6.308   1.4070  0.0000   0.000E+00  4.659E-01  0.000E+00
 0.080     7.319651     2986.  -2.235  4.430  0.285   0.0000   6.310   1.4138  0.0000   0.000E+00  4.659E-01  0.000E+00
 0.080     7.331755     2986.  -2.245  4.440  0.282   0.0000   6.314   1.4275  0.0000   0.000E+00  4.659E-01  0.000E+00
 0.080     7.343903     2986.  -2.254  4.449  0.279   0.0000   6.317   1.4412  0.0000   0.000E+00  4.659E-01  0.000E+00
 0.080     7.349971     2986.  -2.259  4.453  0.278   0.0000   6.319   1.4480  0.0000   0.000E+00  4.659E-01  0.000E+00
 0.080     7.362177     2986.  -2.268  4.462  0.275   0.0000   6.323   1.4616  0.0000   0.000E+00  4.660E-01  0.000E+00
 0.080     7.374424     2985.  -2.277  4.471  0.272   0.0000   6.327   1.4753  0.0000   0.000E+00  4.660E-01  0.000E+00
 0.080     7.380560     2985.  -2.282  4.476  0.271   0.0000   6.329   1.4821  0.0000   0.000E+00  4.660E-01  0.000E+00
 0.080     7.392862     2985.  -2.291  4.485  0.268   0.0000   6.333   1.4957  0.0000   0.000E+00  4.660E-01  0.000E+00
 0.080     7.399028     2985.  -2.295  4.490  0.266   0.0000   6.335   1.5025  0.0000   0.000E+00  4.660E-01  0.000E+00
 0.080     7.411384     2985.  -2.305  4.499  0.264   0.0000   6.339   1.5161  0.0000   0.000E+00  4.660E-01  0.000E+00
 0.080     7.423778     2983.  -2.315  4.508  0.261   0.0000   6.342   1.5297  0.0000   0.000E+00  4.660E-01  0.000E+00
 0.080     7.429994     2983.  -2.320  4.512  0.260   0.0000   6.344   1.5365  0.0000   0.000E+00  4.660E-01  0.000E+00
 0.080     7.442464     2981.  -2.329  4.521  0.257   0.0000   6.348   1.5500  0.0000   0.000E+00  4.661E-01  0.000E+00
 0.080     7.454987     2980.  -2.339  4.530  0.254   0.0000   6.352   1.5635  0.0000   0.000E+00  4.661E-01  0.000E+00
 0.080     7.461267     2979.  -2.344  4.535  0.253  -0.0004   6.354   1.5702  0.0000   0.000E+00  4.661E-01  0.000E+00
 0.080     7.473869     2977.  -2.354  4.544  0.250  -0.0004   6.357   1.5837  0.0000   0.000E+00  4.661E-01  0.000E+00
 0.080     7.480190     2977.  -2.359  4.549  0.249  -0.0004   6.359   1.5905  0.0000   0.000E+00  4.661E-01  0.000E+00
 0.080     7.492872     2975.  -2.369  4.558  0.246  -0.0004   6.363   1.6039  0.0000   0.000E+00  4.661E-01  0.000E+00
 0.080     7.499235     2974.  -2.374  4.562  0.245  -0.0004   6.364   1.6107  0.0000   0.000E+00  4.661E-01  0.000E+00
 0.080     7.512004     2973.  -2.384  4.571  0.242  -0.0004   6.368   1.6241  0.0000   0.000E+00  4.661E-01  0.000E+00
 0.080     7.524828     2971.  -2.394  4.580  0.240  -0.0009   6.372   1.6376  0.0000   0.000E+00  4.661E-01  0.000E+00
 0.080     7.531262     2970.  -2.399  4.585  0.239  -0.0009   6.373   1.6443  0.0000   0.000E+00  4.662E-01  0.000E+00
 0.080     7.544171     2969.  -2.409  4.594  0.236  -0.0009   6.377   1.6577  0.0000   0.000E+00  4.662E-01  0.000E+00
 0.080     7.550645     2968.  -2.414  4.598  0.235  -0.0013   6.379   1.6645  0.0000   0.000E+00  4.662E-01  0.000E+00
 0.080     7.563634     2966.  -2.424  4.607  0.233  -0.0017   6.382   1.6779  0.0000   0.000E+00  4.662E-01  0.000E+00
 0.080     7.570149     2965.  -2.429  4.612  0.231  -0.0017   6.384   1.6846  0.0000   0.000E+00  4.662E-01  0.000E+00
 0.080     7.583214     2963.  -2.439  4.621  0.229  -0.0022   6.387   1.6980  0.0000   0.000E+00  4.662E-01  0.000E+00
 0.080     7.589763     2962.  -2.445  4.626  0.228  -0.0026   6.389   1.7047  0.0000   0.000E+00  4.662E-01  0.000E+00
 0.080     7.602896     2961.  -2.455  4.635  0.225  -0.0031   6.393   1.7182  0.0000   0.000E+00  4.662E-01  0.000E+00
 0.080     7.609478     2960.  -2.460  4.639  0.224  -0.0035   6.394   1.7249  0.0000   0.000E+00  4.662E-01  0.000E+00
 0.080     7.622671     2958.  -2.470  4.648  0.222  -0.0044   6.398   1.7383  0.0000   0.000E+00  4.663E-01  0.000E+00
 0.080     7.629282     2957.  -2.475  4.653  0.221  -0.0052   6.399   1.7449  0.0000   0.000E+00  4.663E-01  0.000E+00
 0.080     7.642531     2955.  -2.485  4.662  0.219  -0.0066   6.403   1.7583  0.0000   0.000E+00  4.663E-01  0.000E+00
 0.080     7.649168     2954.  -2.490  4.666  0.217  -0.0070   6.404   1.7650  0.0000   0.000E+00  4.663E-01  0.000E+00
 0.080     7.662469     2952.  -2.501  4.675  0.215  -0.0088   6.408   1.7784  0.0000   0.000E+00  4.663E-01  0.000E+00
 0.080     7.669132     2950.  -2.506  4.680  0.214  -0.0101   6.410   1.7850  0.0000   0.000E+00  4.663E-01  0.000E+00
 0.080     7.682484     2948.  -2.516  4.689  0.212  -0.0128   6.413   1.7984  0.0000   0.000E+00  4.664E-01  0.000E+00
 0.080     7.689172     2947.  -2.521  4.693  0.211  -0.0141   6.414   1.8050  0.0000   0.000E+00  4.664E-01  0.000E+00
 0.080     7.702574     2945.  -2.531  4.702  0.209  -0.0177   6.418   1.8183  0.0000   0.000E+00  4.664E-01  0.000E+00
 0.080     7.709288     2944.  -2.537  4.707  0.208  -0.0195   6.419   1.8250  0.0000   0.000E+00  4.664E-01  0.000E+00
 0.080     7.722628     2941.  -2.547  4.715  0.205  -0.0241   6.423   1.8381  0.0000   0.000E+00  4.664E-01  0.000E+00
 0.080     7.729106     2940.  -2.552  4.720  0.204  -0.0269   6.424   1.8445  0.0000   0.000E+00  4.664E-01  0.000E+00
 0.080     7.740341     2938.  -2.561  4.727  0.203  -0.0320   6.427   1.8556  0.0000   0.000E+00  4.665E-01  0.000E+00
 0.080     7.749878     2936.  -2.568  4.733  0.201  -0.0372   6.429   1.8649  0.0000   0.000E+00  4.665E-01  0.000E+00
 0.080     7.761958     2934.  -2.577  4.741  0.199  -0.0453   6.432   1.8768  0.0000   0.000E+00  4.665E-01  0.000E+00
 0.080     7.772138     2932.  -2.585  4.748  0.198  -0.0531   6.434   1.8867  0.0000   0.000E+00  4.666E-01  0.000E+00
 0.080     7.780947     2930.  -2.592  4.754  0.196  -0.0610   6.436   1.8953  0.0000   0.000E+00  4.666E-01  0.000E+00
 0.080     7.791121     2928.  -2.600  4.761  0.195  -0.0716   6.438   1.9052  0.0000   0.000E+00  4.666E-01  0.000E+00
 0.080     7.799947     2926.  -2.607  4.766  0.194  -0.0820   6.440   1.9138  0.0000   0.000E+00  4.666E-01  0.000E+00
 0.080     7.809566     2924.  -2.614  4.773  0.192  -0.0953   6.443   1.9232  0.0000   0.000E+00  4.666E-01  0.000E+00
 0.080     7.819555     2922.  -2.622  4.779  0.191  -0.1113   6.445   1.9328  0.0000   0.000E+00  4.667E-01  0.000E+00
 0.080     7.829620     2920.  -2.630  4.786  0.189  -0.1296   6.447   1.9426  0.0000   0.000E+00  4.667E-01  0.000E+00
 0.080     7.839569     2918.  -2.637  4.792  0.188  -0.1506   6.449   1.9522  0.0000   0.000E+00  4.667E-01  0.000E+00
 0.080     7.849287     2916.  -2.645  4.799  0.187  -0.1746   6.451   1.9616  0.0000   0.000E+00  4.667E-01  0.000E+00
 0.080     7.859583     2914.  -2.653  4.805  0.185  -0.2041   6.454   1.9715  0.0000   0.000E+00  4.667E-01  0.000E+00
 0.080     7.869329     2912.  -2.660  4.812  0.184  -0.2366   6.456   1.9809  0.0000   0.000E+00  4.668E-01  0.000E+00
 0.080     7.879234     2910.  -2.668  4.818  0.183  -0.2741   6.458   1.9903  0.0000   0.000E+00  4.668E-01  0.000E+00
 0.080     7.889095     2908.  -2.676  4.824  0.181  -0.3170   6.460   1.9998  0.0000   0.000E+00  4.668E-01  0.000E+00
 0.080     7.899288     2905.  -2.684  4.831  0.180  -0.3686   6.462   2.0095  0.0000   0.000E+00  4.668E-01  0.000E+00
 0.080     7.909108     2903.  -2.691  4.837  0.179  -0.4248   6.464   2.0189  0.0000   0.000E+00  4.669E-01  0.000E+00
 0.080     7.919305     2901.  -2.699  4.844  0.177  -0.4935   6.466   2.0286  0.0000   0.000E+00  4.669E-01  0.000E+00
 0.080     7.929270     2898.  -2.707  4.850  0.176  -0.5702   6.468   2.0381  0.0000   0.000E+00  4.669E-01  0.000E+00
 0.080     7.939231     2896.  -2.715  4.856  0.175  -0.6576   6.470   2.0475  0.0000   0.000E+00  4.669E-01  0.000E+00
 0.080     7.949052     2893.  -2.723  4.862  0.173  -0.7570   6.472   2.0568  0.0000   0.000E+00  4.669E-01  0.000E+00
 0.080     7.959098     2891.  -2.731  4.869  0.172  -0.8729   6.474   2.0664  0.0000   0.000E+00  4.670E-01  0.000E+00
 0.080     7.969158     2888.  -2.739  4.875  0.171  -1.0048   6.476   2.0758  0.0000   0.000E+00  4.670E-01  0.000E+00
 0.080     7.979092     2885.  -2.746  4.881  0.170  -1.1549   6.478   2.0852  0.0000   0.000E+00  4.670E-01  0.000E+00
 0.080     7.989116     2882.  -2.754  4.888  0.168  -1.3279   6.480   2.0946  0.0000   0.000E+00  4.670E-01  0.000E+00
 0.080     7.999071     2879.  -2.762  4.894  0.167  -1.5243   6.482   2.1040  0.0000   0.000E+00  4.670E-01  0.000E+00
 0.080     8.008970     2876.  -2.770  4.900  0.166  -1.7447   6.484   2.1132  0.0000   0.000E+00  4.671E-01  0.000E+00
 0.080     8.019025     2873.  -2.779  4.906  0.165  -2.0022   6.486   2.1226  0.0000   0.000E+00  4.671E-01  0.000E+00
 0.080     8.029055     2870.  -2.787  4.913  0.164  -2.2933   6.487   2.1319  0.0000   0.000E+00  4.671E-01  0.000E+00
 0.080     8.039029     2867.  -2.795  4.919  0.163  -2.6234   6.489   2.1412  0.0000   0.000E+00  4.671E-01  0.000E+00
 0.080     8.048993     2863.  -2.803  4.925  0.161  -2.9957   6.491   2.1504  0.0000   0.000E+00  4.671E-01  0.000E+00
 0.080     8.059018     2860.  -2.811  4.931  0.160  -3.4225   6.493   2.1597  0.0000   0.000E+00  4.671E-01  0.000E+00
 0.080     8.068976     2857.  -2.819  4.937  0.159  -3.9031   6.495   2.1688  0.0000   0.000E+00  4.671E-01  0.000E+00
 0.080     8.079225     2853.  -2.828  4.943  0.158  -4.2848   6.497   2.1782  0.0000   0.000E+00  4.672E-01  0.000E+00
 0.080     8.091850     2849.  -2.838  4.951  0.157  -4.5258   6.499   2.1898  0.0000   0.000E+00  4.672E-01  0.000E+00
 0.080     8.100908     2846.  -2.845  4.956  0.156  -4.6536   6.500   2.1980  0.0000   0.000E+00  4.672E-01  0.000E+00
 0.080     8.113626     2841.  -2.856  4.964  0.154  -4.7986   6.502   2.2095  0.0000   0.000E+00  4.672E-01  0.000E+00
 0.080     8.120909     2838.  -2.862  4.968  0.154  -4.8794   6.504   2.2160  0.0000   0.000E+00  4.672E-01  0.000E+00
 0.080     8.135517     2833.  -2.874  4.977  0.152  -5.0410   6.506   2.2291  0.0000   0.000E+00  4.672E-01  0.000E+00
 0.080     8.142843     2830.  -2.880  4.981  0.151  -5.1244   6.507   2.2357  0.0000   0.000E+00  4.672E-01  0.000E+00
 0.080     8.150179     2827.  -2.886  4.986  0.150  -5.2083   6.508   2.2423  0.0000   0.000E+00  4.672E-01  0.000E+00
 0.080     8.164903     2822.  -2.898  4.994  0.149  -5.3737   6.511   2.2554  0.0000   0.000E+00  4.673E-01  0.000E+00
 0.080     8.172288     2819.  -2.904  4.999  0.148  -5.4597   6.512   2.2619  0.0000   0.000E+00  4.673E-01  0.000E+00
 0.080     8.179474     2816.  -2.910  5.003  0.148  -5.5467   6.513   2.2683  0.0000   0.000E+00  4.673E-01  0.000E+00
 0.080     8.194323     2810.  -2.922  5.012  0.146  -5.7282   6.515   2.2813  0.0000   0.000E+00  4.673E-01  0.000E+00
 0.080     8.201774     2807.  -2.928  5.016  0.145  -5.8210   6.516   2.2879  0.0000   0.000E+00  4.673E-01  0.000E+00
 0.080     8.209241     2804.  -2.935  5.020  0.145  -5.9172   6.517   2.2944  0.0000   0.000E+00  4.673E-01  0.000E+00
 0.080     8.224222     2797.  -2.947  5.029  0.143  -6.1158   6.519   2.3075  0.0000   0.000E+00  4.673E-01  0.000E+00
 0.080     8.231729     2794.  -2.954  5.033  0.143  -6.2175   6.521   2.3140  0.0000   0.000E+00  4.673E-01  0.000E+00
 0.080     8.239249     2790.  -2.960  5.037  0.142  -6.3215   6.522   2.3205  0.0000   0.000E+00  4.673E-01  0.000E+00
 0.080     8.254338     2783.  -2.973  5.046  0.140  -6.5361   6.524   2.3334  0.0000   0.000E+00  4.673E-01  0.000E+00
 0.080     8.261900     2779.  -2.980  5.050  0.140  -6.6459   6.525   2.3399  0.0000   0.000E+00  4.673E-01  0.000E+00
 0.080     8.269476     2775.  -2.987  5.054  0.139  -6.7570   6.526   2.3464  0.0000   0.000E+00  4.673E-01  0.000E+00
 0.080     8.284683     2768.  -3.000  5.063  0.138  -6.9872   6.528   2.3592  0.0000   0.000E+00  4.673E-01  0.000E+00
 0.080     8.292309     2764.  -3.006  5.067  0.137  -7.1057   6.529   2.3656  0.0000   0.000E+00  4.673E-01  0.000E+00
 0.080     8.299949     2760.  -3.013  5.071  0.136  -7.2255   6.530   2.3720  0.0000   0.000E+00  4.673E-01  0.000E+00
 0.080     8.315298     2752.  -3.026  5.079  0.135  -7.4711   6.532   2.3848  0.0000   0.000E+00  4.673E-01  0.000E+00
 0.080     8.323002     2748.  -3.033  5.084  0.134  -7.5969   6.532   2.3912  0.0000   0.000E+00  4.673E-01  0.000E+00
 0.080     8.330726     2744.  -3.040  5.088  0.134  -7.7235   6.533   2.3975  0.0000   0.000E+00  4.672E-01  0.000E+00
 0.080     8.346257     2735.  -3.053  5.096  0.133  -7.9830   6.535   2.4102  0.0000   0.000E+00  4.672E-01  0.000E+00
 0.080     8.354064     2731.  -3.060  5.100  0.132  -8.1175   6.536   2.4165  0.0000   0.000E+00  4.672E-01  0.000E+00
 0.080     8.361898     2727.  -3.067  5.104  0.131  -8.2518   6.537   2.4229  0.0000   0.000E+00  4.672E-01  0.000E+00
 0.080     8.369767     2722.  -3.074  5.108  0.131  -8.3872   6.538   2.4292  0.0000   0.000E+00  4.672E-01  0.000E+00
 0.080     8.385608     2714.  -3.088  5.116  0.129  -8.6596   6.539   2.4417  0.0000   0.000E+00  4.672E-01  0.000E+00
 0.080     8.393586     2709.  -3.095  5.120  0.129  -8.7986   6.540   2.4480  0.0000   0.000E+00  4.672E-01  0.000E+00
 0.080     8.401604     2705.  -3.102  5.125  0.128  -8.9318   6.541   2.4543  0.0000   0.000E+00  4.672E-01  0.000E+00
 0.080     8.409664     2700.  -3.109  5.129  0.128  -9.0675   6.542   2.4606  0.0000   0.000E+00  4.671E-01  0.000E+00
 0.080     8.425924     2692.  -3.122  5.137  0.126  -9.3233   6.543   2.4731  0.0000   0.000E+00  4.671E-01  0.000E+00
 0.080     8.434123     2687.  -3.129  5.141  0.126  -9.4413   6.544   2.4793  0.0000   0.000E+00  4.671E-01  0.000E+00
 0.080     8.442376     2683.  -3.136  5.145  0.125  -9.5498   6.545   2.4856  0.0000   0.000E+00  4.671E-01  0.000E+00
 0.080     8.450683     2678.  -3.143  5.149  0.125  -9.6478   6.545   2.4919  0.0000   0.000E+00  4.671E-01  0.000E+00
 0.080     8.459046     2674.  -3.150  5.153  0.124  -9.7352   6.546   2.4981  0.0000   0.000E+00  4.670E-01  0.000E+00
 0.080     8.475959     2665.  -3.164  5.161  0.123  -9.8894   6.548   2.5107  0.0000   0.000E+00  4.670E-01  0.000E+00
 0.080     8.484509     2660.  -3.171  5.165  0.122  -9.9547   6.548   2.5169  0.0000   0.000E+00  4.670E-01  0.000E+00
 0.080     8.493133     2655.  -3.178  5.169  0.122 -10.0168   6.549   2.5232  0.0000   0.000E+00  4.669E-01  0.000E+00
 0.080     8.501835     2651.  -3.185  5.173  0.121 -10.0742   6.550   2.5294  0.0000   0.000E+00  4.669E-01  0.000E+00
 0.080     8.510609     2646.  -3.192  5.177  0.121 -10.1278   6.550   2.5357  0.0000   0.000E+00  4.669E-01  0.000E+00
 0.080     8.519467     2641.  -3.200  5.181  0.120 -10.1778   6.551   2.5419  0.0000   0.000E+00  4.669E-01  0.000E+00
 0.080     8.537451     2631.  -3.214  5.189  0.119 -10.2700   6.552   2.5544  0.0000   0.000E+00  4.668E-01  0.000E+00
 0.080     8.546586     2626.  -3.222  5.193  0.119 -10.3125   6.552   2.5607  0.0000   0.000E+00  4.668E-01  0.000E+00
 0.080     8.555826     2621.  -3.229  5.197  0.118 -10.3536   6.553   2.5669  0.0000   0.000E+00  4.668E-01  0.000E+00
 0.080     8.565169     2616.  -3.236  5.201  0.117 -10.3915   6.553   2.5732  0.0000   0.000E+00  4.667E-01  0.000E+00
 0.080     8.574631     2610.  -3.244  5.205  0.117 -10.4271   6.554   2.5794  0.0000   0.000E+00  4.667E-01  0.000E+00
 0.080     8.584215     2605.  -3.252  5.209  0.116 -10.4609   6.554   2.5857  0.0000   0.000E+00  4.667E-01  0.000E+00
 0.080     8.593912     2600.  -3.259  5.213  0.116 -10.4908   6.555   2.5919  0.0000   0.000E+00  4.667E-01  0.000E+00
 0.080     8.603729     2594.  -3.267  5.217  0.115 -10.5200   6.555   2.5981  0.0000   0.000E+00  4.666E-01  0.000E+00
 0.080     8.613676     2588.  -3.275  5.221  0.115 -10.5467   6.556   2.6043  0.0000   0.000E+00  4.666E-01  0.000E+00
 0.080     8.623758     2582.  -3.283  5.225  0.114 -10.5702   6.556   2.6105  0.0000   0.000E+00  4.666E-01  0.000E+00
 0.080     8.633996     2576.  -3.291  5.229  0.114 -10.5935   6.557   2.6166  0.0000   0.000E+00  4.665E-01  0.000E+00
 0.080     8.644391     2570.  -3.299  5.233  0.113 -10.6126   6.557   2.6228  0.0000   0.000E+00  4.665E-01  0.000E+00
 0.080     8.654963     2564.  -3.307  5.237  0.113 -10.6326   6.557   2.6289  0.0000   0.000E+00  4.665E-01  0.000E+00
 0.080     8.665725     2558.  -3.315  5.241  0.112 -10.6478   6.558   2.6351  0.0000   0.000E+00  4.664E-01  0.000E+00
 0.080     8.676670     2551.  -3.323  5.245  0.112 -10.6635   6.558   2.6412  0.0000   0.000E+00  4.664E-01  0.000E+00
 0.080     8.687811     2545.  -3.332  5.249  0.111 -10.6778   6.558   2.6473  0.0000   0.000E+00  4.663E-01  0.000E+00
 0.080     8.699160     2539.  -3.340  5.253  0.111 -10.6882   6.559   2.6534  0.0000   0.000E+00  4.663E-01  0.000E+00
 0.080     8.710735     2532.  -3.348  5.257  0.110 -10.6990   6.559   2.6594  0.0000   0.000E+00  4.663E-01  0.000E+00
 0.080     8.722552     2526.  -3.357  5.260  0.110 -10.7077   6.559   2.6655  0.0000   0.000E+00  4.662E-01  0.000E+00
 0.080     8.734629     2519.  -3.365  5.264  0.109 -10.7167   6.559   2.6715  0.0000   0.000E+00  4.662E-01  0.000E+00
 0.080     8.746989     2512.  -3.373  5.268  0.109 -10.7235   6.559   2.6775  0.0000   0.000E+00  4.662E-01  0.000E+00
 0.080     8.759651     2506.  -3.382  5.272  0.108 -10.7282   6.559   2.6834  0.0000   0.000E+00  4.661E-01  0.000E+00
 0.080     8.772641     2499.  -3.390  5.276  0.108 -10.7328   6.560   2.6894  0.0000   0.000E+00  4.661E-01  0.000E+00
 0.080     8.785991     2492.  -3.399  5.280  0.107 -10.7375   6.560   2.6953  0.0000   0.000E+00  4.661E-01  0.000E+00
 0.080     8.799740     2485.  -3.408  5.283  0.107 -10.7399   6.560   2.7012  0.0000   0.000E+00  4.660E-01  0.000E+00
 0.080     8.813929     2478.  -3.417  5.287  0.106 -10.7399   6.560   2.7070  0.0000   0.000E+00  4.660E-01  0.000E+00
 0.080     8.828604     2470.  -3.426  5.291  0.106 -10.7399   6.560   2.7128  0.0000   0.000E+00  4.660E-01  0.000E+00
 0.080     8.843384     2463.  -3.434  5.295  0.105 -10.7399   6.560   2.7185  0.0000   0.000E+00  4.659E-01  0.000E+00
 0.080     8.858942     2456.  -3.443  5.298  0.105 -10.7375   6.560   2.7242  0.0000   0.000E+00  4.659E-01  0.000E+00
 0.080     8.874329     2449.  -3.451  5.302  0.105 -10.7328   6.560   2.7295  0.0000   0.000E+00  4.658E-01  0.000E+00
 0.080     8.889534     2442.  -3.459  5.305  0.104 -10.7305   6.560   2.7346  0.0000   0.000E+00  4.658E-01  0.000E+00
 0.080     8.904548     2436.  -3.467  5.308  0.104 -10.7258   6.560   2.7394  0.0000   0.000E+00  4.658E-01  0.000E+00
 0.080     8.919365     2430.  -3.474  5.311  0.103 -10.7212   6.559   2.7439  0.0000   0.000E+00  4.658E-01  0.000E+00
 0.080     8.933978     2424.  -3.481  5.314  0.103 -10.7190   6.559   2.7481  0.0000   0.000E+00  4.657E-01  0.000E+00
 0.080     8.948381     2419.  -3.488  5.316  0.103 -10.7144   6.559   2.7521  0.0000   0.000E+00  4.657E-01  0.000E+00
 0.080     8.962569     2414.  -3.494  5.319  0.103 -10.7077   6.559   2.7558  0.0000   0.000E+00  4.657E-01  0.000E+00
 0.080     8.976538     2409.  -3.499  5.321  0.102 -10.7033   6.559   2.7593  0.0000   0.000E+00  4.657E-01  0.000E+00
 0.080     8.990286     2404.  -3.505  5.323  0.102 -10.6990   6.559   2.7626  0.0000   0.000E+00  4.656E-01  0.000E+00
 0.080     9.003809     2400.  -3.510  5.325  0.102 -10.6946   6.559   2.7656  0.0000   0.000E+00  4.656E-01  0.000E+00
 0.080     9.017104     2396.  -3.515  5.327  0.102 -10.6904   6.559   2.7685  0.0000   0.000E+00  4.656E-01  0.000E+00
 0.080     9.030138     2392.  -3.519  5.329  0.101 -10.6861   6.559   2.7711  0.0000   0.000E+00  4.656E-01  0.000E+00
 0.080     9.042792     2388.  -3.523  5.330  0.101 -10.6819   6.558   2.7736  0.0000   0.000E+00  4.656E-01  0.000E+00
 0.080     9.055088     2385.  -3.527  5.332  0.101 -10.6778   6.558   2.7759  0.0000   0.000E+00  4.655E-01  0.000E+00
 0.080     9.067045     2382.  -3.531  5.333  0.101 -10.6737   6.558   2.7779  0.0000   0.000E+00  4.655E-01  0.000E+00
 0.080     9.078682     2379.  -3.534  5.334  0.101 -10.6716   6.558   2.7799  0.0000   0.000E+00  4.655E-01  0.000E+00
 0.080     9.090011     2377.  -3.537  5.335  0.101 -10.6676   6.558   2.7817  0.0000   0.000E+00  4.655E-01  0.000E+00
 0.080     9.101056     2374.  -3.540  5.337  0.100 -10.6655   6.558   2.7833  0.0000   0.000E+00  4.655E-01  0.000E+00
 0.080     9.111827     2372.  -3.543  5.338  0.100 -10.6635   6.558   2.7848  0.0000   0.000E+00  4.655E-01  0.000E+00
 0.080     9.122337     2370.  -3.545  5.338  0.100 -10.6615   6.558   2.7862  0.0000   0.000E+00  4.655E-01  0.000E+00
 0.080     9.132599     2368.  -3.547  5.339  0.100 -10.6576   6.558   2.7876  0.0000   0.000E+00  4.655E-01  0.000E+00
 0.080     9.142621     2366.  -3.549  5.340  0.100 -10.6556   6.558   2.7888  0.0000   0.000E+00  4.654E-01  0.000E+00
 0.080     9.152420     2365.  -3.551  5.341  0.100 -10.6536   6.558   2.7899  0.0000   0.000E+00  4.654E-01  0.000E+00
 0.080     9.162003     2363.  -3.553  5.342  0.100 -10.6517   6.557   2.7909  0.0000   0.000E+00  4.654E-01  0.000E+00
 0.080     9.171378     2362.  -3.555  5.342  0.100 -10.6498   6.557   2.7919  0.0000   0.000E+00  4.654E-01  0.000E+00
 0.080     9.180556     2360.  -3.556  5.343  0.100 -10.6478   6.557   2.7928  0.0000   0.000E+00  4.654E-01  0.000E+00
 0.080     9.189541     2359.  -3.558  5.343  0.100 -10.6478   6.557   2.7937  0.0000   0.000E+00  4.654E-01  0.000E+00
 0.080     9.198346     2358.  -3.559  5.344  0.100 -10.6459   6.557   2.7944  0.0000   0.000E+00  4.654E-01  0.000E+00
 0.080     9.206977     2357.  -3.561  5.344  0.100 -10.6440   6.557   2.7952  0.0000   0.000E+00  4.654E-01  0.000E+00
 0.080     9.215439     2356.  -3.562  5.345  0.100 -10.6421   6.557   2.7958  0.0000   0.000E+00  4.654E-01  0.000E+00
 0.080     9.223740     2355.  -3.563  5.345  0.099 -10.6402   6.557   2.7965  0.0000   0.000E+00  4.654E-01  0.000E+00
 0.080     9.231882     2354.  -3.564  5.345  0.099 -10.6383   6.557   2.7970  0.0000   0.000E+00  4.654E-01  0.000E+00
 0.080     9.239877     2353.  -3.565  5.346  0.099 -10.6383   6.557   2.7976  0.0000   0.000E+00  4.654E-01  0.000E+00
 0.080     9.247728     2353.  -3.566  5.346  0.099 -10.6364   6.557   2.7981  0.0000   0.000E+00  4.654E-01  0.000E+00
 0.080     9.255439     2352.  -3.566  5.346  0.099 -10.6345   6.557   2.7985  0.0000   0.000E+00  4.654E-01  0.000E+00
 0.080     9.263016     2351.  -3.567  5.347  0.099 -10.6326   6.557   2.7990  0.0000   0.000E+00  4.654E-01  0.000E+00
 0.080     9.270462     2351.  -3.568  5.347  0.099 -10.6326   6.557   2.7994  0.0000   0.000E+00  4.654E-01  0.000E+00
 0.080     9.277781     2350.  -3.569  5.347  0.099 -10.6308   6.557   2.7998  0.0000   0.000E+00  4.654E-01  0.000E+00
 0.080     9.284981     2349.  -3.569  5.347  0.099 -10.6289   6.557   2.8001  0.0000   0.000E+00  4.654E-01  0.000E+00
 0.080     9.292063     2349.  -3.570  5.348  0.099 -10.6271   6.557   2.8004  0.0000   0.000E+00  4.654E-01  0.000E+00
 0.080     9.299032     2349.  -3.570  5.348  0.099 -10.6271   6.557   2.8007  0.0000   0.000E+00  4.654E-01  0.000E+00
 0.080     9.305891     2348.  -3.571  5.348  0.099 -10.6253   6.557   2.8010  0.0000   0.000E+00  4.654E-01  0.000E+00
 0.080     9.312641     2348.  -3.571  5.348  0.099 -10.6234   6.557   2.8013  0.0000   0.000E+00  4.654E-01  0.000E+00
 0.080     9.319289     2347.  -3.572  5.348  0.099 -10.6234   6.557   2.8015  0.0000   0.000E+00  4.654E-01  0.000E+00
 0.080     9.325838     2347.  -3.572  5.349  0.099 -10.6216   6.557   2.8018  0.0000   0.000E+00  4.654E-01  0.000E+00
 0.080     9.332289     2347.  -3.572  5.349  0.099 -10.6198   6.557   2.8020  0.0000   0.000E+00  4.654E-01  0.000E+00
 0.080     9.338646     2346.  -3.573  5.349  0.099 -10.6198   6.557   2.8022  0.0000   0.000E+00  4.654E-01  0.000E+00
 0.080     9.344909     2346.  -3.573  5.349  0.099 -10.6180   6.557   2.8023  0.0000   0.000E+00  4.654E-01  0.000E+00
 0.080     9.351085     2346.  -3.573  5.349  0.099 -10.6162   6.557   2.8025  0.0000   0.000E+00  4.654E-01  0.000E+00
 0.080     9.357174     2346.  -3.574  5.349  0.099 -10.6144   6.557   2.8027  0.0000   0.000E+00  4.654E-01  0.000E+00
 0.080     9.363179     2345.  -3.574  5.349  0.099 -10.6144   6.557   2.8028  0.0000   0.000E+00  4.654E-01  0.000E+00
 0.080     9.369103     2345.  -3.574  5.349  0.099 -10.6126   6.557   2.8030  0.0000   0.000E+00  4.653E-01  0.000E+00
 0.080     9.374944     2345.  -3.574  5.349  0.099 -10.6108   6.557   2.8031  0.0000   0.000E+00  4.653E-01  0.000E+00
 0.080     9.380710     2345.  -3.575  5.349  0.099 -10.6108   6.557   2.8032  0.0000   0.000E+00  4.653E-01  0.000E+00
 0.080     9.386401     2345.  -3.575  5.350  0.099 -10.6091   6.557   2.8033  0.0000   0.000E+00  4.653E-01  0.000E+00
 0.080     9.392018     2345.  -3.575  5.350  0.099 -10.6073   6.557   2.8034  0.0000   0.000E+00  4.653E-01  0.000E+00
 0.080     9.397563     2344.  -3.575  5.350  0.099 -10.6073   6.557   2.8035  0.0000   0.000E+00  4.653E-01  0.000E+00
 0.080     9.403038     2344.  -3.575  5.350  0.099 -10.6055   6.557   2.8036  0.0000   0.000E+00  4.653E-01  0.000E+00
 0.080     9.408443     2344.  -3.575  5.350  0.099 -10.6038   6.557   2.8037  0.0000   0.000E+00  4.653E-01  0.000E+00
 0.080     9.413784     2344.  -3.576  5.350  0.099 -10.6021   6.557   2.8038  0.0000   0.000E+00  4.653E-01  0.000E+00
 0.080     9.419060     2344.  -3.576  5.350  0.099 -10.6021   6.557   2.8039  0.0000   0.000E+00  4.653E-01  0.000E+00
 0.080     9.429423     2344.  -3.576  5.350  0.099 -10.5986   6.556   2.8040  0.0000   0.000E+00  4.653E-01  0.000E+00
 0.080     9.439543     2344.  -3.576  5.350  0.099 -10.5969   6.556   2.8041  0.0000   0.000E+00  4.653E-01  0.000E+00
 0.080     9.449434     2343.  -3.576  5.350  0.099 -10.5952   6.556   2.8042  0.0000   0.000E+00  4.653E-01  0.000E+00
 0.080     9.459103     2343.  -3.576  5.350  0.099 -10.5918   6.556   2.8043  0.0000   0.000E+00  4.653E-01  0.000E+00
 0.080     9.473217     2343.  -3.577  5.350  0.099 -10.5884   6.556   2.8044  0.0000   0.000E+00  4.653E-01  0.000E+00
 0.080     9.482376     2343.  -3.577  5.350  0.099 -10.5867   6.556   2.8045  0.0000   0.000E+00  4.653E-01  0.000E+00
 0.080     9.491348     2343.  -3.577  5.350  0.099 -10.5834   6.556   2.8045  0.0000   0.000E+00  4.653E-01  0.000E+00
 0.080     9.500138     2343.  -3.577  5.350  0.099 -10.5817   6.556   2.8045  0.0000   0.000E+00  4.653E-01  0.000E+00
 0.080     9.512996     2343.  -3.577  5.350  0.099 -10.5784   6.556   2.8046  0.0000   0.000E+00  4.653E-01  0.000E+00
 0.080     9.521363     2343.  -3.577  5.350  0.099 -10.5751   6.557   2.8046  0.0000   0.000E+00  4.653E-01  0.000E+00
 0.080     9.529570     2343.  -3.577  5.350  0.099 -10.5735   6.557   2.8046  0.0000   0.000E+00  4.653E-01  0.000E+00
 0.080     9.541599     2343.  -3.577  5.350  0.099 -10.5702   6.557   2.8047  0.0000   0.000E+00  4.653E-01  0.000E+00
 0.080     9.549436     2343.  -3.577  5.350  0.099 -10.5670   6.557   2.8047  0.0000   0.000E+00  4.653E-01  0.000E+00
 0.080     9.560934     2343.  -3.577  5.350  0.099 -10.5638   6.557   2.8047  0.0000   0.000E+00  4.653E-01  0.000E+00
 0.080     9.572135     2343.  -3.577  5.350  0.099 -10.5607   6.557   2.8047  0.0000   0.000E+00  4.653E-01  0.000E+00
 0.080     9.579445     2343.  -3.577  5.350  0.099 -10.5591   6.557   2.8047  0.0000   0.000E+00  4.653E-01  0.000E+00
 0.080     9.590184     2343.  -3.577  5.350  0.099 -10.5544   6.557   2.8047  0.0000   0.000E+00  4.653E-01  0.000E+00
 0.080     9.600665     2343.  -3.577  5.350  0.099 -10.5513   6.557   2.8047  0.0000   0.000E+00  4.653E-01  0.000E+00
 0.080     9.610897     2343.  -3.577  5.350  0.099 -10.5482   6.557   2.8047  0.0000   0.000E+00  4.653E-01  0.000E+00
 0.080     9.620896     2343.  -3.577  5.350  0.099 -10.5452   6.557   2.8047  0.0000   0.000E+00  4.653E-01  0.000E+00
 0.080     9.630668     2343.  -3.577  5.350  0.099 -10.5421   6.557   2.8047  0.0000   0.000E+00  4.653E-01  0.000E+00
 0.080     9.640225     2343.  -3.577  5.350  0.099 -10.5391   6.557   2.8047  0.0000   0.000E+00  4.653E-01  0.000E+00
 0.080     9.649577     2343.  -3.577  5.350  0.099 -10.5361   6.557   2.8047  0.0000   0.000E+00  4.653E-01  0.000E+00
 0.080     9.661741     2343.  -3.577  5.350  0.099 -10.5317   6.557   2.8047  0.0000   0.000E+00  4.653E-01  0.000E+00
 0.080     9.670645     2343.  -3.577  5.350  0.099 -10.5287   6.557   2.8047  0.0000   0.000E+00  4.653E-01  0.000E+00
 0.080     9.679371     2343.  -3.577  5.350  0.099 -10.5243   6.557   2.8047  0.0000   0.000E+00  4.653E-01  0.000E+00
 0.080     9.690738     2343.  -3.577  5.350  0.099 -10.5214   6.557   2.8047  0.0000   0.000E+00  4.653E-01  0.000E+00
 0.080     9.699073     2343.  -3.577  5.350  0.099 -10.5171   6.557   2.8047  0.0000   0.000E+00  4.653E-01  0.000E+00
 0.080     9.709943     2343.  -3.577  5.350  0.099 -10.5143   6.557   2.8047  0.0000   0.000E+00  4.653E-01  0.000E+00
 0.080     9.720547     2343.  -3.577  5.350  0.099 -10.5100   6.557   2.8047  0.0000   0.000E+00  4.653E-01  0.000E+00
 0.080     9.730899     2343.  -3.577  5.350  0.099 -10.5058   6.557   2.8047  0.0000   0.000E+00  4.653E-01  0.000E+00
 0.080     9.741010     2343.  -3.577  5.350  0.099 -10.5017   6.557   2.8046  0.0000   0.000E+00  4.653E-01  0.000E+00
 0.080     9.750890     2343.  -3.577  5.350  0.099 -10.4976   6.557   2.8046  0.0000   0.000E+00  4.653E-01  0.000E+00
 0.080     9.760551     2343.  -3.577  5.350  0.099 -10.4935   6.557   2.8046  0.0000   0.000E+00  4.653E-01  0.000E+00
 0.080     9.770001     2343.  -3.577  5.350  0.099 -10.4895   6.557   2.8046  0.0000   0.000E+00  4.653E-01  0.000E+00
 0.080     9.779250     2343.  -3.577  5.350  0.099 -10.4868   6.557   2.8046  0.0000   0.000E+00  4.653E-01  0.000E+00
 0.080     9.790542     2344.  -3.577  5.350  0.099 -10.4815   6.557   2.8046  0.0000   0.000E+00  4.653E-01  0.000E+00
 0.080     9.799368     2344.  -3.576  5.350  0.099 -10.4776   6.557   2.8046  0.0000   0.000E+00  4.653E-01  0.000E+00
 0.080     9.810155     2344.  -3.576  5.350  0.099 -10.4724   6.557   2.8045  0.0000   0.000E+00  4.653E-01  0.000E+00
 0.080     9.820680     2344.  -3.576  5.350  0.099 -10.4685   6.557   2.8045  0.0000   0.000E+00  4.653E-01  0.000E+00
 0.080     9.830955     2344.  -3.576  5.350  0.099 -10.4634   6.557   2.8045  0.0000   0.000E+00  4.653E-01  0.000E+00
 0.080     9.839005     2344.  -3.576  5.350  0.099 -10.4597   6.557   2.8045  0.0000   0.000E+00  4.653E-01  0.000E+00
 0.080     9.850805     2344.  -3.576  5.350  0.099 -10.4547   6.557   2.8045  0.0000   0.000E+00  4.653E-01  0.000E+00
 0.080     9.860400     2344.  -3.576  5.350  0.099 -10.4498   6.557   2.8045  0.0000   0.000E+00  4.653E-01  0.000E+00
 0.080     9.869788     2344.  -3.576  5.350  0.099 -10.4461   6.557   2.8044  0.0000   0.000E+00  4.653E-01  0.000E+00
 0.080     9.878977     2344.  -3.576  5.350  0.099 -10.4413   6.557   2.8044  0.0000   0.000E+00  4.653E-01  0.000E+00
 0.080     9.889753     2344.  -3.576  5.350  0.099 -10.4365   6.557   2.8044  0.0000   0.000E+00  4.653E-01  0.000E+00
 0.080     9.900268     2344.  -3.576  5.350  0.099 -10.4318   6.557   2.8044  0.0000   0.000E+00  4.653E-01  0.000E+00
 0.080     9.910534     2344.  -3.576  5.350  0.099 -10.4260   6.557   2.8044  0.0000   0.000E+00  4.653E-01  0.000E+00
 0.080     9.920564     2344.  -3.576  5.350  0.099 -10.4214   6.557   2.8043  0.0000   0.000E+00  4.653E-01  0.000E+00
 0.080     9.930366     2344.  -3.576  5.350  0.099 -10.4168   6.557   2.8043  0.0000   0.000E+00  4.653E-01  0.000E+00
 0.080     9.939953     2344.  -3.576  5.350  0.099 -10.4112   6.557   2.8043  0.0000   0.000E+00  4.653E-01  0.000E+00
 0.080     9.949332     2344.  -3.576  5.350  0.099 -10.4067   6.557   2.8043  0.0000   0.000E+00  4.653E-01  0.000E+00
 0.080     9.960025     2345.  -3.576  5.350  0.099 -10.4012   6.557   2.8043  0.0000   0.000E+00  4.653E-01  0.000E+00
 0.080     9.968986     2345.  -3.575  5.350  0.099 -10.3969   6.557   2.8042  0.0000   0.000E+00  4.653E-01  0.000E+00
 0.080     9.979210     2345.  -3.575  5.350  0.099 -10.3915   6.557   2.8042  0.0000   0.000E+00  4.653E-01  0.000E+00
 0.080     9.989201     2345.  -3.575  5.350  0.099 -10.3862   6.557   2.8042  0.0000   0.000E+00  4.653E-01  0.000E+00
 0.080    10.000343     2345.  -3.575  5.350  0.099 -10.3799   6.557   2.8042  0.0000   0.000E+00  4.653E-01  0.000E+00
