M_Ms log_t_yr Teff L_Ls g R_Rs Log_Li_Li0 logTc logROc Mrad Rrad k2conv k2rad
0.08 5.703957 2837.6358710376594 -1.2022717420753184 3.308589677594148 1.0380923868870224 0.0 5.816635871037659 -0.2023334191276076 0.0 0.0 0.44036358710376594 0.0
0.08 5.738317 2844.392700729927 -1.2202496350364964 3.330178102189781 1.011893430656934 0.0 5.825392700729927 -0.1724649635036495 0.0 0.0 0.44128569343065693 0.0
0.08 5.769327 2849.9957215091404 -1.2359828860365616 3.349978607545702 0.990021392454298 0.0 5.8329914430182805 -0.14612781019058746 0.0 0.0 0.4419991443018281 0.0
0.08 5.797516 2856.146241117068 -1.2492924822341354 3.3668656027926693 0.970561276648797 0.0 5.840146241117068 -0.12303202842538348 0.0 0.0 0.44271462411170676 0.0
0.08 5.823296 2861.5714543812105 -1.2600000602228243 3.381571514604035 0.9544284853959651 0.0 5.846428605841615 -0.10274274616079512 0.0 0.0 0.44325714543812106 0.0
0.08 5.846997 2866.9354401805867 -1.2698708803611738 3.394338600451467 0.9406613995485327 0.0 5.851935440180587 -0.08510659142212189 0.0 0.0 0.4437935440180587 0.0
0.08 5.868886 2871.7391304347825 -1.278478260869565 3.4053478260869565 0.9286521739130437 0.0 5.855739130434783 -0.06973478260869578 0.0 0.0 0.44417391304347825 0.0
0.08 5.889182 2875.915447482595 -1.2848731712238926 3.414788618706488 0.9182113812935123 0.0 5.859915447482595 -0.05656634042982542 0.0 0.0 0.44449577237412974 0.0
0.08 5.908067 2880.52823672174 -1.29029235508261 3.42305647344348 0.90917940819565 0.0 5.86352823672174 -0.04526246616260602 0.0 0.0 0.444852823672174 0.0
0.08 5.925695 2883.707533502354 -1.295707533502354 3.430415067004708 0.9022311662441146 0.0 5.866707533502354 -0.035583529518290545 0.0 0.0 0.44507075335023544 0.0
0.08 5.942195 2887.5788652221813 -1.2995788652221816 3.4364384869629085 0.8955615130370914 0.0 5.868859621740727 -0.027258042600073338 0.0 0.0 0.4452859621740727 0.0
0.08 5.95768 2890.304339604803 -1.3029130188144085 3.4409130188144084 0.8907826415807886 0.0 5.871304339604803 -0.020100037817906882 0.0 0.0 0.4455304339604803 0.0
0.08 5.972245 2892.3835669034365 -1.3063835669034363 3.4457671338068727 0.8859246496448455 0.0 5.872691783451718 -0.013994509502783702 0.0 0.0 0.4456691783451718 0.0
0.08 5.985973 2895.0517138894393 -1.3080517138894394 3.4490775708341586 0.8819482861105608 0.0 5.87502585694472 -0.008606914999009285 0.0 0.0 0.44580258569447195 0.0
0.08 5.998937 2897.3152436568666 -1.3106304873137333 3.4529457309706 0.8790542690294 0.0 5.876315243656867 -0.0040281715666533255 0.0 0.0 0.44593152436568667 0.0
0.08 6.011202 2898.5590913741944 -1.3125590913741942 3.4561181827483884 0.8758818172516116 0.0 5.877559091374194 3.3183260002013406e-05 0.0 0.0 0.44605590913741944 0.0
0.08 6.022824 2900.5219562955253 -1.3145219562955253 3.4585219562955256 0.8734780437044746 0.0 5.8787609781477626 0.0036068366285118593 0.0 0.0 0.4461 0.0
0.08 6.033854 2901.9232477006026 -1.3159232477006026 3.460846495401205 0.8711535045987948 0.0 5.879923247700602 0.00679276879162695 0.0 0.0 0.44619232477006027 0.0
0.08 6.044336 2902.8802670757013 -1.3168802670757016 3.462760534151403 0.8692394658485969 0.0 5.88 0.009552774519534466 0.0 0.0 0.4462880267075701 0.0
0.08 6.05431 2903.668548012989 -1.318337096025978 3.464337096025978 0.8669943559610329 0.0 5.880668548012989 0.012039353641564905 0.0 0.0 0.4463668548012989 0.0
0.08 6.063814 2904.3470365196567 -1.3196940730393134 3.46604110955897 0.8653059269606864 0.0 5.8813470365196565 0.014279924166832986 0.0 0.0 0.4464347036519657 0.0
0.08 6.072875 2904.9497771569213 -1.3208995543138429 3.4678493314707644 0.8641004456861571 0.0 5.881949777156922 0.01632924233353293 0.0 0.0 0.44649497771569213 0.0
0.08 6.081531 2905.909467625899 -1.3214547338129496 3.4689094676258994 0.862635798561151 0.0 5.882454733812949 0.018091568345323786 0.0 0.0 0.44654547338129497 0.0
0.08 6.089803 2906.8616402877697 -1.3219308201438849 3.4698616402877698 0.8612075395683453 0.0 5.882930820143885 0.0197578705035971 0.0 0.0 0.44659308201438846 0.0
0.08 6.097715 2907.3394718202976 -1.322678943640595 3.4710184154608927 0.860321056359405 0.0 5.883678943640595 0.021256045735100693 0.0 0.0 0.4466 0.0
0.08 6.105296 2907.7230092077307 -1.323446018415461 3.4721690276231914 0.8595539815845391 0.0 5.884446018415461 0.022675134068602696 0.0 0.0 0.4466 0.0
0.08 6.112558 2908.098555040812 -1.3241971100816237 3.4731971100816237 0.8587043348775645 0.0 5.885098555040812 0.024035087138760233 0.0 0.0 0.44660985550408117 0.0
0.08 6.119523 2908.4826825501873 -1.3249653651003752 3.473965365100375 0.8575519523494374 0.0 5.885482682550188 0.02534112067063756 0.0 0.0 0.44664826825501874 0.0
0.08 6.126209 2908.8514228987424 -1.325702845797485 3.474702845797485 0.8564457313037723 0.0 5.885851422898742 0.026594837855724703 0.0 0.0 0.44668514228987427 0.0
0.08 6.132634 2909.445253296736 -1.326222626648368 3.4756678799451044 0.8555547467032639 0.0 5.886222626648368 0.027790142609940973 0.0 0.0 0.4467222626648368 0.0
0.08 6.138808 2910.1820514350497 -1.3265910257175249 3.476773077152575 0.8548179485649502 0.0 5.886591025717525 0.028932179724327246 0.0 0.0 0.4467591025717525 0.0
0.08 6.144749 2910.891043618354 -1.3269455218091772 3.477836565427532 0.8541089563816456 0.0 5.886945521809177 0.03003111760844924 0.0 0.0 0.4467945521809177 0.0
0.08 6.150465 2911.308161170281 -1.327616322340562 3.478616322340562 0.8533836776594379 0.0 5.887308161170281 0.031093667393814948 0.0 0.0 0.4468308161170281 0.0
0.08 6.15597 2911.6613627614524 -1.328322725522905 3.479322725522905 0.8526772744770947 0.0 5.8876613627614525 0.032117952008212554 0.0 0.0 0.44686613627614524 0.0
0.08 6.161278 2912.002060864189 -1.329002060864189 3.480004121728378 0.8519958782716218 0.0 5.888 0.03310577041972946 0.0 0.0 0.44690020608641895 0.0
0.08 6.166395 2912.353575599368 -1.329353575599368 3.480707151198736 0.851292848801264 0.0 5.888 0.03409001167823035 0.0 0.0 0.4469353575599368 0.0
0.08 6.171331 2912.69265645394 -1.3296926564539397 3.4813853129078796 0.8506146870921206 0.0 5.888 0.03503943807103115 0.0 0.0 0.44696926564539396 0.0
0.08 6.176097 2913.0213935086817 -1.330021393508682 3.482042787017364 0.849957212982636 0.0 5.888021393508682 0.035957762473441277 0.0 0.0 0.447 0.0
0.08 6.180699 2913.3585610667446 -1.3303585610667448 3.4827171221334896 0.8492828778665104 0.0 5.888358561066744 0.036868114880210925 0.0 0.0 0.447 0.0
0.08 6.185145 2913.68429921606 -1.33068429921606 3.48336859843212 0.8486314015678803 0.0 5.8886842992160595 0.03774760788336152 0.0 0.0 0.447 0.0
0.08 6.189445 2913.999340611034 -1.3309993406110339 3.483998681222068 0.8480013187779324 0.0 5.888999340611034 0.0385982196497913 0.0 0.0 0.447 0.0
0.08 6.193603 2914.323307098886 -1.3316466141977714 3.4846466141977714 0.8473533858022285 0.0 5.889323307098886 0.03944059845710292 0.0 0.0 0.44703233070988857 0.0
0.08 6.197628 2914.6369516091327 -1.3322739032182653 3.4852739032182654 0.8467260967817346 0.0 5.889636951609132 0.040256074183745036 0.0 0.0 0.44706369516091327 0.0
0.08 6.20152 2914.940232213824 -1.3328804644276475 3.4858804644276478 0.8461195355723524 0.0 5.8899402322138235 0.04104460375594177 0.0 0.0 0.44709402322138236 0.0
0.08 6.205294 2915.2484918601767 -1.3332484918601768 3.4862484918601773 0.8457515081398231 0.0 5.890248491860176 0.04184607883645987 0.0 0.0 0.4471248491860177 0.0
0.08 6.208946 2915.550285100405 -1.333550285100405 3.486550285100405 0.845449714899595 0.0 5.890550285100405 0.04263074126105286 0.0 0.0 0.44715502851004046 0.0
0.08 6.212489 2915.8430708205933 -1.3338430708205935 3.4868430708205933 0.8451569291794067 0.0 5.890843070820593 0.04339198413354269 0.0 0.0 0.4471843070820593 0.0
0.08 6.215923 2916.1342369916924 -1.3341342369916922 3.4872684739833844 0.8447315260166155 0.0 5.891134236991692 0.044135592479230525 0.0 0.0 0.4472 0.0
0.08 6.219254 2916.4255356362046 -1.3344255356362047 3.4878510712724093 0.8441489287275906 0.0 5.891425535636205 0.04486383909051169 0.0 0.0 0.4472 0.0
0.08 6.222488 2916.7083515522518 -1.334708351552252 3.488416703104504 0.8435832968954962 0.0 5.891708351552252 0.04557087888062971 0.0 0.0 0.4472 0.0
0.08 6.225625 2916.982684739834 -1.3349826847398338 3.4889653694796676 0.8430346305203323 0.0 5.891982684739834 0.04625671184958458 0.0 0.0 0.4472 0.0
0.08 6.228672 2917.2631870669748 -1.3352631870669747 3.4895263741339493 0.8424736258660507 0.0 5.892 0.04698428637413405 0.0 0.0 0.44722631870669743 0.0
0.08 6.23163 2917.5364434180137 -1.335536443418014 3.490072886836028 0.8419271131639723 0.0 5.892 0.04769475288683605 0.0 0.0 0.44725364434180137 0.0
0.08 6.234507 2917.8022170900695 -1.3358022170900694 3.4906044341801388 0.8413955658198614 0.0 5.892 0.048385764434180134 0.0 0.0 0.4472802217090069 0.0
0.08 6.237302 2918.063717848792 -1.336063717848792 3.491127435697584 0.8408725643024162 0.0 5.892063717848792 0.04905292283710053 0.0 0.0 0.44730637178487914 0.0
0.08 6.24002 2918.3285268901013 -1.3363285268901015 3.491657053780203 0.8403429462197972 0.0 5.892328526890101 0.049688464536243294 0.0 0.0 0.44733285268901013 0.0
0.08 6.250178 2919.3349743589743 -1.3376699487179486 3.493669948717949 0.8383300512820513 0.0 5.893334974358974 0.052137435897435865 0.0 0.0 0.4474 0.0
0.08 6.259319 2920.2865307883103 -1.3392865307883102 3.4952865307883103 0.8367134692116899 0.0 5.89428653078831 0.054516326970775214 0.0 0.0 0.447428653078831 0.0
0.08 6.269532 2921.4073612684033 -1.340407361268403 3.4968147225368065 0.8351852774631937 0.0 5.895407361268403 0.05727766704416757 0.0 0.0 0.4475407361268403 0.0
0.08 6.280296 2922.6569663855566 -1.3416569663855564 3.499313932771113 0.8326860672288872 0.0 5.896 0.06027671932533542 0.0 0.0 0.4476 0.0
0.08 6.289723 2923.0 -1.3436278317152106 3.5016278317152105 0.8311860841423947 0.0 5.896813915857606 0.0630533980582526 0.0 0.0 0.44768139158576054 0.0
0.08 6.299337 2924.0 -1.345119825708061 3.5031198257080614 0.8288801742919389 0.0 5.898 0.06603779956427022 0.0 0.0 0.44770599128540306 0.0
0.08 6.309952 2924.0 -1.348055610866164 3.5060556108661642 0.8264721945669179 0.0 5.898527805433082 0.06946673303939688 0.0 0.0 0.4478527805433082 0.0
0.08 6.319012 2924.0 -1.3498517584211307 3.507851758421131 0.8242964831577385 0.0 5.899851758421131 0.0725590443686006 0.0 0.0 0.4479 0.0
0.08 6.329247 2924.0 -1.3524468085106383 3.5108936170212766 0.8221063829787235 0.0 5.901 0.07622765957446793 0.0 0.0 0.448 0.0
0.08 6.339183 2924.094747862502 -1.3550947478625022 3.5131894957250043 0.8198105042749955 0.0 5.9020947478625025 0.07991792008375517 0.0 0.0 0.44810947478625024 0.0
0.08 6.349149 2925.0 -1.3577343012704175 3.516734301270417 0.8171328493647912 0.0 5.903 0.08399444646097998 0.0 0.0 0.4482 0.0
0.08 6.359221 2925.0 -1.3605791740066548 3.5195791740066547 0.8134208259933451 0.0 5.904789587003328 0.08823709140732035 0.0 0.0 0.4483 0.0
0.08 6.368995 2925.0 -1.3635898083807116 3.5227949041903557 0.8104101916192884 0.0 5.905794904190356 0.09274878921878282 0.0 0.0 0.4484794904190356 0.0
0.08 6.380304 2926.0 -1.366987223756906 3.526987223756906 0.8070127762430941 0.0 5.907662407918969 0.09831459484346203 0.0 0.0 0.4485662407918969 0.0
0.08 6.391022 2926.0 -1.3708801331853495 3.5308801331853497 0.8031198668146504 0.0 5.9099200887902335 0.10392819089900111 0.0 0.0 0.44869600443951163 0.0
0.08 6.399075 2926.690705987489 -1.374453529937444 3.534453529937444 0.8002371760500447 0.0 5.911381411974977 0.10852051831992852 0.0 0.0 0.44883814119749776 0.0
0.08 6.411288 2927.149816323271 -1.3797490816163553 3.5398988979396266 0.7952509183836448 0.0 5.913299632646543 0.11594347548314973 0.0 0.0 0.4490299632646542 0.0
0.08 6.419516 2927.806899856253 -1.3830344992812647 3.5438413991375177 0.7919655007187352 0.0 5.914613799712506 0.12139726880689962 0.0 0.0 0.4491613799712506 0.0
0.08 6.431994 2928.0 -1.3889520251671255 3.5499520251671255 0.7860479748328746 0.0 5.917476012583562 0.1303693668895006 0.0 0.0 0.44943173417223753 0.0
0.08 6.440402 2928.0 -1.393911521824616 3.5549115218246166 0.7810884781753837 0.0 5.919955760912308 0.13698202909948837 0.0 0.0 0.44959705072748724 0.0
0.08 6.453155 2929.347675225538 -1.4014337265787646 3.5624337265787647 0.7739139486467732 0.0 5.923043025676614 0.14816814712005533 0.0 0.0 0.44990430256766134 0.0
0.08 6.461752 2930.0 -1.4073410904255315 3.5685326747720363 0.7686589095744685 0.0 5.925766337386018 0.1563882693768992 0.0 0.0 0.4501383168693009 0.0
0.08 6.470425 2930.0177612103935 -1.4131243284727548 3.5751420896831485 0.7628934327376388 0.0 5.929053283631181 0.16538649270913228 0.0 0.0 0.45030532836311804 0.0
0.08 6.479174 2930.976976208749 -1.419838833461244 3.5828158096699934 0.7571381427475052 0.0 5.931930928626247 0.1754582501918659 0.0 0.0 0.4505930928626247 0.0
0.08 6.492443 2932.2710499490317 -1.431439449541284 3.5947104994903154 0.746560550458716 0.0 5.937355249745158 0.19264048929663546 0.0 0.0 0.4510084199796126 0.0
0.08 6.501384 2933.1803344751156 -1.4399836792262741 3.603983679226274 0.7383769897239575 0.0 5.941721337900463 0.20551321781180693 0.0 0.0 0.4513721337900463 0.0
0.08 6.510406 2934.092580982236 -1.4500183908045972 3.6141109717868334 0.730074190177639 0.0 5.945555485893417 0.21983684430511927 0.0 0.0 0.4517370323928944 0.0
0.08 6.519509 2935.041824715512 -1.460543721301657 3.625543721301657 0.7205399281293672 0.0 5.951250948293072 0.23569885206628063 0.0 0.0 0.4521167298862048 0.0
0.08 6.533317 2936.4151706450975 -1.4788123890313674 3.644227559676465 0.7050179522588279 0.0 5.959491023870586 0.2626355494180315 0.0 0.0 0.45270758532254884 0.0
0.08 6.542625 2937.678377835776 -1.4917486448504316 3.6580878337683194 0.6939297329853444 0.0 5.965374322425216 0.28205864284280235 0.0 0.0 0.453169594458944 0.0
0.08 6.552014 2939.2818967249345 -1.5052284508740201 3.672510347598955 0.682617239300784 0.0 5.971973277074543 0.30240172794856285 0.0 0.0 0.4536409483624674 0.0
0.08 6.561484 2940.3916013154567 -1.5193286111813817 3.68752441183911 0.6712587907918034 0.0 5.978566405261827 0.3232320769036182 0.0 0.0 0.45409790032886416 0.0
0.08 6.571034 2942.0013766811394 -1.5330178968548132 3.7020192735359525 0.6599848565074659 0.0 5.985008260086837 0.34392753362278944 0.0 0.0 0.4545005506724558 0.0
0.08 6.580662 2943.0205479452056 -1.546287671232877 3.716287671232877 0.6487945205479451 0.0 5.991123287671233 0.3643109589041099 0.0 0.0 0.4549082191780822 0.0
0.08 6.590365 2944.026963776964 -1.56035052910053 3.7303774928774938 0.6387303622303616 0.0 5.997188746438747 0.3844392755392768 0.0 0.0 0.4553107855107855 0.0
0.08 6.600142 2945.0427103083525 -1.5732776170042906 3.744298972158467 0.628786448458238 0.0 6.004128130925057 0.404327103083524 0.0 0.0 0.4557085420616705 0.0
0.08 6.609986 2947.0036235432376 -1.5860471060620898 3.7580507296053276 0.6189637645676233 0.0 6.0100217412594255 0.42397247086475337 0.0 0.0 0.4561010870629713 0.0
0.08 6.619897 2947.974243462932 -1.5986651650181172 3.7716394084810494 0.609257565370679 0.0 6.015845460777593 0.44338486925864196 0.0 0.0 0.4563922730388796 0.0
0.08 6.629869 2948.9332884744786 -1.612066038642699 3.785066038642699 0.599667115255215 0.0 6.022533019321349 0.46256576948956996 0.0 0.0 0.4567733153897914 0.0
0.08 6.6399 2950.762695865584 -1.6244575231262979 3.79833887105909 0.5901865206720784 0.0 6.028288087596753 0.48152695865584305 0.0 0.0 0.4571525391731169 0.0
0.08 6.649986 2951.823908174692 -1.6367108062709967 3.811534714445689 0.5815848264277714 0.0 6.033943449048152 0.5002133818589027 0.0 0.0 0.4574471724524076 0.0
0.08 6.66012 2953.172314347513 -1.6481200432588325 3.824206200432589 0.5732245854361928 0.0 6.039603100216294 0.5186145277577513 0.0 0.0 0.4578258471521269 0.0
0.08 6.670305 2955.0039868875697 -1.660051829538407 3.837055816425977 0.564964118011872 0.0 6.0460239213254185 0.5368789403738816 0.0 0.0 0.45810159475502793 0.0
0.08 6.680532 2955.910073535926 -1.6718309559670421 3.8497410295029684 0.5568093381766632 0.0 6.051460441215558 0.554819456011341 0.0 0.0 0.45846402941437053 0.0
0.08 6.690803 2957.2792218970562 -1.6836753313823378 3.861954553279394 0.5487435014632466 0.0 6.056837665691169 0.5726642967808576 0.0 0.0 0.45874188328455845 0.0
0.08 6.701112 2959.052947644422 -1.6943441596887425 3.8743441596887425 0.5407882094223123 0.0 6.062185316755477 0.5902268290619982 0.0 0.0 0.4590105895288844 0.0
0.08 6.71146 2960.8034339846063 -1.705722320899941 3.8857223208999407 0.5337862640615749 0.0 6.068312018946122 0.6076441681468326 0.0 0.0 0.4593606867969212 0.0
0.08 6.721848 2963.201577131592 -1.7172094627895507 3.8984110399211422 0.5261936914736328 0.0 6.073604731394775 0.6249157713159179 0.0 0.0 0.4596302365697388 0.0
0.08 6.732271 2964.913914900608 -1.7274834894036466 3.9103974043042546 0.5193443403975688 0.0 6.078741744701823 0.6420391490060778 0.0 0.0 0.45988708723509114 0.0
0.08 6.742732 2966.4085944064336 -1.737838674828952 3.921838674828952 0.5119785139839156 0.0 6.083817188812867 0.6589375825231062 0.0 0.0 0.46014085944064337 0.0
0.08 6.753231 2968.9162654881225 -1.7486650619524902 3.9332759056112385 0.5055566253650066 0.0 6.088832530976245 0.6757389787704211 0.0 0.0 0.46039162654881227 0.0
0.08 6.76377 2971.2028714836 -1.7586229718687991 3.9448258433523993 0.49898564258200045 0.0 6.094014357418 0.6924184778802388 0.0 0.0 0.46064057429672 0.0
0.08 6.76906 2971.820357184545 -1.7635628574763627 3.950383214660908 0.49589821407727336 0.0 6.097101785922726 0.7006927862729074 0.0 0.0 0.46076407143690906 0.0
0.08 6.779694 2974.100098806719 -1.7734337614957818 3.961467127764688 0.48876643611765597 0.0 6.102200197613438 0.7172773352587978 0.0 0.0 0.4609100098806719 0.0
0.08 6.790398 2976.5407767728207 -1.7840100326822224 3.9728569582731628 0.4830715208634187 0.0 6.10708155354564 0.7337925894960857 0.0 0.0 0.46115407767728206 0.0
0.08 6.801174 2978.9727569514803 -1.7938910278059215 3.9848637847574016 0.47608172914555896 0.0 6.111945513902961 0.7502161094224923 0.0 0.0 0.461397275695148 0.0
0.08 6.812024 2981.389656315615 -1.8035586252624602 3.995753453420268 0.4700258592109623 0.0 6.1167793126312295 0.7666496629461825 0.0 0.0 0.46153896563156155 0.0
0.08 6.82295 2983.2649006622514 -1.8137086092715229 4.006708609271523 0.46414569536423855 0.0 6.121854304635762 0.7829774834437082 0.0 0.0 0.4617529801324503 0.0
0.08 6.833946 2984.0 -1.824868557256847 4.017868557256847 0.45851746819064054 0.0 6.127386025447487 0.7992124865214577 0.0 0.0 0.46191930127237435 0.0
0.08 6.839472 2984.0 -1.8302312917834807 4.023231291783481 0.4555381712313997 0.0 6.12976946301488 0.8073161742505929 0.0 0.0 0.46203847315074403 0.0
0.08 6.850583 2984.8818880820163 -1.8409369927381463 4.034818880820162 0.44959055958991884 0.0 6.1345275523280645 0.8235818667236224 0.0 0.0 0.4621881888082016 0.0
0.08 6.861762 2985.0 -1.8515923787528865 4.045592378752887 0.44373672055427266 0.0 6.139263279445728 0.839695150115473 0.0 0.0 0.4624131639722863 0.0
0.08 6.873014 2985.2449255751017 -1.8622043301759137 4.056449255751016 0.4387753721244924 0.0 6.143979702300406 0.8557309878213807 0.0 0.0 0.46262449255751015 0.0
0.08 6.884334 2986.0 -1.8727795909935963 4.067779590993597 0.4329002272257798 0.0 6.14909977277422 0.8717113819458789 0.0 0.0 0.4627419954554844 0.0
0.08 6.89002 2986.0 -1.8780645624103298 4.07306456241033 0.42997130559540886 0.0 6.152028694404591 0.8796975609756098 0.0 0.0 0.46280143472022955 0.0
0.08 6.901441 2986.176314986265 -1.888586834876386 4.083586834876386 0.4251184250686744 0.0 6.15670525994506 0.8955978838132055 0.0 0.0 0.4630176314986265 0.0
0.08 6.912923 2987.0 -1.8990781818181817 4.094420202020202 0.4196319191919192 0.0 6.161368080808081 0.9114172727272726 0.0 0.0 0.46316840404040405 0.0
0.08 6.924468 2987.0 -1.9095410691003913 4.105541069100392 0.41498174706649277 0.0 6.166018252933507 0.9271620599739245 0.0 0.0 0.46335045632333766 0.0
0.08 6.930261 2987.0 -1.9148496862237276 4.110764717601355 0.4125751568881362 0.0 6.168339874489491 0.9350555732642695 0.0 0.0 0.4634084968622373 0.0
0.08 6.941885 2987.0 -1.926170541101988 4.121170541101988 0.40703531506578305 0.0 6.172964684934216 0.9507799287763375 0.0 0.0 0.4635482342467109 0.0
0.08 6.953562 2987.0 -1.936541650294695 4.131541650294695 0.4024259332023578 0.0 6.177574066797642 0.9664124754420426 0.0 0.0 0.46373935166994107 0.0
0.08 6.959417 2987.0 -1.9417179764243613 4.136717976424361 0.400125343811395 0.0 6.179874656188605 0.974176964636542 0.0 0.0 0.4637968664047151 0.0
0.08 6.971157 2987.0 -1.9520230642504117 4.1480230642504115 0.39454530477759486 0.0 6.1844546952224055 0.9897459637561774 0.0 0.0 0.4639227347611202 0.0
0.08 6.982933 2987.0 -1.9622788100510253 4.1582788100510255 0.38998719553287764 0.0 6.189012804467122 1.005243535188216 0.0 0.0 0.46412532011167806 0.0
0.08 6.994744 2987.0 -1.9728775705404114 4.16848981348637 0.3854489717838355 0.0 6.1939387852702055 1.0207122716403634 0.0 0.0 0.4642387757054041 0.0
0.08 7.000664 2987.0 -1.9785399330463898 4.173585939741751 0.3831840267814442 0.0 6.196769966523195 1.0284697082735537 0.0 0.0 0.4642953993304639 0.0
0.08 7.012521 2987.0 -1.9887329931972786 4.183732993197278 0.3786742252456539 0.0 6.201325774754346 1.0438076341647766 0.0 0.0 0.46440814436885863 0.0
0.08 7.024408 2987.0 -1.9988323302614261 4.193832330261426 0.37418563099492175 0.0 6.205814369005078 1.0590688546172662 0.0 0.0 0.46452035922512697 0.0
0.08 7.030365 2987.0 -2.0038739890915926 4.1988739890915925 0.37194489373706985 0.0 6.20805510626293 1.0666873612939627 0.0 0.0 0.4645763776565733 0.0
0.08 7.0423 2987.0 -2.013910362839287 4.209789292043653 0.367484283182539 0.0 6.212515716817461 1.0818534371793673 0.0 0.0 0.46468789292043655 0.0
0.08 7.054257 2987.0 -2.0243803545051695 4.219380354505169 0.36353988183161007 0.0 6.21694682422452 1.0969678729689807 0.0 0.0 0.4648 0.0
0.08 7.060244 2987.0 -2.0293524394717535 4.224352439471754 0.36184336023477615 0.0 6.219156639765224 1.1045325752017612 0.0 0.0 0.46480391599413057 0.0
0.08 7.072239 2987.0 -2.039244375626195 4.234382639584661 0.35744694416613537 0.0 6.2235530558338645 1.1194942162309862 0.0 0.0 0.4649138263958466 0.0
0.08 7.084254 2987.0 -2.049312358533273 4.245081122679946 0.3530750565866908 0.0 6.227924943413309 1.1344910547759166 0.0 0.0 0.46502312358533276 0.0
0.08 7.090269 2987.0 -2.0547582616568585 4.249982435491173 0.35089669533725654 0.0 6.230103304662744 1.1420064010864648 0.0 0.0 0.4650775826165686 0.0
0.08 7.102324 2987.0 -2.0647548799136457 4.259754879913646 0.3474150400287847 0.0 6.234446613294954 1.1569046505352165 0.0 0.0 0.46518616533237384 0.0
0.08 7.114401 2986.558151980021 -2.074418480199786 4.269976632179808 0.34323260792008564 0.0 6.2387673920799145 1.1717975026757044 0.0 0.0 0.46524418480199786 0.0
0.08 7.120449 2986.0187299322156 -2.079812700677845 4.274831430610061 0.341074919728862 0.0 6.240925080271138 1.1792415269354262 0.0 0.0 0.4652981270067784 0.0
0.08 7.132567 2986.0 -2.08950074949299 4.28450074949299 0.33777744466978216 0.0 6.245278194162773 1.1940678158892517 0.0 0.0 0.46530556388325545 0.0
0.08 7.144711 2986.0 -2.0992587780898875 4.294258778089888 0.33349648876404503 0.0 6.250503511235955 1.2088371137640448 0.0 0.0 0.4654 0.0
0.08 7.150796 2986.0 -2.1044351819454166 4.299435181945416 0.3315216060181946 0.0 6.252637858642407 1.216200612316305 0.0 0.0 0.46541594646606016 0.0
0.08 7.162985 2986.0 -2.1140196573019048 4.3090196573019055 0.32810237453248675 0.0 6.256897625467514 1.2308968078629208 0.0 0.0 0.4655 0.0
0.08 7.169089 2986.0 -2.1187979472905973 4.313797947290597 0.32597869009306796 0.0 6.259021309906932 1.2382235191789157 0.0 0.0 0.4655 0.0
0.08 7.181315 2986.0 -2.1283290942123014 4.323329094212302 0.3225569685958995 0.0 6.263257375205468 1.252756510078726 0.0 0.0 0.4655814343801367 0.0
0.08 7.193567 2986.0 -2.1383339063171465 4.333333906317147 0.3188886978942844 0.0 6.267481736140954 1.2673490330898154 0.0 0.0 0.4656 0.0
0.08 7.199706 2986.0 -2.1430825956166744 4.338082595616674 0.31730580146110865 0.0 6.269592264718521 1.2746831198968633 0.0 0.0 0.4656 0.0
0.08 7.212006 2986.0 -2.15256460313383 4.34756460313383 0.3141451322887233 0.0 6.273806490281702 1.2892323914718726 0.0 0.0 0.46569516225704255 0.0
0.08 7.224347 2986.0 -2.162039959190613 4.3570399591906135 0.30999200816187733 0.0 6.278015983676245 1.3037551436830466 0.0 0.0 0.4657 0.0
0.08 7.230531 2986.0 -2.167267152913239 4.3622671529132395 0.3088812653718938 0.0 6.280118734628107 1.3110096344669664 0.0 0.0 0.4657 0.0
0.08 7.242929 2986.0 -2.1767275722250385 4.371727572225039 0.3047574759249872 0.0 6.28432336543335 1.325515610745059 0.0 0.0 0.46570808413583376 0.0
0.08 7.249142 2986.0 -2.1814510897111004 4.3764510897111 0.30318297009629996 0.0 6.286422706538267 1.3327583375570202 0.0 0.0 0.46576056766345664 0.0
0.08 7.261598 2986.0 -2.1914024205748865 4.386402420574886 0.3003767019667171 0.0 6.290623298033283 1.3472503782148257 0.0 0.0 0.4658 0.0
0.08 7.274086 2986.0 -2.2008419025288894 4.39584190252889 0.2963860324903702 0.0 6.294818623346173 1.3617037849606426 0.0 0.0 0.4658 0.0
0.08 7.280342 2986.0 -2.205556690671579 4.400556690671579 0.2948144364428069 0.0 6.296914084742924 1.3688807402445151 0.0 0.0 0.4658 0.0
0.08 7.292874 2986.0 -2.2154785434547124 4.410478543454713 0.29217381884842925 0.0 6.301101574868761 1.3833004332972254 0.0 0.0 0.465827539371719 0.0
0.08 7.299152 2986.0 -2.2201866511124075 4.415186651112408 0.29060444962919746 0.0 6.30319406716107 1.3905195317056915 0.0 0.0 0.46587985167902674 0.0
0.08 7.311731 2986.0 -2.2295929093324474 4.424592909332447 0.28746903022251746 0.0 6.307374626369977 1.40485809531717 0.0 0.0 0.4659 0.0
0.08 7.324338 2986.0 -2.2388722736285525 4.433872273628552 0.28383831791143427 0.0 6.311548909451421 1.4191050148711166 0.0 0.0 0.4659 0.0
0.08 7.330655 2986.0 -2.244091209517515 4.439091209517515 0.28227263714474554 0.0 6.313636483807006 1.4262549570389953 0.0 0.0 0.4659 0.0
0.08 7.34331 2986.0 -2.2535606684227854 4.448560668422785 0.27914644385907156 0.0 6.316853556140929 1.44053123971024 0.0 0.0 0.4659 0.0
0.08 7.349649 2986.0 -2.2587346736980884 4.452787738958471 0.2780530652603823 0.0 6.318893869479235 1.4476391562294004 0.0 0.0 0.4659 0.0
0.08 7.362351 2985.985792438965 -2.2681278680493184 4.462127868049318 0.27495737731689385 0.0 6.323056830244142 1.4617946435861848 0.0 0.0 0.466 0.0
0.08 7.375074 2985.0 -2.2775296610169486 4.471529661016949 0.2718940677966103 0.0 6.327211864406779 1.4760203389830502 0.0 0.0 0.466 0.0
0.08 7.381444 2985.0 -2.282646724109901 4.476646724109901 0.2707844252966997 0.0 6.3292874329377335 1.4830772719882948 0.0 0.0 0.466 0.0
0.08 7.394196 2985.0 -2.291865390853065 4.486081738566332 0.26756730457346745 0.0 6.3334326954265325 1.4971711644502108 0.0 0.0 0.466 0.0
0.08 7.400581 2985.0 -2.2962568792489475 4.491131191324053 0.2657486241502105 0.0 6.335502751699579 1.5042093557785685 0.0 0.0 0.466 0.0
0.08 7.413365 2984.6803291915444 -2.3065983540422783 4.50043851863805 0.2635204937873165 0.0 6.339479506212684 1.5182737614974986 0.0 0.0 0.466 0.0
0.08 7.419769 2983.646925931903 -2.311765370340487 4.505088833306438 0.26197038889785396 0.0 6.341029611102146 1.525300903663062 0.0 0.0 0.466 0.0
0.08 7.432604 2982.5813953488373 -2.321883720930233 4.513883720930233 0.2593720930232557 0.0 6.344837209302326 1.5393255813953495 0.0 0.0 0.4660209302325582 0.0
0.08 7.439037 2981.5496391339216 -2.3265266238973537 4.518526623897353 0.25782445870088216 0.0 6.346900721732157 1.5462899358460303 0.0 0.0 0.46607251804330396 0.0
0.08 7.451926 2980.244430248343 -2.3365556975165696 4.5278001277649125 0.2547332907450291 0.0 6.351022279006628 1.560200191647369 0.0 0.0 0.4661 0.0
0.08 7.464849 2978.431518806539 -2.3468424059673065 4.537558165370576 0.252147278209808 -0.0004 6.354852721790192 1.5740372480558642 0.0 0.0 0.4661 0.0
0.08 7.471325 2977.403745437232 -2.3519812728138394 4.542183145532455 0.2506056181558482 -0.0004 6.356394381844152 1.5809747182986833 0.0 0.0 0.4661 0.0
0.08 7.484301 2976.351679545813 -2.3622416022709354 4.551917442043842 0.24802751931871944 -0.0004 6.360296640908374 1.5948437470430532 0.0 0.0 0.4661 0.0
0.08 7.490802 2975.3264469326605 -2.367367765336698 4.556530988803028 0.24648967039899064 -0.0004 6.3623471061346795 1.6017128055511751 0.0 0.0 0.4661 0.0
0.08 7.503829 2973.640222413658 -2.377597775863419 4.565237998277078 0.24392066724097428 -0.0004 6.365439110345368 1.6155210196569816 0.0 0.0 0.4661 0.0
0.08 7.510355 2973.1291408880884 -2.3827085911191164 4.569837732007205 0.2423874226642651 -0.0004 6.367483436447647 1.622369512099616 0.0 0.0 0.4661 0.0
0.08 7.523432 2971.2177167810355 -2.392911416094822 4.579020274485339 0.24021771678103565 -0.000845570804741087 6.371564566437929 1.6361304117280093 0.0 0.0 0.4661 0.0
0.08 7.529983 2970.198787690395 -2.398006061548026 4.584006061548026 0.23919878769039482 -0.0009 6.372801212309605 1.6429681224743546 0.0 0.0 0.46618012123096053 0.0
0.08 7.543113 2969.0819583236503 -2.4081804167634977 4.593262375087148 0.2362458749709506 -0.0009 6.376672166705399 1.6566017584630872 0.0 0.0 0.4662 0.0
0.08 7.54969 2968.147513129441 -2.4132624343527955 4.5974099474822365 0.23514751312944088 -0.0012409947482236465 6.378704973741118 1.663496910719802 0.0 0.0 0.4662 0.0
0.08 7.562868 2966.117945954269 -2.4234102702286546 4.606469243205789 0.23311794595426907 -0.0016764108091461857 6.381823081068596 1.6771097621063973 0.0 0.0 0.4662 0.0
0.08 7.574057 2964.401760428626 -2.4319911978568696 4.614692078071183 0.23040176042862612 -0.0018495598928434747 6.384897359357061 1.6886082051282052 0.0 0.0 0.4662 0.0
0.08 7.583352 2962.978928080623 -2.4391264315162617 4.621105359596886 0.22897892808062303 -0.0022084287677507867 6.3870421438387535 1.6981411818598255 0.0 0.0 0.4662 0.0
0.08 7.591318 2961.8815959795934 -2.4461840402040664 4.62706563618366 0.22764478793878004 -0.0026592020102033254 6.389473616081627 1.70629845427549 0.0 0.0 0.4662 0.0
0.08 7.601487 2961.1072869869795 -2.453927130130206 4.634034417117185 0.22532186096093823 -0.003046356506510295 6.392570852052082 1.716751625675778 0.0 0.0 0.4662 0.0
0.08 7.610113 2959.9037368301374 -2.460481315849314 4.639433184264383 0.2239037368301372 -0.003543318426438258 6.394192526339726 1.7255449632380808 0.0 0.0 0.46620481315849316 0.0
0.08 7.619907 2958.419010081104 -2.467904949594482 4.6461144546350335 0.2224190100811036 -0.0042114454635033775 6.397161979837793 1.7354926324566058 0.0 0.0 0.46627904949594484 0.0
0.08 7.630201 2956.8612725488715 -2.4756936372556417 4.6536242735300775 0.22086127254887167 -0.005297109215789835 6.399277454902257 1.7458294739225597 0.0 0.0 0.4663 0.0
0.08 7.640556 2955.2981357083554 -2.4835093214582233 4.660658389312401 0.21929813570835532 -0.006391305004151275 6.402403728583289 1.7563024907540192 0.0 0.0 0.4663 0.0
0.08 7.64936 2953.9711299902265 -2.490158785053755 4.666129915043982 0.2169711299902264 -0.0070259830087962384 6.404057740019547 1.765193429065483 0.0 0.0 0.4663 0.0
0.08 7.659376 2952.4650778136984 -2.49844207202466 4.672907149838358 0.2154650778136982 -0.008381429967671612 6.407069844372604 1.775283978648222 0.0 0.0 0.4663 0.0
0.08 7.669919 2949.8821150389454 -2.5065894248052722 4.680530482324745 0.2138821150389455 -0.010259144697423589 6.410176827441582 1.785789829239065 0.0 0.0 0.46630589424805274 0.0
0.08 7.679717 2948.414469742361 -2.513927651288197 4.687134886159377 0.21241446974236064 -0.012240465847813133 6.41237829538646 1.7956230527261836 0.0 0.0 0.46637927651288197 0.0
0.08 7.689565 2946.9413520370094 -2.521293239814953 4.693263915833457 0.21094135203700942 -0.01420556633338304 6.414117295925981 1.8053900089538872 0.0 0.0 0.4664 0.0
0.08 7.69925 2945.4960453663634 -2.528519773168184 4.699767795851366 0.20949604536636324 -0.016807118340546167 6.417007909267274 1.8150012983136845 0.0 0.0 0.4664 0.0
0.08 7.709159 2944.019213583557 -2.5368847184986594 4.7069039320822155 0.20801921358355677 -0.01946541554959778 6.4189807864164425 1.8248712689901694 0.0 0.0 0.4664 0.0
0.08 7.719013 2941.812968515742 -2.5442901049475264 4.712832083958021 0.20581296851574207 -0.022853448275862127 6.421916041979011 1.8345500374812596 0.0 0.0 0.4664 0.0
0.08 7.729013 2940.0143562828034 -2.5519282185859837 4.719928218585983 0.20401435628280326 -0.0268598024081508 6.423985643717197 1.844408119790059 0.0 0.0 0.4664 0.0
0.08 7.739224 2938.1988429016465 -2.5601052069425903 4.726304049844237 0.20309942145082333 -0.03149295060080116 6.42670173564753 1.8544964218958613 0.0 0.0 0.4664900578549177 0.0
0.08 7.749093 2936.164621998532 -2.567423823005138 4.732506134004404 0.20116462199853197 -0.03677198280381693 6.428835378001469 1.8641345077068265 0.0 0.0 0.4665 0.0
0.08 7.759024 2934.485761589404 -2.5748140728476825 4.739056953642384 0.19948576158940395 -0.043332665562914076 6.431271357615895 1.8739097185430467 0.0 0.0 0.4665 0.0
0.08 7.769006 2932.6153241650295 -2.5825387033398823 4.745846365422397 0.19830766208251474 -0.05070023575638516 6.43338467583497 1.8836541453831042 0.0 0.0 0.4665692337917485 0.0
0.08 7.779002 2930.441593824498 -2.590454421614258 4.752675218526507 0.1964415938244977 -0.059255704393234174 6.4355584061755025 1.89340114655466 0.0 0.0 0.4666 0.0
0.08 7.78911 2928.3953214075095 -2.5984187143699624 4.759616375073717 0.19519766070375472 -0.06950479654020009 6.43760467859249 1.9032431590328285 0.0 0.0 0.4666 0.0
0.08 7.798976 2926.2200317244506 -2.606229888964423 4.765449920688873 0.19411001586222534 -0.08085583503285662 6.43977996827555 1.9128538635848622 0.0 0.0 0.4666 0.0
0.08 7.809045 2924.108327268947 -2.6136208545586856 4.772620854558686 0.1921083272689469 -0.09457962366150327 6.442837509096579 1.9226908618359497 0.0 0.0 0.4666 0.0
0.08 7.819059 2922.099309240164 -2.621602763039343 4.778702072279508 0.1910496546200821 -0.11050552607868647 6.444900690759836 1.932323315647212 0.0 0.0 0.46669503453799177 0.0
0.08 7.829017 2920.119821162444 -2.6295207153502234 4.785580625931445 0.1891198211624441 -0.12850363636363651 6.446880178837556 1.942012876304024 0.0 0.0 0.4667 0.0
0.08 7.839033 2918.107749522565 -2.636622876671022 4.791676751432305 0.18805387476128257 -0.14946863001306596 6.448892250477435 1.9516828022916872 0.0 0.0 0.4667 0.0
0.08 7.84897 2916.065239761268 -2.6447390409549283 4.798771660835563 0.18703261988063397 -0.17381712286478507 6.450934760238732 1.9612933731220408 0.0 0.0 0.4667 0.0
0.08 7.858986 2914.115967365967 -2.6525361305361304 4.804652097902098 0.18511596736596736 -0.20238948135198137 6.453826048951049 1.9709259615384616 0.0 0.0 0.4667 0.0
0.08 7.869011 2912.065257541555 -2.6597715986045563 4.811771598604556 0.18403262877077767 -0.23553956494972578 6.455934742458445 1.98059328955469 0.0 0.0 0.46679673712292225 0.0
0.08 7.879364 2909.9736335057296 -2.668105465977081 4.81807909948281 0.18297363350572973 -0.2746655613020971 6.458026366494271 1.9904252408477836 0.0 0.0 0.4668 0.0
0.08 7.890986 2907.443441577553 -2.6774841557931914 4.825298636319042 0.1808144805258511 -0.32657280486608264 6.460371038948297 2.0015995388992445 0.0 0.0 0.4668 0.0
0.08 7.901732 2904.502240325866 -2.6857421588594703 4.832493279022404 0.1797511201629328 -0.382587046843176 6.462497759674134 2.0118394704684315 0.0 0.0 0.4668248879837067 0.0
0.08 7.912677 2902.299990193194 -2.693800039227224 4.839450034323821 0.17829999019319392 -0.448845336863788 6.464700009806807 2.0222950475630093 0.0 0.0 0.4669 0.0
0.08 7.919654 2900.89493226292 -2.699280180632213 4.84421013547416 0.1769649774209733 -0.49618623181134597 6.4660700451580535 2.0289327145007534 0.0 0.0 0.4669 0.0
0.08 7.933642 2897.1221764883044 -2.710511294046782 4.852633470535086 0.1755610882441522 -0.6085608874610965 6.468877823511695 2.0422257705049693 0.0 0.0 0.4669 0.0
0.08 7.940643 2895.568679360554 -2.7161501883718557 4.856862641278892 0.17471245290703608 -0.671891090520307 6.470287547092964 2.048837093982282 0.0 0.0 0.4669 0.0
0.08 7.954667 2891.882142146128 -2.727471431415488 4.865912502488553 0.17244107107306392 -0.8217798626318898 6.473117857853873 2.062165717698586 0.0 0.0 0.4669558928926936 0.0
0.08 7.961691 2890.226739562624 -2.733062027833002 4.870546520874751 0.17174224652087475 -0.9068976838966205 6.474515506958251 2.068822882703777 0.0 0.0 0.467 0.0
0.08 7.975766 2886.004429232937 -2.743656331789813 4.878991141534126 0.17033480974431245 -1.104645057378704 6.477330380511375 2.082052788403463 0.0 0.0 0.467 0.0
0.08 7.982818 2883.8848762968873 -2.7489736632083 4.883601955307263 0.16925658419792497 -1.219205466879492 6.478743415802075 2.0886940542697525 0.0 0.0 0.467 0.0
0.08 7.98988 2881.7697639377197 -2.7546139628327477 4.88846047212456 0.16792325464590657 -1.3429727875439523 6.4801534907081875 2.095321406328478 0.0 0.0 0.467 0.0
0.08 8.004033 2877.4962117385594 -2.766010102030508 4.897007576522881 0.1664987372461865 -1.6347783109404983 6.483002525507628 2.108611617335084 0.0 0.0 0.4670501262753814 0.0
0.08 8.01113 2875.355544505221 -2.7719333664843364 4.901288910989558 0.16578518150174043 -1.8000157633018412 6.484429636996519 2.11521929388364 0.0 0.0 0.4671 0.0
0.08 8.025363 2871.104287138584 -2.784055234297109 4.910423330009971 0.16436809571286132 -2.186147337986071 6.4866319042871385 2.1284767098703896 0.0 0.0 0.4671 0.0
0.08 8.032498 2868.9644074593944 -2.7897615801082822 4.915071185081212 0.16365480248646472 -2.407249699217995 6.48769039502707 2.135110336875878 0.0 0.0 0.4671 0.0
0.08 8.039644 2866.753111200321 -2.7954937775993574 4.9193703331995176 0.16287655560016062 -2.646379175030101 6.489123444399839 2.1417678442392614 0.0 0.0 0.4671 0.0
0.08 8.053988 2861.5052369077303 -2.8069860349127187 4.927989526184539 0.16050174563591016 -3.2083549625935444 6.49199650872818 2.1550337655860354 0.0 0.0 0.4671 0.0
0.08 8.061181 2859.3483631251256 -2.8127376983329984 4.932303273749749 0.15978278770837523 -3.526892227354873 6.49343442458325 2.1616766318537857 0.0 0.0 0.4671 0.0
0.08 8.075616 2854.408527661235 -2.8248308127622215 4.940887208508148 0.15835213191530872 -4.1503912479266605 6.496295736169382 2.174889959996098 0.0 0.0 0.4671647868084691 0.0
0.08 8.082861 2851.848 -2.8308799999999996 4.945303999999999 0.15771200000000002 -4.3542079999999945 6.497576 2.1815407999999996 0.0 0.0 0.4672 0.0
0.08 8.090124 2849.546851485149 -2.8366328712871276 4.949906297029702 0.15713671287128722 -4.492852198019779 6.498726574257425 2.1882141306930682 0.0 0.0 0.4672 0.0
0.08 8.104706 2844.506840698223 -2.8482849504639094 4.9583890548828435 0.15540273627928922 -4.696901619751532 6.500597263720711 2.201434266394087 0.0 0.0 0.4672 0.0
0.08 8.112025 2841.629422865231 -2.854615269696492 4.962992923415631 0.1542517691460923 -4.780346736908309 6.501748230853908 2.2080523274099693 0.0 0.0 0.4672 0.0
0.08 8.119365 2838.6360016476724 -2.8607279967046555 4.967151997803104 0.154 -4.862270355622692 6.503575998901551 2.2146219964300435 0.0 0.0 0.4672 0.0
0.08 8.134104 2833.4836391018616 -2.8728392661555318 4.976129449616649 0.1521934556407447 -5.025368784227828 6.505806544359255 2.227832865553122 0.0 0.0 0.4672 0.0
0.08 8.141506 2830.547502047502 -2.878904995904996 4.980269997269997 0.15118250068250064 -5.109179443079447 6.506817499317499 2.2344954954954956 0.0 0.0 0.4672 0.0
0.08 8.156373 2824.8966313501764 -2.8910480847595763 4.989365389839717 0.14957932627003528 -5.277879434936162 6.509262021189894 2.2478108258625378 0.0 0.0 0.46724206737299645 0.0
0.08 8.163838 2822.3616544417278 -2.8971320293398533 4.993421352893235 0.1490723308883456 -5.36173647106764 6.510783007334964 2.2544524653626725 0.0 0.0 0.46729276691116545 0.0
0.08 8.171329 2819.389573459716 -2.9032208530805685 4.998350710900474 0.1481298578199052 -5.448532227488151 6.511870142180094 2.261055924170616 0.0 0.0 0.4673 0.0
0.08 8.186386 2813.207084652165 -2.9155858306956697 5.0071893730217525 0.14706902821738838 -5.631185689272003 6.513930971782611 2.2743513165869755 0.0 0.0 0.4673 0.0
0.08 8.193951 2810.150313152401 -2.921699373695198 5.011774530271398 0.14605010438413366 -5.723653027139869 6.514949895615866 2.280974321503131 0.0 0.0 0.4673 0.0
0.08 8.201545 2807.0922023889416 -2.927815595222117 5.015877063481412 0.14503073412964715 -5.818147872768744 6.5159692658703525 2.287697154744329 0.0 0.0 0.4673 0.0
0.08 8.209166 2804.030132583367 -2.93492969063881 5.019959823222177 0.145 -5.916233748493362 6.516989955805545 2.294334712736038 0.0 0.0 0.4673 0.0
0.08 8.224492 2796.8921007060076 -2.947251765019316 5.029143865725323 0.143 -6.119457786066344 6.519071932862662 2.3077337818036505 0.0 0.0 0.4673 0.0
0.08 8.2322 2793.749468085106 -2.9543757978723413 5.033250531914894 0.14293736702127643 -6.224013829787249 6.521062632978723 2.314407114361703 0.0 0.0 0.4673 0.0
0.08 8.23994 2789.6794353502546 -2.9605953343495273 5.037412154549672 0.14190841010007268 -6.3313275962621995 6.522091589899928 2.321090754854531 0.0 0.0 0.4673 0.0
0.08 8.255523 2782.373181697964 -2.9740969320285635 5.046626818302037 0.14 -6.5533061623908955 6.52415670457551 2.334418579740809 0.0 0.0 0.4673 0.0
0.08 8.263369 2778.2243928194293 -2.9813573125659985 5.0507756071805705 0.1398060982048574 -6.667442489440345 6.525193901795143 2.341160361668427 0.0 0.0 0.4673 0.0
0.08 8.271256 2774.180640494509 -2.9885216676530546 5.055053462221346 0.13888294864207273 -6.783945222594859 6.526234102715854 2.3478982573814693 0.0 0.0 0.4673 0.0
0.08 8.279185 2770.530808180443 -2.9952999276648917 5.059746103768002 0.13836154402577758 -6.903972565266007 6.527276911948444 2.354572236470047 0.0 0.0 0.4673 0.0
0.08 8.295178 2762.497905759162 -3.008628664921466 5.068502094240838 0.13662447643979053 -7.150687722513094 6.529375523560209 2.3680033507853406 0.0 0.0 0.4673 0.0
0.08 8.30325 2758.279497035637 -3.0157958173170893 5.072720502964362 0.13578493712945466 -7.278319441005935 6.530430125741091 2.3747528047429802 0.0 0.0 0.4673 0.0
0.08 8.311377 2754.043651052186 -3.022679067040198 5.076956348947814 0.13525545638152323 -7.408359912697897 6.531489087236953 2.3815301583165027 0.0 0.0 0.4673 0.0
0.08 8.319562 2749.7860851505716 -3.0298743509864994 5.081767393561785 0.13444652128764292 -7.54072762201452 6.532 2.3883422637590854 0.0 0.0 0.4673 0.0
0.08 8.336125 2740.871354066062 -3.0445191552379103 5.090781018607945 0.1336523726740069 -7.813709291095213 6.533695254651986 2.4019148670401127 0.0 0.0 0.4672 0.0
0.08 8.344514 2736.0100444272744 -3.051541046938382 5.095102182731312 0.13311222715858603 -7.953877052346928 6.5347755456828285 2.4087747150859578 0.0 0.0 0.4672 0.0
0.08 8.352981 2731.5548866401946 -3.0590289483796598 5.099445113359805 0.1321387216600486 -8.098841936723462 6.535861278339951 2.415626053541694 0.0 0.0 0.4672 0.0
0.08 8.361531 2727.1873883073786 -3.066672070462088 5.1038126116926215 0.1310468470768446 -8.245508437579769 6.5369531529231555 2.4226001787081946 0.0 0.0 0.4672 0.0
0.08 8.370171 2721.795972476485 -3.0743570481661506 5.108204027523515 0.1309489931191213 -8.394147137175677 6.53802550344044 2.429518793005492 0.0 0.0 0.4672 0.0
0.08 8.387747 2712.659438455754 -3.0898767861619447 5.117072449235397 0.129 -8.696867610930045 6.539268112308849 2.4433891075457503 0.0 0.0 0.4672 0.0
0.08 8.396696 2707.4484908954855 -3.0977151409329005 5.121939386380643 0.12861212272387135 -8.850265253180337 6.540387877276129 2.4504436268396104 0.0 0.0 0.4672 0.0
0.08 8.405768 2702.4168734491313 -3.105616377171216 5.127066501240694 0.128 -9.001906054590574 6.541516625310174 2.4575547394540944 0.0 0.0 0.46714833746898266 0.0
0.08 8.41497 2697.3894218942187 -3.1132421894218947 5.131610578105781 0.12734735547355466 -9.15097323493236 6.542326322263222 2.4646790282902833 0.0 0.0 0.4671 0.0
0.08 8.424315 2692.791635916359 -3.120713591635916 5.1362083640836405 0.1261979089790898 -9.297987441574413 6.5429010455104555 2.4718630688806886 0.0 0.0 0.4671 0.0
0.08 8.433811 2687.190267105744 -3.1287336260519583 5.140847786315405 0.126 -9.436809696304438 6.543961946578851 2.479064068788877 0.0 0.0 0.4671 0.0
0.08 8.443476 2682.3379077886116 -3.136926929095944 5.1455296737691105 0.125 -9.562777007343215 6.545 2.486434236186349 0.0 0.0 0.4671 0.0
0.08 8.45332 2676.73873012077 -3.145207222288652 5.15026126987923 0.12468468253019255 -9.675358746861171 6.545315317469807 2.493854968312806 0.0 0.0 0.4670684682530193 0.0
0.08 8.463358 2671.7054336900615 -3.1535693253710155 5.155039614497722 0.1237450481877846 -9.774513569443615 6.546509903624431 2.501312392833914 0.0 0.0 0.467 0.0
0.08 8.473605 2666.2526458936914 -3.1620514397209245 5.159886536983385 0.12313918287707684 -9.867938000354751 6.547721634245846 2.508946295748832 0.0 0.0 0.467 0.0
0.08 8.484082 2660.2497076023383 -3.1706504093567265 5.16480023391813 0.12204994152046765 -9.951438818713463 6.548 2.5165903625731008 0.0 0.0 0.467 0.0
0.08 8.49481 2654.2291427258106 -3.1793490002298315 5.169770857274189 0.12180728568145263 -10.027861801884619 6.549192714318548 2.5243948287749935 0.0 0.0 0.4669 0.0
0.08 8.505806 2648.737064052884 -3.1881681103259627 5.174810348757693 0.121 -10.098458673353086 6.55 2.5322512992933666 0.0 0.0 0.4669 0.0
0.08 8.517106 2642.3326936102962 -3.1978676902235263 5.179933845111763 0.12026653872205921 -10.16447306389704 6.55073346127794 2.5402474599232328 0.0 0.0 0.4669 0.0
0.08 8.52873 2635.8493104982213 -3.2072109653024903 5.185120551601423 0.11948493104982212 -10.2252893572064 6.551515068950177 2.548338361877223 0.0 0.0 0.4668484931049822 0.0
0.08 8.540717 2629.212370005473 -3.216860207991243 5.190430103995621 0.119 -10.285194854953478 6.552 2.5566524137931035 0.0 0.0 0.4668 0.0
0.08 8.553118 2622.465367965368 -3.2269484848484846 5.195827705627705 0.1182930735930736 -10.341554675324675 6.552706926406926 2.5650829437229437 0.0 0.0 0.4668 0.0
0.08 8.565988 2615.4806594800243 -3.236692454026634 5.201346227013317 0.117 -10.394581420418522 6.553086556753329 2.5737366518706413 0.0 0.0 0.4667 0.0
0.08 8.579052 2607.6935517529214 -3.247690317195326 5.2068451585976625 0.11653871035058426 -10.442691590150252 6.554 2.5823061247913195 0.0 0.0 0.4667 0.0
0.08 8.591956 2601.008559348252 -3.257588016912447 5.212193152521398 0.116 -10.484768815097453 6.55479828813035 2.590649386408167 0.0 0.0 0.4667 0.0
0.08 8.604698 2593.415502161455 -3.2677793304513933 5.217389665225697 0.115 -10.522601015381525 6.555097416306424 2.59870398109983 0.0 0.0 0.4666 0.0
0.08 8.617271 2585.8605435429477 -3.277852608609403 5.222426304304702 0.1146434239238246 -10.555079537790121 6.556 2.6065107716722875 0.0 0.0 0.4666 0.0
0.08 8.629671 2578.5346747411604 -3.2876204336784527 5.227310216839227 0.114 -10.583657013088494 6.556577554209807 2.61402308067982 0.0 0.0 0.4665422445790194 0.0
0.08 8.641893 2571.4418470418477 -3.2970775372775365 5.232038768638768 0.11324030784030792 -10.60801012025012 6.557 2.621310091390091 0.0 0.0 0.4665 0.0
0.08 8.653935 2564.5834279228147 -3.3062220961029136 5.236611048051457 0.113 -10.630655240257283 6.557 2.6283068482784713 0.0 0.0 0.4665 0.0
0.08 8.665794 2557.955870260393 -3.315050433988122 5.2410252169940605 0.112 -10.64789897670169 6.558 2.635138455915943 0.0 0.0 0.4664 0.0
0.08 8.677466 2550.5713131675784 -3.323643030248632 5.245285791221614 0.11192855219459644 -10.664521703617272 6.558 2.6416358316129616 0.0 0.0 0.4663928552194596 0.0
0.08 8.688953 2544.396246365319 -3.3328050048462416 5.249402502423121 0.111 -10.678846506300115 6.55810062560578 2.6479138161952593 0.0 0.0 0.4663 0.0
0.08 8.700252 2538.3396112311007 -3.340754730021599 5.2533773650108 0.11090565874730007 -10.68921888552916 6.559 2.6539660475161995 0.0 0.0 0.4663 0.0
0.08 8.711363 2531.6811373445034 -3.348478293983245 5.257159431327748 0.11 -10.699462350850471 6.559 2.6597241770330884 0.0 0.0 0.4662946856224084 0.0
0.08 8.722287 2526.1345519167303 -3.3567981721249045 5.259932724041635 0.11 -10.707504899720742 6.559 2.665363205551324 0.0 0.0 0.46620224253194553 0.0
0.08 8.733023 2519.930860312992 -3.363936159642295 5.2634680798211475 0.10913298004471315 -10.715503179597581 6.559 2.6707021197317213 0.0 0.0 0.4662 0.0
0.08 8.743576 2513.9329288025892 -3.370790938511327 5.2668954692556635 0.109 -10.721622297734628 6.559 2.675843203883495 0.0 0.0 0.4662 0.0
0.08 8.753944 2508.704312114989 -3.3779435318275164 5.270197125256674 0.10845071868583155 -10.726081622176592 6.559 2.680740759753594 0.0 0.0 0.46614507186858317 0.0
0.08 8.764131 2503.5858352578903 -3.384759045419554 5.273379522709777 0.108 -10.729786451116242 6.559344880677444 2.6854692840646655 0.0 0.0 0.4661 0.0
0.08 8.774138 2498.215056179775 -3.3910092134831467 5.276448539325843 0.10788786516853928 -10.733327033707864 6.56 2.690061595505618 0.0 0.0 0.4661 0.0
0.08 8.785851 2492.0734082397003 -3.398905617977528 5.279958052434457 0.10701048689138577 -10.737450711610487 6.56 2.695238127340824 0.0 0.0 0.4661 0.0
0.08 8.7995 2485.1221907047784 -3.407842897665285 5.2829476325550955 0.107 -10.739858106044077 6.56 2.701097010691687 0.0 0.0 0.4660017455814969 0.0
0.08 8.815334 2477.2340715502555 -3.4178616695059625 5.287382964224872 0.106 -10.7399 6.56 2.7075552981260644 0.0 0.0 0.466 0.0
0.08 8.833602 2467.632882273342 -3.4287052774018947 5.292352638700947 0.10566184032476315 -10.7399 6.56 2.71472751014885 0.0 0.0 0.4659661840324763 0.0
0.08 8.853335 2458.522753567297 -3.4397564596991894 5.29691881989973 0.105 -10.738364944080217 6.56 2.722145757809487 0.0 0.0 0.4659 0.0
0.08 8.872209 2449.964450510171 -3.449897770845519 5.301448885422759 0.105 -10.733447559628257 6.56 2.728769773185156 0.0 0.0 0.465813777864431 0.0
0.08 8.890297 2441.6950845877177 -3.459406553883043 5.305152457706141 0.104 -10.730261149593712 6.56 2.734843932329826 0.0 0.0 0.4658 0.0
0.08 8.907662 2434.7390159951406 -3.468471148005669 5.30863049200243 0.10378983599919012 -10.724833245596274 6.55978983599919 2.7403457380036444 0.0 0.0 0.4658 0.0
0.08 8.924359 2427.9494970231985 -3.4763922534729352 5.312025251488401 0.103 -10.720448148908506 6.559 2.745335352083761 0.0 0.0 0.46576582495038665 0.0
0.08 8.940438 2421.7574116503506 -3.4841396236895092 5.31489703533986 0.103 -10.716936818718322 6.559 2.7498940706797197 0.0 0.0 0.4657 0.0
0.08 8.955943 2416.3350718917395 -3.4911979137299127 5.317598956864956 0.103 -10.710828996334932 6.559 2.7540720468001125 0.0 0.0 0.4657 0.0
0.08 8.970913 2411.013386785024 -3.496986613214976 5.32019464528599 0.10240267735700483 -10.705071780370822 6.559 2.757890629250483 0.0 0.0 0.4657 0.0
0.08 8.985385 2405.7824410823387 -3.5028610707011936 5.322287023567065 0.102 -10.700532899330812 6.559 2.7614235888856564 0.0 0.0 0.46563564882164676 0.0
0.08 8.999389 2401.307402203653 -3.508365747245434 5.324346298898174 0.102 -10.696038142424017 6.559 2.7646194483472604 0.0 0.0 0.4656 0.0
0.08 9.012955 2397.2482888303875 -3.5134396389620157 5.326375855584806 0.102 -10.691710703271907 6.559 2.7675949905979693 0.0 0.0 0.4656 0.0
0.08 9.026112 2393.2355378241527 -3.5177644621758475 5.328382231087923 0.10130888445603814 -10.687428203160964 6.559 2.770296900414301 0.0 0.0 0.4656 0.0
0.08 9.038882 2389.2359728149204 -3.5217640271850796 5.32969100679627 0.101 -10.683197771455667 6.55830899320373 2.7728275169906746 0.0 0.0 0.4656 0.0
0.08 9.051288 2385.9271307742356 -3.525763825634353 5.331381912817176 0.101 -10.679067078724788 6.558 2.775189199739753 0.0 0.0 0.4655309043591412 0.0
0.08 9.063348 2382.9275738061388 -3.529763234925148 5.332690808731287 0.101 -10.674967684201723 6.558 2.777281617462574 0.0 0.0 0.4655 0.0
0.08 9.07508 2379.9285898427433 -3.5330714101572567 5.333690470052419 0.101 -10.67225001288992 6.558 2.779280940104838 0.0 0.0 0.4655 0.0
0.08 9.086506 2377.6187659987645 -3.536071851001853 5.334690617000618 0.101 -10.668837531997529 6.558 2.781143110601112 0.0 0.0 0.4655 0.0
0.08 9.097639 2374.928112267995 -3.539071887732005 5.336381258488004 0.10030937075599827 -10.666149678587596 6.558 2.7828050067904027 0.0 0.0 0.4655 0.0
0.08 9.108494 2372.618884040479 -3.5420716739392817 5.33769055797976 0.1 -10.66411888404048 6.558 2.7843358369696407 0.0 0.0 0.4655 0.0
0.08 9.119084 2370.619029495718 -3.5443809705042817 5.338 0.1 -10.662119029495718 6.558 2.785766679352997 0.0 0.0 0.4655 0.0
0.08 9.129419 2368.619762229585 -3.546380237770415 5.338690118885208 0.1 -10.65880853634769 6.558 2.7871661664392904 0.0 0.0 0.4655 0.0
0.08 9.139517 2366.6194372380764 -3.5483805627619236 5.339690281380962 0.1 -10.656219437238077 6.558 2.7884283376571544 0.0 0.0 0.4654309718619038 0.0
0.08 9.149385 2365.309725482192 -3.550380549035616 5.340690274517808 0.1 -10.654219450964385 6.558 2.7895593019695886 0.0 0.0 0.4654 0.0
0.08 9.159035 2363.619430241052 -3.552380569758948 5.341690284879474 0.1 -10.652288458729 6.557309715120526 2.790590284879474 0.0 0.0 0.4654 0.0
0.08 9.168474 2362.30976 -3.55438048 5.342 0.1 -10.650388544 6.557 2.79159024 0.0 0.0 0.4654 0.0
0.08 9.17771 2360.6201786881675 -3.5556899106559166 5.342689910655916 0.1 -10.648420178688168 6.557 2.792520919590325 0.0 0.0 0.4654 0.0
0.08 9.186756 2359.309961046188 -3.557380077907624 5.343 0.1 -10.6478 6.557 2.7934210350584308 0.0 0.0 0.4654 0.0
0.08 9.195617 2358.3099375354914 -3.558690062464509 5.343690062464509 0.1 -10.646488881317433 6.557 2.7941830437251562 0.0 0.0 0.4654 0.0
0.08 9.204302 2357.3099293245277 -3.560380141350944 5.344 0.1 -10.644588865716603 6.557 2.7949520565403776 0.0 0.0 0.4654 0.0
0.08 9.212816 2356.309974001418 -3.561690025998582 5.344690025998582 0.1 -10.642688950602693 6.557 2.795614015599149 0.0 0.0 0.4654 0.0
0.08 9.221166 2355.310083122515 -3.562689916877485 5.345 0.09931008312251528 -10.64078915793278 6.557 2.796282941814239 0.0 0.0 0.4654 0.0
0.08 9.229357 2354.310120363547 -3.563689879636453 5.345 0.099 -10.638889228690738 6.557 2.7968449398182265 0.0 0.0 0.4654 0.0
0.08 9.237398 2353.3100687929955 -3.5646899312070044 5.345689931207004 0.099 -10.6383 6.557 2.797413958724203 0.0 0.0 0.4654 0.0
0.08 9.245293 2353.0 -3.5656898484269517 5.346 0.099 -10.636989287988792 6.557 2.7979449242134757 0.0 0.0 0.4654 0.0
0.08 9.253047 2352.3102061989366 -3.566 5.346 0.099 -10.63508939177798 6.557 2.7983759175204255 0.0 0.0 0.4654 0.0
0.08 9.260665 2351.3102811138974 -3.5666897188861024 5.346689718886103 0.099 -10.633189534116404 6.557 2.7988448594430513 0.0 0.0 0.4654 0.0
0.08 9.26815 2351.0 -3.567689497716895 5.347 0.099 -10.6326 6.557 2.799275799086758 0.0 0.0 0.4654 0.0
0.08 9.275509 2350.3104249214375 -3.5686895750785625 5.347 0.099 -10.631358764858588 6.557 2.799675830031425 0.0 0.0 0.4654 0.0
0.08 9.282747 2349.3102777777776 -3.569 5.347 0.099 -10.629489527777778 6.557 2.800006916666667 0.0 0.0 0.4654 0.0
0.08 9.289865 2349.0 -3.5696896356961307 5.347689635696131 0.099 -10.627658655746965 6.557 2.800306890708839 0.0 0.0 0.4654 0.0
0.08 9.296869 2349.0 -3.57 5.348 0.099 -10.6271 6.557 2.8006068876452863 0.0 0.0 0.4654 0.0
0.08 9.30376 2348.3106866890216 -3.5706893133109783 5.348 0.099 -10.625859236040238 6.557 2.8009067939932937 0.0 0.0 0.4654 0.0
0.08 9.310545 2348.0 -3.571 5.348 0.099 -10.623989985185185 6.557 2.8012068444444442 0.0 0.0 0.4654 0.0
0.08 9.317225 2347.3104693140795 -3.5716895306859207 5.348 0.099 -10.6234 6.557 2.801437906137184 0.0 0.0 0.4654 0.0
0.08 9.323805 2347.0 -3.572 5.348689570926859 0.099 -10.622158772331654 6.557 2.801706871278058 0.0 0.0 0.4654 0.0
0.08 9.330286 2347.0 -3.572 5.349 0.099 -10.62035889009456 6.557 2.8019379011006045 0.0 0.0 0.4654 0.0
0.08 9.33667 2346.310838445808 -3.5726891615541922 5.349 0.099 -10.6198 6.557 2.8021378323108386 0.0 0.0 0.4654 0.0
0.08 9.342963 2346.0 -3.573 5.349 0.099 -10.61855928468785 6.557 2.8022689286284526 0.0 0.0 0.4654 0.0
0.08 9.349167 2346.0 -3.573 5.349 0.099 -10.616759002590673 6.557 2.802437888601036 0.0 0.0 0.4654 0.0
0.08 9.355283 2346.0 -3.573689439973723 5.349 0.099 -10.614959008047299 6.557 2.8026378879947447 0.0 0.0 0.4654 0.0
0.08 9.361314 2345.3105745212324 -3.574 5.349 0.099 -10.6144 6.557 2.802768942547877 0.0 0.0 0.4654 0.0
0.08 9.367263 2345.0 -3.574 5.349 0.099 -10.613159081701554 6.557 2.8029378798109383 0.0 0.0 0.46533106009453074 0.0
0.08 9.373129 2345.0 -3.574 5.349 0.099 -10.611359322033898 6.557 2.8030689265536726 0.0 0.0 0.4653 0.0
0.08 9.378919 2345.0 -3.5746893860561917 5.349 0.099 -10.6108 6.557 2.8031689386056193 0.0 0.0 0.4653 0.0
0.08 9.384633 2345.0 -3.575 5.3496893340361975 0.099 -10.609628132138464 6.557 2.80326893340362 0.0 0.0 0.4653 0.0
0.08 9.390273 2345.0 -3.575 5.35 0.099 -10.607859195299982 6.557 2.8033689335944456 0.0 0.0 0.4653 0.0
0.08 9.39584 2344.310730387737 -3.575 5.35 0.099 -10.6073 6.557 2.8034689269612265 0.0 0.0 0.4653 0.0
0.08 9.401335 2344.0 -3.575 5.35 0.099 -10.60605989041096 6.557 2.8035688949771687 0.0 0.0 0.4653 0.0
0.08 9.406763 2344.0 -3.575 5.35 0.099 -10.604328399629972 6.557 2.803668917668825 0.0 0.0 0.4653 0.0
0.08 9.412124 2344.0 -3.5756891967796296 5.35 0.099 -10.60262836547463 6.557 2.803768919677963 0.0 0.0 0.4653 0.0
0.08 9.41742 2344.0 -3.576 5.35 0.099 -10.6021 6.557 2.8038689158453374 0.0 0.0 0.4653 0.0
0.08 9.422652 2344.0 -3.576 5.35 0.099 -10.600886837788286 6.556653382225225 2.8039346617774776 0.0 0.0 0.4653 0.0
0.08 9.42782 2344.0 -3.576 5.35 0.099 -10.59914139727878 6.556154684936795 2.8039845315063205 0.0 0.0 0.4653 0.0
0.08 9.432929 2344.0 -3.576 5.35 0.099 -10.59801104743083 6.556 2.8040346442687745 0.0 0.0 0.4653 0.0
0.08 9.437979 2344.0 -3.576 5.35 0.099 -10.597162727272726 6.556 2.8040845454545456 0.0 0.0 0.4653 0.0
0.08 9.44297 2343.6535234051157 -3.576 5.35 0.099 -10.596310989788696 6.556 2.804134647659488 0.0 0.0 0.4653 0.0
0.08 9.447905 2343.154584976241 -3.576 5.35 0.099 -10.59546279445961 6.556 2.8041845415023756 0.0 0.0 0.4653 0.0
0.08 9.452783 2343.0 -3.576 5.35 0.099 -10.59402236011997 6.556 2.8042346364670596 0.0 0.0 0.4653 0.0
0.08 9.46238 2343.0 -3.576232180813377 5.35 0.099 -10.59101058523452 6.556 2.8043232180813376 0.0 0.0 0.4653 0.0
0.08 9.47177 2343.0 -3.5768974776817344 5.35 0.099 -10.588748575882104 6.556 2.804389747768173 0.0 0.0 0.4653 0.0
0.08 9.480959 2343.0 -3.577 5.35 0.099 -10.586963009062124 6.556 2.8044845288786986 0.0 0.0 0.4653 0.0
0.08 9.48996 2343.0 -3.577 5.35 0.099 -10.583910521622826 6.556 2.8045 0.0 0.0 0.4653 0.0
0.08 9.503119 2343.0 -3.577 5.35 0.099 -10.580934927671489 6.556 2.804523184009955 0.0 0.0 0.4653 0.0
0.08 9.511676 2343.0 -3.577 5.35 0.099 -10.57873877741484 6.556 2.8045897340177324 0.0 0.0 0.4653 0.0
0.08 9.520068 2343.0 -3.577 5.35 0.099 -10.575610756543565 6.5568452252898295 2.8046 0.0 0.0 0.4653 0.0
0.08 9.532358 2343.0 -3.577 5.35 0.099 -10.572735148391386 6.557 2.8046231773214734 0.0 0.0 0.4653 0.0
0.08 9.540363 2343.0 -3.577 5.35 0.099 -10.570539080555324 6.557 2.8046897248316567 0.0 0.0 0.4653 0.0
0.08 9.5521 2343.0 -3.577 5.35 0.099 -10.566258584101583 6.557 2.8047 0.0 0.0 0.4653 0.0
0.08 9.559752 2343.0 -3.577 5.35 0.099 -10.564128961558533 6.557 2.8047 0.0 0.0 0.4653 0.0
0.08 9.570983 2343.0 -3.577 5.35 0.099 -10.561018828676012 6.557 2.8047 0.0 0.0 0.4653 0.0
0.08 9.581931 2343.0 -3.577 5.35 0.099 -10.558011984356085 6.557 2.8047 0.0 0.0 0.4653 0.0
0.08 9.589079 2343.0 -3.577 5.35 0.099 -10.554883611136978 6.557 2.8047 0.0 0.0 0.4653 0.0
0.08 9.599586 2343.0 -3.577 5.35 0.099 -10.551619139395095 6.557 2.8047 0.0 0.0 0.4653 0.0
0.08 9.609844 2343.0 -3.577 5.35 0.099 -10.54851902853792 6.557 2.8047 0.0 0.0 0.4653 0.0
0.08 9.619865 2343.0 -3.577 5.35 0.099 -10.545509330933093 6.557 2.8047 0.0 0.0 0.4653 0.0
0.08 9.629661 2343.0 -3.577 5.35 0.099 -10.542419453540727 6.557 2.8047 0.0 0.0 0.4653 0.0
0.08 9.63924 2343.0 -3.577 5.35 0.099 -10.539409197446897 6.557 2.8047 0.0 0.0 0.4653 0.0
0.08 9.651694 2343.0 -3.577 5.35 0.099 -10.535334232160473 6.557 2.8047 0.0 0.0 0.4653 0.0
0.08 9.660804 2343.0 -3.577 5.35 0.099 -10.532038934561 6.557 2.8047 0.0 0.0 0.4653 0.0
0.08 9.669727 2343.0 -3.577 5.35 0.099 -10.529009299191376 6.557 2.8047 0.0 0.0 0.4653 0.0
0.08 9.681347 2343.0 -3.577 5.35 0.099 -10.523795874021289 6.557 2.8047 0.0 0.0 0.4653 0.0
0.08 9.689862 2343.0 -3.577 5.35 0.099 -10.521623489047242 6.557 2.8047 0.0 0.0 0.4653 0.0
0.08 9.700961 2343.0 -3.577 5.35 0.099 -10.516613670653173 6.557 2.8047 0.0 0.0 0.4653 0.0
0.08 9.709105 2343.0 -3.577 5.35 0.099 -10.514515860165593 6.557 2.8047 0.0 0.0 0.4653 0.0
0.08 9.719729 2343.0 -3.577 5.35 0.099 -10.510331705016975 6.557 2.8047 0.0 0.0 0.4653 0.0
0.08 9.7301 2343.0 -3.577 5.35 0.099 -10.506124169242659 6.557 2.8047 0.0 0.0 0.4653 0.0
0.08 9.740228 2343.0 -3.577 5.35 0.099 -10.502017100187913 6.557 2.804607734150925 0.0 0.0 0.4653 0.0
0.08 9.750127 2343.0 -3.577 5.35 0.099 -10.497916629554656 6.557 2.8046 0.0 0.0 0.4653 0.0
0.08 9.759805 2343.0 -3.577 5.35 0.099 -10.49381659248525 6.557 2.8046 0.0 0.0 0.4653 0.0
0.08 9.769271 2343.0 -3.577 5.35 0.099 -10.489808994708994 6.557 2.8046 0.0 0.0 0.4653 0.0
0.08 9.780821 2343.1391250442794 -3.577 5.35 0.099 -10.486062637265322 6.557 2.8046 0.0 0.0 0.4653 0.0
0.08 9.789845 2343.9382748848743 -3.577 5.35 0.099 -10.481827143110166 6.557 2.8046 0.0 0.0 0.4653 0.0
0.08 9.800868 2344.0 -3.576 5.35 0.099 -10.476876907388524 6.557 2.804586094372856 0.0 0.0 0.4653 0.0
0.08 9.809489 2344.0 -3.576 5.35 0.099 -10.472721053119496 6.557 2.804506174098452 0.0 0.0 0.4653 0.0
0.08 9.82003 2344.0 -3.576 5.35 0.099 -10.468740855106889 6.557 2.8045 0.0 0.0 0.4653 0.0
0.08 9.830321 2344.0 -3.576 5.35 0.099 -10.463714686131388 6.557 2.8045 0.0 0.0 0.4653 0.0
0.08 9.840374 2344.0 -3.576 5.35 0.099 -10.459119915254236 6.557 2.8045 0.0 0.0 0.4653 0.0
0.08 9.850199 2344.0 -3.576 5.35 0.099 -10.454956779661018 6.557 2.8045 0.0 0.0 0.4653 0.0
0.08 9.859808 2344.0 -3.576 5.35 0.099 -10.45010232412715 6.557 2.8045 0.0 0.0 0.4653 0.0
0.08 9.869208 2344.0 -3.576 5.35 0.099 -10.446328589688964 6.557 2.8044061780997014 0.0 0.0 0.4653 0.0
0.08 9.880226 2344.0 -3.576 5.35 0.099 -10.440743652561247 6.557 2.8044 0.0 0.0 0.4653 0.0
0.08 9.889199 2344.0 -3.576 5.35 0.099 -10.436746770601337 6.557 2.8044 0.0 0.0 0.4653 0.0
0.08 9.899727 2344.0 -3.576 5.35 0.099 -10.432041816452687 6.557 2.8044 0.0 0.0 0.4653 0.0
0.08 9.910006 2344.0 -3.576 5.35 0.099 -10.426298305084746 6.557 2.8044 0.0 0.0 0.4653 0.0
0.08 9.920047 2344.0 -3.576 5.35 0.099 -10.421637108673979 6.557 2.8043051545363906 0.0 0.0 0.4653 0.0
0.08 9.929862 2344.0 -3.576 5.35 0.099 -10.417036523158538 6.557 2.8043 0.0 0.0 0.4653 0.0
0.08 9.939459 2344.0 -3.576 5.35 0.099 -10.411488557421507 6.557 2.8043 0.0 0.0 0.4653 0.0
0.08 9.950395 2344.0994108295145 -3.576 5.35 0.099 -10.40615324043767 6.557 2.8043 0.0 0.0 0.4653 0.0
0.08 9.959554 2344.9559524922847 -3.576 5.35 0.099 -10.401442261292432 6.557 2.8043 0.0 0.0 0.4653 0.0
0.08 9.970001 2345.0 -3.575 5.35 0.099 -10.396363908450704 6.557 2.8042 0.0 0.0 0.4653 0.0
0.08 9.980203 2345.0 -3.575 5.35 0.099 -10.390973235912321 6.557 2.8042 0.0 0.0 0.4653 0.0
0.08 9.99017 2345.0 -3.575 5.35 0.099 -10.38565210016155 6.557 2.8042 0.0 0.0 0.4653 0.0
0.08 9.999914 2345.0 -3.575 5.35 0.099 -10.380142568659128 6.557 2.8042 0.0 0.0 0.4653 0.0
