M_Ms log_t_yr Teff L_Ls g R_Rs Log_Li_Li0 logTc logROc Mrad Rrad k2conv k2rad
0.2 5.703957 3220.0 -0.5400627871362941 3.264062787136294 1.7278116385911177 0.0 5.981 -0.45927442572741184 0.0 0.0 0.4400062787136294 0.0
0.2 5.738317 3220.0 -0.5456461187214613 3.269646118721461 1.7162564687975645 0.0 5.983548706240487 -0.4512051750380517 0.0 0.0 0.4402 0.0
0.2 5.769327 3221.0 -0.5510799376530839 3.275079937653084 1.7045334372448602 0.0 5.986386625102056 -0.4427960810509909 0.0 0.0 0.4403693312551028 0.0
0.2 5.797516 3221.5009344130995 -0.5570018688261992 3.2815028032392983 1.6924953279345023 0.0 5.989500934413099 -0.4338964492302217 0.0 0.0 0.44055009344130996 0.0
0.2 5.823296 3222.0 -0.5629718855047366 3.2879718855047364 1.6790702862381581 0.0 5.991985942752368 -0.4244534175410002 0.0 0.0 0.44069859427523683 0.0
0.2 5.846997 3222.7030750307504 -0.5701092250922508 3.2954061500615004 1.6654846248462485 0.0 5.99570307503075 -0.4143986223862239 0.0 0.0 0.4409 0.0
0.2 5.868886 3223.0 -0.5773519676705474 3.3031359568940633 1.6515120754353891 0.0 5.999567978447032 -0.4037448571153662 0.0 0.0 0.44107839892235157 0.0
0.2 5.889182 3223.961041902605 -0.5848831257078142 3.3108441676104188 1.6362727066817666 0.0 6.00292208380521 -0.3923986862967158 0.0 0.0 0.4412961041902605 0.0
0.2 5.908067 3224.0 -0.5931913846153846 3.3191913846153844 1.6198193846153848 0.0 6.006595692307692 -0.38013421538461545 0.0 0.0 0.4414797846153846 0.0
0.2 5.925695 3224.4786778208527 -0.6023933891042644 3.3288720669251175 1.6032132217914712 0.0 6.011436033462559 -0.3670663129973474 0.0 0.0 0.4417478677820853 0.0
0.2 5.942195 3225.0 -0.6116342313787637 3.338634231378764 1.5850039091389332 0.0 6.015817115689382 -0.3531303645007925 0.0 0.0 0.44202723718964604 0.0
0.2 5.95768 3225.0 -0.6222208555666094 3.3492208555666094 1.5661135027584334 0.0 6.020332820837479 -0.33824632359591206 0.0 0.0 0.44225552138916524 0.0
0.2 5.972245 3226.0 -0.633129704443972 3.360129704443972 1.5462730172230492 0.0 6.0257986391664895 -0.32249827769508826 0.0 0.0 0.4425532426110993 0.0
0.2 5.985973 3226.0 -0.644511505853856 3.371511505853856 1.52566592652402 0.0 6.030755752926928 -0.30602605974969643 0.0 0.0 0.4428377876463464 0.0
0.2 5.998937 3226.0 -0.656919694840393 3.383919694840393 1.505128488255371 0.0 6.036959847420197 -0.28900680586227734 0.0 0.0 0.44309839389680783 0.0
0.2 6.011202 3226.0 -0.6689301678854671 3.395930167885467 1.4837187145947062 0.0 6.041965083942734 -0.27153985992378216 0.0 0.0 0.44343860335770935 0.0
0.2 6.022824 3226.0 -0.6810322330848901 3.40803223308489 1.4634018004065432 0.0 6.047832833220405 -0.25424490368792946 0.0 0.0 0.44370996999322426 0.0
0.2 6.033854 3225.5368094992255 -0.6930950955085182 3.4196319050077437 1.443662570986061 0.0 6.053315952503872 -0.23735214248838424 0.0 0.0 0.4439926381001549 0.0
0.2 6.044336 3225.0 -0.7047299349240783 3.430729934924078 1.4249276030368758 0.0 6.058387472885033 -0.22118259219088893 0.0 0.0 0.444243248373102 0.0
0.2 6.05431 3224.6761161748805 -0.7155343735516763 3.441534373551676 1.4075506720222462 0.0 6.0629433029507185 -0.20591948864514126 0.0 0.0 0.4444971651475359 0.0
0.2 6.063814 3224.0 -0.7258462925400047 3.451761663286004 1.3908151904439934 0.0 6.067423146270002 -0.19148289384719386 0.0 0.0 0.4447169258508001 0.0
0.2 6.072875 3223.8953592146363 -0.7359417670682727 3.4610464078536363 1.3764303882195452 0.0 6.072418563141454 -0.17801874163319992 0.0 0.0 0.44492092815707274 0.0
0.2 6.081531 3222.93041749503 -0.7446958250497019 3.470626242544732 1.361956262425447 0.0 6.07627833001988 -0.16528846918489046 0.0 0.0 0.44512087475149104 0.0
0.2 6.089803 3222.016788159929 -0.753832118400707 3.4788489065606365 1.3482518223989397 0.0 6.079932847360283 -0.1533199248950739 0.0 0.0 0.44539496355202124 0.0
0.2 6.097715 3221.151448879169 -0.7624855112083107 3.4866369600874796 1.3361202843083653 0.0 6.083394204483324 -0.14189912520502998 0.0 0.0 0.4455697102241662 0.0
0.2 6.105296 3220.5540521088237 -0.7702432704764649 3.4942432704764648 1.3246350942853027 0.0 6.0871216352382325 -0.1311594213329491 0.0 0.0 0.44577837915647045 0.0
0.2 6.112558 3220.0313804519938 -0.777560673672089 3.501560673672089 1.3136589894918664 0.0 6.090780336836045 -0.1209150568590754 0.0 0.0 0.4459874478192026 0.0
0.2 6.119523 3220.0 -0.7849590705606482 3.508959070560648 1.3032573012150925 0.0 6.0937836282242595 -0.11118361756555087 0.0 0.0 0.44613918141121295 0.0
0.2 6.126209 3219.595675105485 -0.792043248945148 3.515638924050633 1.2933394514767929 0.0 6.096617299578059 -0.10190334388185623 0.0 0.0 0.44628086497890296 0.0
0.2 6.132634 3218.918721270372 -0.7987315085666531 3.521731508566653 1.2838620977852062 0.0 6.099325114918512 -0.09303524864187164 0.0 0.0 0.4464243836188885 0.0
0.2 6.138808 3218.2737150020894 -0.804536564981195 3.5275365649811947 1.2748320100292523 0.0 6.101905139991642 -0.08458566652737176 0.0 0.0 0.44661788549937315 0.0
0.2 6.144749 3217.6566377171216 -0.8104336228287841 3.5330902605459054 1.2665362903225807 0.0 6.104373449131513 -0.07653629032258072 0.0 0.0 0.4467686724565757 0.0
0.2 6.150465 3217.065653432589 -0.8163434656741108 3.5384091191066998 1.2588534946236558 0.0 6.106737386269645 -0.0688534946236559 0.0 0.0 0.44688686931348226 0.0
0.2 6.15597 3217.0 -0.8219826069163089 3.543982606916309 1.2510243503171676 0.0 6.109491303458155 -0.061522611008798474 0.0 0.0 0.4469996521383262 0.0
0.2 6.161278 3216.9590968917687 -0.8274090310823129 3.5493681279740814 1.2434682595929931 0.0 6.1121636124329255 -0.054468259592993166 0.0 0.0 0.4471122709324694 0.0
0.2 6.166395 3216.4410246026123 -0.8325897539738784 3.5540307785764904 1.236733319833958 0.0 6.114235901589551 -0.04773331983395809 0.0 0.0 0.44726769261921634 0.0
0.2 6.171331 3215.941883767535 -0.8375230460921845 3.5585230460921844 1.2302444889779556 0.0 6.116232464929859 -0.041244488977955567 0.0 0.0 0.44741162324649303 0.0
0.2 6.176097 3215.4643286573146 -0.8418210420841687 3.5628210420841686 1.2240362725450895 0.0 6.118142685370741 -0.03503627254508956 0.0 0.0 0.4475071342685371 0.0
0.2 6.180699 3215.003206412826 -0.845971142284569 3.566971142284569 1.2180416833667336 0.0 6.119987174348697 -0.02904168336673351 0.0 0.0 0.4475993587174349 0.0
0.2 6.185145 3214.5624504361617 -0.8503754956383826 3.5713754956383825 1.2123118556701027 0.0 6.121750198255353 -0.023311855670102646 0.0 0.0 0.4477312648691515 0.0
0.2 6.189445 3214.1362014274387 -0.8546379857256144 3.5756379857256144 1.2067706185567013 0.0 6.123455194290245 -0.017770618556701204 0.0 0.0 0.4478591395717684 0.0
0.2 6.193603 3213.7269517457826 -0.8587304825421735 3.5794574342879564 1.2014503726951744 0.0 6.12509219301687 -0.012450372695174303 0.0 0.0 0.4479546096508435 0.0
0.2 6.197628 3213.3321890937623 -0.8626781090623773 3.5830102981561396 1.1963184582189095 0.0 6.126671243624951 -0.0073184582189095605 0.0 0.0 0.44803356218124757 0.0
0.2 6.20152 3212.950985149956 -0.8664901485004372 3.586441133650393 1.1914118217994754 0.0 6.1281960594001745 -0.002357905464427325 0.0 0.0 0.44810980297000874 0.0
0.2 6.205294 3212.5846840726003 -0.8701531592739981 3.5897378433465983 1.1870162088712022 0.0 6.1296612637095995 0.0024406386489374595 0.0 0.0 0.44818306318547996 0.0
0.2 6.208946 3212.2302242065416 -0.873697757934582 3.592927982141124 1.1827626904785016 0.0 6.131079103173833 0.007084062894302413 0.0 0.0 0.4482539551586916 0.0
0.2 6.212489 3211.775175194394 -0.8771241240280305 3.5960117116252275 1.1785386387635601 0.0 6.132562062014015 0.011572602476720026 0.0 0.0 0.4483337237208409 0.0
0.2 6.215923 3211.1158682922146 -0.8804206585389267 3.598978592685034 1.1742531438993953 0.0 6.134210329269463 0.015891062685994033 0.0 0.0 0.44843261975616777 0.0
0.2 6.219254 3210.4763367572236 -0.8836183162138815 3.6018564845924934 1.170096188921954 0.0 6.13580915810694 0.020079994240184765 0.0 0.0 0.44852854948641646 0.0
0.2 6.222488 3209.928469649473 -0.8867153035052725 3.6047153035052726 1.166141635793673 0.0 6.137286121402108 0.024137047591907025 0.0 0.0 0.44861430607010544 0.0
0.2 6.225625 3209.6304740191886 -0.8896952598081125 3.6076952598081125 1.162565688230265 0.0 6.138478103923244 0.028040790348627265 0.0 0.0 0.44867390519616224 0.0
0.2 6.228672 3209.3410278331908 -0.8925897216680918 3.6105897216680916 1.15909233399829 0.0 6.139635888667237 0.03183253538520024 0.0 0.0 0.4487317944333618 0.0
0.2 6.23163 3209.0600360976537 -0.8953996390234631 3.613399639023463 1.1557204331718443 0.0 6.140759855609385 0.03551352712073669 0.0 0.0 0.4487879927804692 0.0
0.2 6.234507 3208.7889442511987 -0.8981105574880129 3.6158995017392117 1.1522562752655832 0.0 6.141844222995205 0.03906483030929698 0.0 0.0 0.44884221114976025 0.0
0.2 6.237302 3208.5261821942277 -0.9007381780577224 3.61826436025195 1.1488403685249609 0.0 6.142895271223089 0.042507013255616274 0.0 0.0 0.44889476356115443 0.0
0.2 6.24002 3208.2706590204007 -0.903293409795995 3.6205640688163956 1.1455185672652064 0.0 6.143917363918398 0.045854366832753506 0.0 0.0 0.4489458681959199 0.0
0.2 6.250178 3207.3228207275097 -0.912094613452414 3.629094613452414 1.1338738487301145 0.0 6.147708717089961 0.058338766396873895 0.0 0.0 0.4491354358544981 0.0
0.2 6.259319 3205.976539589443 -0.9202346041055713 3.6372111436950143 1.1237184750733147 0.0 6.151093841642228 0.0695120234604098 0.0 0.0 0.44930703812316714 0.0
0.2 6.269532 3205.0405975073313 -0.9295940249266865 3.6456346224340175 1.1124871700879764 0.0 6.1548376099706745 0.08196005315249295 0.0 0.0 0.44958782074780057 0.0
0.2 6.280296 3204.0634301270416 -0.9393656987295825 3.654429128856624 1.100761161524501 0.0 6.159682849364791 0.09495637931034484 0.0 0.0 0.44978731397459165 0.0
0.2 6.289723 3203.215531188208 -0.9478446881179224 3.6628446881179224 1.0913708430702853 0.0 6.163137875247169 0.10623343519683688 0.0 0.0 0.4499568937623585 0.0
0.2 6.299337 3202.357320983256 -0.956426790167439 3.670784111150695 1.0812878517990732 0.0 6.166570716066976 0.11764763092269391 0.0 0.0 0.4501285358033488 0.0
0.2 6.309952 3201.916498198119 -0.9658350180188096 3.6797515162169283 1.0700814801793095 0.0 6.170334007207524 0.13021892414520475 0.0 0.0 0.4503167003603762 0.0
0.2 6.319012 3201.120154698075 -0.9737984530192492 3.6869186077173244 1.061321701678826 0.0 6.1735193812077 0.14088992704579392 0.0 0.0 0.450475969060385 0.0
0.2 6.329247 3200.226785247188 -0.9819589327753071 3.6949589327753074 1.051494637719069 0.0 6.17786607376406 0.15286107768767948 0.0 0.0 0.4505773214752812 0.0
0.2 6.339183 3199.3654295354268 -0.9903457046457308 3.7033457046457308 1.041385154425123 0.0 6.181538281858292 0.1644032442252793 0.0 0.0 0.4507269140929146 0.0
0.2 6.349149 3199.0 -0.99894148020654 3.710953184165232 1.0320585197934602 0.0 6.184976592082616 0.17592158347676348 0.0 0.0 0.4508988296041308 0.0
0.2 6.359221 3198.143713087392 -1.0075628691260803 3.7195628691260803 1.0225808439613115 0.0 6.188425147650432 0.18755987332020854 0.0 0.0 0.45107125738252163 0.0
0.2 6.368995 3198.0 -1.0151940996429178 3.727194099642918 1.0134294337697671 0.0 6.192441166468288 0.19879114946437673 0.0 0.0 0.4512376466587315 0.0
0.2 6.380304 3197.3540698165834 -1.0244593018341643 3.735813371650748 1.0028947679824194 0.0 6.196583720733666 0.21172005747612177 0.0 0.0 0.4514291860366833 0.0
0.2 6.391022 3197.0 -1.0334411764705882 3.7444411764705885 0.9934607843137254 0.0 6.2001960784313725 0.22396176470588247 0.0 0.0 0.4516049019607843 0.0
0.2 6.399075 3197.0 -1.0395143288084465 3.7505143288084466 0.9860380425674543 0.0 6.202895257248199 0.23307149321266973 0.0 0.0 0.451672381431205 0.0
0.2 6.411288 3196.256730849379 -1.0494326915062102 3.76043269150621 0.9755673084937899 0.0 6.207716345753105 0.24690846044844575 0.0 0.0 0.45184865383012424 0.0
0.2 6.419516 3196.0 -1.0562743274659578 3.7664194619727662 0.9678708070408506 0.0 6.210709730986383 0.25621308535370263 0.0 0.0 0.4519854865493192 0.0
0.2 6.431994 3196.0 -1.0656439331236556 3.7766043701373953 0.957395629862605 0.0 6.214841748054958 0.2702619433868572 0.0 0.0 0.4521920874027479 0.0
0.2 6.440402 3196.0 -1.0718808503625576 3.7828808503625577 0.9504657218193803 0.0 6.21826713909031 0.27968661832564273 0.0 0.0 0.4523306855636124 0.0
0.2 6.453155 3196.0 -1.0818154981549817 3.7928154981549813 0.9399827798277982 0.0 6.222806888068881 0.29394341943419444 0.0 0.0 0.452520172201722 0.0
0.2 6.461752 3196.0 -1.088160147601476 3.7991601476014756 0.9329331693316935 0.0 6.225626732267322 0.303530889708897 0.0 0.0 0.4525906683066831 0.0
0.2 6.470425 3196.0 -1.0950359237536653 3.8060359237536656 0.9249640762463348 0.0 6.22857551319648 0.31317690615835714 0.0 0.0 0.45272302052785923 0.0
0.2 6.479174 3196.0 -1.1014501466275661 3.812450146627566 0.9185498533724339 0.0 6.232138970348648 0.32294077875529514 0.0 0.0 0.4528655588139459 0.0
0.2 6.492443 3196.9055853222926 -1.1111502679006333 3.8230558532229257 0.9079441467770742 0.0 6.23662234128917 0.337615960383179 0.0 0.0 0.4530811170644585 0.0
0.2 6.501384 3197.1296655356277 -1.1181669898206492 3.829296655356277 0.900703344643723 0.0 6.239648327678139 0.3475634512845367 0.0 0.0 0.45312593310712557 0.0
0.2 6.510406 3197.8585393439976 -1.1247268540959763 3.836585393439974 0.8934146065600262 0.0 6.243292696719987 0.3574761350783643 0.0 0.0 0.45327170786879944 0.0
0.2 6.519509 3198.0 -1.131330540562314 3.843330540562314 0.8860771771529845 0.0 6.246369129138806 0.36751426730041115 0.0 0.0 0.4534184564569403 0.0
0.2 6.533317 3199.202614903345 -1.1416209192267588 3.853823534130104 0.8759738509665513 0.0 6.251013074516725 0.3826960856661592 0.0 0.0 0.45362026149033446 0.0
0.2 6.542625 3199.9492259565254 -1.1475938076522019 3.8605430336087276 0.8685077404347474 0.0 6.254746129782626 0.3929993182000485 0.0 0.0 0.45369492259565253 0.0
0.2 6.552014 3200.20041536864 -1.154803738317757 3.867803738317757 0.8619958463136035 0.0 6.257801661474558 0.40326573208722727 0.0 0.0 0.4538400830737279 0.0
0.2 6.561484 3200.956865564342 -1.1616117900790797 3.8746117900790797 0.854431344356578 0.0 6.260827462257369 0.4137047447879224 0.0 0.0 0.45399137311286847 0.0
0.2 6.571034 3202.4356277884003 -1.168460325047801 3.8821781389420007 0.8475396749521991 0.0 6.2645890694710005 0.4241340503505414 0.0 0.0 0.45414356277884 0.0
0.2 6.580662 3203.0 -1.174870885673398 3.8898386070917477 0.8401613929082524 0.0 6.2679354428366985 0.4346772777866116 0.0 0.0 0.4542 0.0
0.2 6.590365 3204.508056194936 -1.1817862528772125 3.8967862528772126 0.8332137471227873 0.0 6.271016112389872 0.44530558774505935 0.0 0.0 0.45435080561949365 0.0
0.2 6.600142 3205.058227848101 -1.1882620253164555 3.9042620253164557 0.8267379746835444 0.0 6.275116455696203 0.45600177215189863 0.0 0.0 0.45450291139240506 0.0
0.2 6.609986 3206.61582278481 -1.1952712025316456 3.9112712025316454 0.8197287974683545 0.0 6.27823164556962 0.4667491772151898 0.0 0.0 0.4545807911392405 0.0
0.2 6.619897 3207.5908875552745 -1.2017271004421983 3.9189088755527477 0.8126820120025271 0.0 6.281954437776374 0.4776133370183193 0.0 0.0 0.4547181775110549 0.0
0.2 6.629869 3208.756274664562 -1.2087813733228099 3.9267813733228096 0.8059749013417522 0.0 6.285512549329123 0.4885182951854775 0.0 0.0 0.4548756274664562 0.0
0.2 6.6399 3210.338749112706 -1.2153549964508241 3.934024371007177 0.7989756289928228 0.0 6.288677498225412 0.4994373688776718 0.0 0.0 0.4549669374556353 0.0
0.2 6.649986 3211.9290668348044 -1.2217162673392183 3.941645334174023 0.7913546658259772 0.0 6.292787200504414 0.510503467843632 0.0 0.0 0.45509290668348046 0.0
0.2 6.66012 3213.52576020167 -1.2288659209075157 3.9488659209075156 0.7848969591933196 0.0 6.29605152040334 0.5215277453915238 0.0 0.0 0.4551762880100835 0.0
0.2 6.670305 3215.1297025027548 -1.2355188100110184 3.9565836612623957 0.7784163387376045 0.0 6.299324256256887 0.5327014323941442 0.0 0.0 0.45531297025027545 0.0
0.2 6.680532 3216.739493152841 -1.241957972611365 3.9638277191877855 0.7711722808122145 0.0 6.303348732882103 0.5438894774122467 0.0 0.0 0.4554739493152841 0.0
0.2 6.690803 3218.3555695405917 -1.2491000629326618 3.9717778477029575 0.764577721837634 0.0 6.306711139081183 0.555121208307111 0.0 0.0 0.45556777847702956 0.0
0.2 6.701112 3219.9773478055686 -1.2559093912222747 3.9798867390278434 0.7580906087777252 0.0 6.309954695611137 0.5663436998584241 0.0 0.0 0.45569773478055686 0.0
0.2 6.71146 3222.407171502713 -1.2624191240072342 3.987221514508138 0.7507784854918615 0.0 6.314011952504521 0.5776532279625695 0.0 0.0 0.4557802390500904 0.0
0.2 6.721848 3224.1190944108166 -1.2690718496973505 3.9950718496973505 0.7440472447134663 0.0 6.317595472054084 0.5890554123103524 0.0 0.0 0.45582381888216333 0.0
0.2 6.732271 3224.9384482352016 -1.2764460341168145 4.002446034116815 0.7374924141183871 0.0 6.321692241176009 0.6004444304693024 0.0 0.0 0.45598768964704034 0.0
0.2 6.742732 3226.0 -1.283339632998745 4.010339632998745 0.7309203262233377 0.0 6.325039836888331 0.611839429109159 0.0 0.0 0.45602599592220827 0.0
0.2 6.753231 3226.0 -1.290830855891097 4.017830855891098 0.7244184008762321 0.0 6.328415427945549 0.6233548896886247 0.0 0.0 0.4561166171178219 0.0
0.2 6.76377 3226.0 -1.2990760444374903 4.026076044437491 0.7186467688937568 0.0 6.3325380222187455 0.6348157017681115 0.0 0.0 0.4562815208887498 0.0
0.2 6.76906 3226.6419309482894 -1.302567723793157 4.030209654741446 0.715432276206843 0.0 6.334283861896578 0.6405293235431958 0.0 0.0 0.4563 0.0
0.2 6.779694 3227.0 -1.3098554047730462 4.037855404773047 0.7087951957572922 0.0 6.338253002651692 0.6520433473717049 0.0 0.0 0.45636506005303384 0.0
0.2 6.790398 3227.969319420651 -1.317846597103255 4.045846597103255 0.702122722317396 0.0 6.3419386388413015 0.663685235944557 0.0 0.0 0.4564969319420651 0.0
0.2 6.801174 3228.0 -1.325405382282025 4.053405382282025 0.6954174379715332 0.0 6.345291281014234 0.675337201524461 0.0 0.0 0.45658228202535583 0.0
0.2 6.812024 3228.165761291324 -1.3334918516219154 4.061491851621915 0.6896739096694086 0.0 6.34882880645662 0.6871040819494025 0.0 0.0 0.4567165761291324 0.0
0.2 6.82295 3229.0 -1.3411091642115054 4.069136455264382 0.6829181268413709 0.0 6.353054582105752 0.6988910373701346 0.0 0.0 0.4568 0.0
0.2 6.833946 3229.3658404337725 -1.3482925639039507 4.077658404337723 0.6770732765298216 0.0 6.3568292021688615 0.710785182029435 0.0 0.0 0.45683658404337724 0.0
0.2 6.839472 3229.793880712626 -1.352144926413633 4.081938807126258 0.673648954298993 0.0 6.35896940356313 0.7167349419054998 0.0 0.0 0.45687938807126255 0.0
0.2 6.850583 3230.65387293972 -1.359884856457479 4.089884856457479 0.6674228894219607 0.0 6.36261549175888 0.7287542211560787 0.0 0.0 0.456965387293972 0.0
0.2 6.861762 3231.018624420402 -1.3681676197836168 4.0981676197836165 0.660869629057187 0.0 6.366093122102009 0.7407607418856259 0.0 0.0 0.4571018624420402 0.0
0.2 6.873014 3231.8881761978364 -1.3759935857805257 4.105993585780526 0.6547827666151467 0.0 6.3704408809891815 0.7529344667697067 0.0 0.0 0.45718881761978364 0.0
0.2 6.884334 3232.2624874546436 -1.3833623870917933 4.114362387091793 0.649162587817494 0.0 6.374312437273219 0.7650748243650118 0.0 0.0 0.45722624874546436 0.0
0.2 6.89002 3232.701459121439 -1.387313132092951 4.118313132092951 0.6460897861499268 0.0 6.376507295607195 0.7712204277001462 0.0 0.0 0.4572701459121439 0.0
0.2 6.901441 3233.082767664301 -1.3957449089787102 4.1267449089787105 0.639420626349892 0.0 6.3803310706572045 0.7834587473002159 0.0 0.0 0.4573082767664301 0.0
0.2 6.912923 3233.968451095341 -1.4037160598580687 4.134716059858069 0.6332208423326131 0.0 6.3838738043813645 0.7958583153347738 0.0 0.0 0.45739684510953404 0.0
0.2 6.924468 3235.0 -1.4112251849568431 4.143225184956843 0.6274915228113441 0.0 6.387791769420469 0.8081811189889024 0.0 0.0 0.45753583538840936 0.0
0.2 6.930261 3235.0 -1.4152431411837234 4.147243141183723 0.6243664457459929 0.0 6.390023967324291 0.8143866291615285 0.0 0.0 0.4575804793464858 0.0
0.2 6.941885 3236.2002156168182 -1.423801940551363 4.155801940551363 0.6185984906822731 0.0 6.393800862467272 0.826882997073772 0.0 0.0 0.4576200215616818 0.0
0.2 6.953562 3237.09934590227 -1.431894113120431 4.163993459022701 0.6124039245863793 0.0 6.397496729511351 0.8393809080415545 0.0 0.0 0.457709934590227 0.0
0.2 6.959417 3237.5499038091575 -1.4359491342824167 4.168499038091574 0.6097005771450555 0.0 6.399749519045788 0.8456436629472879 0.0 0.0 0.4577549903809157 0.0
0.2 6.971157 3238.0 -1.4436252307692308 4.177531538461539 0.6033747692307692 0.0 6.4038126153846155 0.8582441538461539 0.0 0.0 0.4578 0.0
0.2 6.982933 3238.8587357736083 -1.4517286219624732 4.185728621962474 0.5978475853583513 0.0 6.4082936788680405 0.8708364272531529 0.0 0.0 0.45788587357736077 0.0
0.2 6.994744 3239.2665181315306 -1.4593986631837736 4.194398663183773 0.5921343730792871 0.0 6.412066072526121 0.8835046020282727 0.0 0.0 0.457926651813153 0.0
0.2 7.000664 3239.7213429625076 -1.4634920866625694 4.1984920866625695 0.5889505992624461 0.0 6.41388537185003 0.8898266671788572 0.0 0.0 0.4579721342962508 0.0
0.2 7.012521 3240.131782945736 -1.4721860465116274 4.2071860465116275 0.5832093023255817 -5.27131782945542e-05 6.4185271317829455 0.9025317829457357 0.0 0.0 0.45801317829457366 0.0
0.2 7.024408 3241.088190184049 -1.4803527607361966 4.215440950920246 0.5777354294478525 -0.0004 6.422176380368098 0.915208512269939 0.0 0.0 0.45810881901840494 0.0
0.2 7.030365 3242.000920174833 -1.484008281573499 4.220008281573499 0.5749944789510006 -0.0004 6.4240046008741665 0.9215128824476649 0.0 0.0 0.4582 0.0
0.2 7.0423 3242.916110727705 -1.4922449965493443 4.2282449965493445 0.5695033356337704 -0.0004 6.4285805536385245 0.9343255501878689 0.0 0.0 0.4582 0.0
0.2 7.054257 3243.3322101393783 -1.5006576811150252 4.236989891254403 0.563674529024353 -0.0004 6.4323288405575125 0.9470509419512939 0.0 0.0 0.4582332210139378 0.0
0.2 7.060244 3243.7907030173074 -1.504325624138459 4.241116327155766 0.5604650788788483 -0.0004 6.434162812069229 0.9534698422423035 0.0 0.0 0.4582790703017307 0.0
0.2 7.072239 3244.2089552238804 -1.512880597014925 4.249880597014926 0.5549552238805971 -0.0009 6.438044776119403 0.9663044776119399 0.0 0.0 0.458320895522388 0.0
0.2 7.084254 3245.256920018351 -1.5210276800734055 4.2582846000917565 0.550229239944946 -0.0009 6.442513840036703 0.9790984401284594 0.0 0.0 0.4584 0.0
0.2 7.090269 3246.0 -1.5247955953200274 4.262795595320027 0.5474696031199817 -0.0009353597920012215 6.444441997400015 0.9855375927200427 0.0 0.0 0.4584088399480003 0.0
0.2 7.102324 3246.010238386308 -1.5330921454767725 4.271092145476772 0.5419385696821516 -0.0013040953545232297 6.449040953545232 0.998443337408313 0.0 0.0 0.4585 0.0
0.2 7.114401 3246.93299205379 -1.5413969284841076 4.279396928484108 0.5364020476772616 -0.0016731968215158914 6.45273196821516 1.0113618887530562 0.0 0.0 0.4585 0.0
0.2 7.120449 3247.789706780696 -1.5451588271227854 4.283948533903482 0.5336308796579111 -0.0020948533903481573 6.454579413561393 1.0178279474648744 0.0 0.0 0.45857897067806963 0.0
0.2 7.132567 3248.8201114759104 -1.5533810032831947 4.292381003283194 0.5280793311445369 -0.0025280445903642073 6.459100557379553 1.0307815606627473 0.0 0.0 0.4586 0.0
0.2 7.144711 3249.2471198596168 -1.5619769588769359 4.301224078736553 0.5235172808422981 -0.003297695887693588 6.462988479438468 1.0437596780346379 0.0 0.0 0.4586247119859617 0.0
0.2 7.150796 3249.711375600824 -1.5656910048065917 4.305402380407416 0.5207317463950563 -0.003669100480659166 6.464845502403296 1.0502592584115353 0.0 0.0 0.4586711375600824 0.0
0.2 7.162985 3251.141168395363 -1.5742705155582672 4.314270515558267 0.5152941580231848 -0.0045835189139719545 6.469564673581452 1.0632763575350825 0.0 0.0 0.4587 0.0
0.2 7.169089 3251.606696156193 -1.578460265405735 4.318460265405735 0.5129665192190361 -0.005188705003050607 6.4714267846247715 1.0697937461866989 0.0 0.0 0.4587 0.0
0.2 7.181315 3252.0391304347827 -1.5863521739130433 4.327352173913043 0.5077652173913044 -0.0066665217391304035 6.4751956521739125 1.0828478260869563 0.0 0.0 0.4588 0.0
0.2 7.193567 3252.9736842105262 -1.5947631578947365 4.335763157894737 0.5021578947368422 -0.008255263157894703 6.479868421052632 1.0959315789473683 0.0 0.0 0.4588 0.0
0.2 7.199706 3253.8839054157133 -1.5985356216628528 4.340419527078566 0.5002321891685736 -0.009537467581998511 6.4817678108314265 1.1024873379099924 0.0 0.0 0.4588 0.0
0.2 7.212006 3254.8805708180707 -1.6069251373626372 4.348925137362637 0.4947165750915752 -0.011989484126984081 6.485522283272283 1.1156279914529912 0.0 0.0 0.4588880570818071 0.0
0.2 7.224347 3255.4010006485687 -1.6148070045399796 4.358208005188549 0.490395997405726 -0.015383202075419227 6.490203001945705 1.1288516075233948 0.0 0.0 0.4589 0.0
0.2 7.230531 3255.9739646066896 -1.6188177522468266 4.362791716853517 0.488104141573242 -0.01721668674140641 6.491921893820068 1.1354979894375983 0.0 0.0 0.4589 0.0
0.2 7.242929 3257.3010119595215 -1.6271070837166512 4.3714080956761725 0.4827959521619135 -0.02200505979760811 6.496204047838086 1.1487917387304507 0.0 0.0 0.459 0.0
0.2 7.249142 3257.872585096596 -1.6311080956761728 4.375980680772769 0.4805096596136154 -0.024862925482980677 6.498490340386384 1.1554219871205151 0.0 0.0 0.459 0.0
0.2 7.261598 3259.2175719497363 -1.6395230036481556 4.384523003648155 0.47512971220105393 -0.03203597486826098 6.50265271584921 1.168806262667207 0.0 0.0 0.459 0.0
0.2 7.274086 3260.4709543568465 -1.6482966804979249 4.393296680497925 0.4701161825726144 -0.04101473029045588 6.5068838174273855 1.1822334024896257 0.0 0.0 0.45904709543568467 0.0
0.2 7.280342 3261.09037111334 -1.65254222668004 4.39763259779338 0.46772888665998 -0.04617659979939801 6.50927111334002 1.1889760080240719 0.0 0.0 0.4591 0.0
0.2 7.292874 3262.3605038517594 -1.6605235269623153 4.406523526962315 0.4635579845929627 -0.059145794295232236 6.513442015407037 1.2025131896731212 0.0 0.0 0.4591 0.0
0.2 7.299152 3263.0132599941066 -1.6650795599646402 4.411106079952853 0.46094696002357327 -0.06669094391513634 6.51603977998232 1.2092458599351736 0.0 0.0 0.4591 0.0
0.2 7.311731 3264.2481387147336 -1.6727369710031346 4.420736971003135 0.45600744514106595 -0.08541612460815008 6.519992554858934 1.2228295258620687 0.0 0.0 0.45912481387147336 0.0
0.2 7.324338 3265.4966267243985 -1.68097976034639 4.429476387070789 0.4515101198268049 -0.10962848655724541 6.524489880173195 1.2363642432786228 0.0 0.0 0.4592 0.0
0.2 7.330655 3266.26153388233 -1.6849153685881537 4.433915368588154 0.4494769322353407 -0.12377840063498456 6.5263923008234945 1.2431253596586966 0.0 0.0 0.4592 0.0
0.2 7.34331 3268.3940099160172 -1.6933640594961044 4.442758069412122 0.4444239603359305 -0.15935071334614906 6.530576039664069 1.2567765051097841 0.0 0.0 0.4592 0.0
0.2 7.349649 3269.0353642517935 -1.6972475497625545 4.4472475497625545 0.4418939072446196 -0.17982969586743489 6.53310609275538 1.2635783974941903 0.0 0.0 0.4592 0.0
0.2 7.362351 3270.6328986960884 -1.705898696088265 4.456531594784353 0.4377342026078233 -0.23087818455366307 6.537265797392177 1.2773176529588772 0.0 0.0 0.4592316449348044 0.0
0.2 7.375074 3272.590268758118 -1.7141318813068236 4.466131881306824 0.4326389249675293 -0.2963862923368951 6.541770806274353 1.291015875711859 0.0 0.0 0.4593 0.0
0.2 7.381444 3273.227263621795 -1.7183635817307694 4.4705908453525645 0.4303182091346154 -0.3352902844551284 6.543681790865385 1.2978544471153848 0.0 0.0 0.4593 0.0
0.2 7.394196 3275.0188106796118 -1.7260564320388347 4.47956583737864 0.4259623786407768 -0.42981653519417207 6.5480376213592235 1.311650637135922 0.0 0.0 0.4593 0.0
0.2 7.400581 3276.305882352941 -1.7300705882352938 4.484070588235293 0.42354117647058837 -0.4851552941176426 6.550458823529412 1.3185517647058818 0.0 0.0 0.4593 0.0
0.2 7.413365 3278.4300471366964 -1.7385802828201784 4.493010329956875 0.4192798114532144 -0.6227947648179694 6.554720188546786 1.332344509076321 0.0 0.0 0.4593430047136696 0.0
0.2 7.419769 3279.072193852008 -1.742505356964053 4.49757755081606 0.4167834184439773 -0.7030475217783052 6.557216581556023 1.3392796936016818 0.0 0.0 0.4594 0.0
0.2 7.432604 3280.0 -1.7514987997599525 4.5074987997599525 0.41292908581716326 -0.9023907881576397 6.561427885577116 1.353155291058212 0.0 0.0 0.4594 0.0
0.2 7.439037 3280.0 -1.7560028115272615 4.512002811527261 0.4109983934129934 -1.0173862737222543 6.564001204940255 1.3601042976202427 0.0 0.0 0.4594 0.0
0.2 7.451926 3279.7061886641295 -1.7653504906869621 4.521056679351092 0.40611856599238916 -1.30849094732627 6.567881434007611 1.3739437812938118 0.0 0.0 0.4594 0.0
0.2 7.464849 3279.0 -1.7751121673003802 4.530112167300381 0.40223764258555134 -1.6770300380228154 6.572349809885932 1.387785741444867 0.0 0.0 0.4594 0.0
0.2 7.471325 3279.0 -1.7796474294858973 4.534647429485897 0.4000586117223444 -1.8957435187037475 6.574706041208241 1.3947182136427287 0.0 0.0 0.4594 0.0
0.2 7.484301 3279.0 -1.7887223940149626 4.543722394014963 0.39540468827930175 -2.4277913915212026 6.578595311720698 1.4085899451371573 0.0 0.0 0.4594531770573566 0.0
0.2 7.490802 3279.0 -1.7932659127301844 4.548446757405925 0.3934574659727781 -2.741383726981608 6.580723378702962 1.4155169535628507 0.0 0.0 0.4595 0.0
0.2 7.503829 3279.0 -1.8023927927927927 4.558392792792793 0.389545945945946 -3.510846486486482 6.585454054054054 1.4293376576576575 0.0 0.0 0.4595 0.0
0.2 7.510355 3279.0 -1.8070009079353548 4.5628757944434355 0.38749954603232256 -3.918173615398576 6.587500453967677 1.4362638278554565 0.0 0.0 0.4595 0.0
0.2 7.523432 3279.0 -1.816512726893386 4.571512726893386 0.3829231170456917 -4.471394377216768 6.592076882954308 1.450125505946171 0.0 0.0 0.4595 0.0
0.2 7.529983 3279.0 -1.8212783151801355 4.576278315180135 0.38087630436438424 -4.624914586030923 6.594123695635616 1.4570267499428744 0.0 0.0 0.4595 0.0
0.2 7.543113 3279.031926576718 -1.8302873391904613 4.585287339190462 0.3768722936931283 -4.847279737998117 6.5981277063068715 1.4708278161280202 0.0 0.0 0.4595 0.0
0.2 7.54969 3279.5478506432382 -1.8349306557891434 4.589930655789144 0.37480859742704736 -4.939062629432067 6.6001914025729524 1.4777411986193913 0.0 0.0 0.4595 0.0
0.2 7.562868 3280.0 -1.8435053908355794 4.59950539083558 0.3707753818508535 -5.123462668463612 6.605224618149147 1.4915805480682838 0.0 0.0 0.4595 0.0
0.2 7.574057 3280.0 -1.8510451482479786 4.607045148247978 0.36742437855645405 -5.281043598382749 6.608575621443546 1.503225284516322 0.0 0.0 0.4595 0.0
0.2 7.583352 3280.0 -1.857798880179171 4.613798880179171 0.36564494214259075 -5.414803792459862 6.611355057857409 1.5129338260544973 0.0 0.0 0.4595 0.0
0.2 7.591318 3280.0 -1.8631511758118704 4.61915117581187 0.3632661440836132 -5.534754684583806 6.6137338559163865 1.5212001493094442 0.0 0.0 0.4595 0.0
0.2 7.601487 3280.0 -1.8704226465761595 4.6264226465761595 0.3602309413695362 -5.691210219304779 6.617653587945696 1.5317917052066232 0.0 0.0 0.4595 0.0
0.2 7.610113 3280.0 -1.8762658718330847 4.632265871833085 0.357659612518629 -5.832723427719817 6.620340387481371 1.5407328464977643 0.0 0.0 0.4595 0.0
0.2 7.619907 3280.0 -1.883146217986897 4.639146217986897 0.3547415128052412 -5.996863013698632 6.623258487194758 1.550841780821918 0.0 0.0 0.4595 0.0
0.2 7.630201 3280.0 -1.8897246301390227 4.6458051445989135 0.3516779421604343 -6.17720655713329 6.626322057839566 1.5615110995465016 0.0 0.0 0.4595 0.0
0.2 7.640556 3280.0 -1.8966531112928406 4.653503456992046 0.34859861720318186 -6.366585042004315 6.629401382796818 1.5721347706490225 0.0 0.0 0.4595 0.0
0.2 7.64936 3280.0 -1.903038729781867 4.659038729781867 0.34598709007271106 -6.532848553197806 6.633017213236386 1.581259385665529 0.0 0.0 0.4595 0.0
0.2 7.659376 3280.0 -1.909726962457338 4.665726962457338 0.34375767918088734 -6.731191808873726 6.63598976109215 1.5915146757679184 0.0 0.0 0.4595 0.0
0.2 7.669919 3280.0 -1.9172632748278162 4.673263274827816 0.3408829889654151 -6.9438136340072605 6.639117011034585 1.6023036880693182 0.0 0.0 0.4595 0.0
0.2 7.679717 3280.0 -1.9237938235947567 4.679793823594757 0.33798052284677477 -7.150033851736652 6.642019477153225 1.6123171961786271 0.0 0.0 0.4595 0.0
0.2 7.689565 3280.0 -1.93083651427726 4.68683651427726 0.336032697144548 -7.3617000591803565 6.644934605710904 1.622374389702619 0.0 0.0 0.4595 0.0
0.2 7.69925 3280.0 -1.9372934830796515 4.6932934830796516 0.33320289640904377 -7.5770519728092305 6.648496379488695 1.632250007388799 0.0 0.0 0.4595 0.0
0.2 7.709159 3280.0 -1.9443092250922507 4.7003092250922505 0.3302763099630997 -7.802306376383759 6.6517236900369 1.642346730627306 0.0 0.0 0.459586184501845 0.0
0.2 7.719013 3280.0 -1.9509159725805265 4.706915972580527 0.3280280091398245 -8.027146524655423 6.6546293211469 1.6523711579568072 0.0 0.0 0.4596 0.0
0.2 7.729013 3280.0 -1.9579391931684336 4.713939193168433 0.32542432273262656 -8.25466350117786 6.657575677267373 1.6625360865724383 0.0 0.0 0.4596 0.0
0.2 7.739224 3280.0 -1.9648011171541968 4.720801117154196 0.32306629428193445 -8.476000764368662 6.660578274290754 1.6728305894458326 0.0 0.0 0.4596 0.0
0.2 7.749093 3280.0 -1.9716942160892543 4.7276942160892546 0.3205223135642983 -8.677675073399882 6.6634776864357015 1.682798018203171 0.0 0.0 0.4596 0.0
0.2 7.759024 3279.4023898541163 -1.9783784913129536 4.734378491312954 0.3182071695623488 -8.845646345575839 6.666988050729418 1.6927872589986073 0.0 0.0 0.4596 0.0
0.2 7.769006 3279.0 -1.9852891654465594 4.740631332357248 0.31568433382137623 -8.996546910688142 6.670315666178624 1.7027732650073208 0.0 0.0 0.4596 0.0
0.2 7.779002 3279.0 -1.9920377110282834 4.7475974566980925 0.3133207629905722 -9.11645994299496 6.673238982679237 1.712768515676387 0.0 0.0 0.4596 0.0
0.2 7.78911 3279.0 -1.998978847556528 4.7543830780452225 0.3108084609773888 -9.226074018964258 6.676191539022611 1.7228512326768781 0.0 0.0 0.4596 0.0
0.2 7.798976 3278.483436476156 -2.0056490717145974 4.760649071714598 0.30845030942846746 -9.314974372042226 6.6790662540953765 1.7326769202766654 0.0 0.0 0.4596516563523844 0.0
0.2 7.809045 3278.0 -2.0124909196571266 4.767490919657126 0.3060036321371494 -9.399203021938112 6.68199636786285 1.7426876507336921 0.0 0.0 0.4597 0.0
0.2 7.819059 3278.0 -2.0197577603713377 4.774757760371338 0.30309689585146493 -9.473863069335657 6.6849031041485345 1.7525705541050192 0.0 0.0 0.4597 0.0
0.2 7.829017 3277.303920150441 -2.0262647186460296 4.78126471864603 0.30091176045132345 -9.539434442354988 6.687784319398236 1.7624362939389562 0.0 0.0 0.4597 0.0
0.2 7.839033 3277.0 -2.0331935949221003 4.78735487593768 0.2991612810155799 -9.602310069244085 6.69067743796884 1.7723032890940567 0.0 0.0 0.4597 0.0
0.2 7.84897 3277.0 -2.0397064490617587 4.793706449061759 0.29709785031274716 -9.656590337191746 6.693536199583004 1.7820230785822129 0.0 0.0 0.4597 0.0
0.2 7.858986 3276.2941682189426 -2.046529158905287 4.800529158905287 0.29458833643788507 -9.707080699240578 6.696411663562115 1.7917996561111906 0.0 0.0 0.4597 0.0
0.2 7.869011 3276.0 -2.053119737405452 4.8071197374054515 0.29229342086484933 -9.751172898530042 6.699844298558585 1.8015364920793495 0.0 0.0 0.4597568859711717 0.0
0.2 7.879364 3276.0 -2.0600644014785323 4.814064401478532 0.289774239408587 -9.792009127096955 6.703225760591413 1.8115675860108043 0.0 0.0 0.4598 0.0
0.2 7.890986 3275.869715576258 -2.0681725598136778 4.821172559813678 0.28760914672877413 -9.829450116451406 6.706521137694968 1.8227718681628904 0.0 0.0 0.4598 0.0
0.2 7.901732 3275.111299315407 -2.074998306161338 4.827998306161338 0.28533389794622066 -9.861758649163667 6.7095548027383725 1.8330863293104664 0.0 0.0 0.4598 0.0
0.2 7.912677 3274.84316737658 -2.0824114936107816 4.835411493610781 0.28252950212973943 -9.886997213881713 6.712627330493681 1.8435329236785145 0.0 0.0 0.4598 0.0
0.2 7.919654 3274.355980727603 -2.086796173451575 4.839796173451575 0.28106794218280834 -9.900346128063683 6.714576077089589 1.8501586621046022 0.0 0.0 0.4598 0.0
0.2 7.933642 3274.0 -2.0961678882588854 4.848934310607108 0.2785328446964459 -9.926205116857973 6.718467155303554 1.8633883280320838 0.0 0.0 0.4598 0.0
0.2 7.940643 3273.8997457568885 -2.1009022881880024 4.852902288188003 0.2767994915137773 -9.933704830619117 6.7204010169724455 1.8699634577063144 0.0 0.0 0.4598 0.0
0.2 7.954667 3273.0 -2.109634812286689 4.861634812286689 0.2747460750853244 -9.951790307167235 6.7242539249146756 1.8830633447098972 0.0 0.0 0.4598126962457338 0.0
0.2 7.961691 3273.0 -2.1143837445770064 4.866383744577006 0.27287208514099787 -9.95911165943601 6.726170553145336 1.8895798806941433 0.0 0.0 0.4599 0.0
0.2 7.975766 3273.0 -2.1229707158351414 4.874970715835142 0.27000976138828625 -9.970560954446855 6.729986984815619 1.9025557483731024 0.0 0.0 0.4599 0.0
0.2 7.982818 3273.0 -2.1277120559741656 4.879712055974165 0.2690575888051669 -9.974463885898816 6.731884822389667 1.9090083961248652 0.0 0.0 0.4599 0.0
0.2 7.98988 3272.112270841697 -2.131550916633213 4.883550916633213 0.26722454168339355 -9.9747 6.7337754583166065 1.9154365582764619 0.0 0.0 0.4599 0.0
0.2 8.004033 3272.0 -2.140829497977319 4.891946548179587 0.2652341004045362 -9.982028483321175 6.737531799190928 1.9282081172491539 0.0 0.0 0.4599 0.0
0.2 8.01113 3272.0 -2.1448033648790745 4.896504206098843 0.26359831756046276 -9.983 6.739401682439538 1.9345657202944266 0.0 0.0 0.4599 0.0
0.2 8.025363 3271.0 -2.1534939339184307 4.904493933918431 0.26116868869385645 -9.984163835828602 6.743108415074858 1.9470686112545175 0.0 0.0 0.4599 0.0
0.2 8.032498 3271.0 -2.157637906556531 4.908637906556531 0.25978736448115636 -9.986097689726382 6.7449501806917915 1.9533306143520914 0.0 0.0 0.4599 0.0
0.2 8.039644 3271.0 -2.161964149017606 4.912964149017606 0.25860717019647883 -9.9872 6.746785659607043 1.9595712426639442 0.0 0.0 0.45993928298035214 0.0
0.2 8.053988 3270.7901265505575 -2.1708394937977697 4.921049367247212 0.25658025310111504 -9.9872 6.750419746898885 1.9718271394562088 0.0 0.0 0.46 0.0
0.2 8.061181 3270.0 -2.174492656134287 4.925492656134287 0.2548905208590473 -9.987429906196 6.752218958281905 1.9779389842014308 0.0 0.0 0.46 0.0
0.2 8.075616 3270.0 -2.1825101209577875 4.933510120957788 0.2531088620093805 -9.991171389780302 6.75578227598124 1.9899651814366817 0.0 0.0 0.46 0.0
0.2 8.082861 3270.0 -2.1868647959183667 4.937091836734693 0.2514540816326533 -9.9914 6.757545918367347 1.9959561224489788 0.0 0.0 0.46 0.0
0.2 8.090124 3269.3522276930466 -2.191238861534766 4.9412388615347655 0.2503522276930468 -9.9914 6.759295544613907 2.0018400744565863 0.0 0.0 0.46 0.0
0.2 8.104706 3269.0 -2.1988832689380633 4.948883268938063 0.2482466924247747 -9.9957 6.762753307575225 2.013461245755766 0.0 0.0 0.46 0.0
0.2 8.112025 3269.0 -2.203029116753596 4.953029116753596 0.24677130738808975 -9.9957 6.764457385223821 2.019232240499799 0.0 0.0 0.46 0.0
0.2 8.119365 3269.0 -2.206815441050037 4.956815441050037 0.24592990198888062 -9.9957 6.7661401960222385 2.0248696566744995 0.0 0.0 0.46 0.0
0.2 8.134104 3269.0 -2.21471052631579 4.963968421052631 0.24425789473684206 -9.9957 6.768742105263158 2.036072105263158 0.0 0.0 0.46 0.0
0.2 8.141506 3268.43874518437 -2.2182450192625205 4.96780627407815 0.24287749036873987 -9.9957 6.7701225096312605 2.0415604072647215 0.0 0.0 0.46 0.0
0.2 8.156373 3268.0 -2.2256908975309955 4.9748636219137445 0.2408272756172512 -9.99495728515418 6.773345448765498 2.052357253364417 0.0 0.0 0.4601 0.0
0.2 8.163838 3268.0 -2.228855038677546 4.978818798346932 0.24003624033061352 -9.99155583342164 6.774927519338774 2.0576571897848894 0.0 0.0 0.4601 0.0
0.2 8.171329 3268.0 -2.2327076029457524 4.981966082356601 0.2392584794108495 -9.988285613525568 6.7764830411783015 2.062794035888393 0.0 0.0 0.4601 0.0
0.2 8.186386 3267.7332674246168 -2.2393336628769154 4.989066930301533 0.23673326742461687 -9.981879723183392 6.779533465150766 2.072960434997529 0.0 0.0 0.4601 0.0
0.2 8.193951 3267.0 -2.2430569449788376 4.992056944978838 0.23598576375529054 -9.978683262793382 6.781028472489418 2.077893959215082 0.0 0.0 0.4601 0.0
0.2 8.201545 3267.0 -2.245978838014621 4.994978838014621 0.23525529049634475 -9.972693382070027 6.782489419007311 2.0827150827241248 0.0 0.0 0.4601 0.0
0.2 8.209166 3267.0 -2.249319293985805 4.998319293985806 0.234536141202839 -9.966889129622711 6.783927717594322 2.0874150821815465 0.0 0.0 0.4601 0.0
0.2 8.224492 3267.0 -2.2554671730873572 5.004467173087357 0.23313320672816068 -9.952371839392296 6.786733586543678 2.09662083559414 0.0 0.0 0.4601 0.0
0.2 8.2322 3266.455981153477 -2.2587200942326153 5.007720094232615 0.23191196230695388 -9.942476511648197 6.788088037693046 2.1010361225024 0.0 0.0 0.4601 0.0
0.2 8.23994 3266.0 -2.2620543532964277 5.010843482637142 0.23078912934071455 -9.930881932561647 6.789210870659285 2.105370659285356 0.0 0.0 0.4601 0.0
0.2 8.255523 3265.4813103737924 -2.26807475850483 5.01607475850483 0.2294813103737925 -9.902811255774884 6.791037379252415 2.1137158756824865 0.0 0.0 0.4601 0.0
0.2 8.263369 3265.0 -2.2707198503146797 5.01871985031468 0.22882003742133009 -9.887491103929237 6.792359925157339 2.1177437829562855 0.0 0.0 0.4601 0.0
0.2 8.271256 3265.0 -2.2734029596870213 5.0214029596870215 0.22814926007824468 -9.867703172308218 6.79370147984351 2.1216342915461808 0.0 0.0 0.4601 0.0
0.2 8.279185 3265.0 -2.2761280482550625 5.0235960361912975 0.22746798793623438 -9.845424394657476 6.794532012063765 2.1253728651443344 0.0 0.0 0.4601 0.0
0.2 8.295178 3264.077393431167 -2.280767819706499 5.0286904262753325 0.22607739343116698 -9.796024860237596 6.796845213137666 2.132605293501048 0.0 0.0 0.4601 0.0
0.2 8.30325 3264.0 -2.2835466465845666 5.0309099849384245 0.226 -9.763849898112873 6.797636661646141 2.1360559759014794 0.0 0.0 0.4601 0.0
0.2 8.311377 3264.0 -2.2860855653424412 5.033085565342441 0.22563814488585296 -9.730454664749235 6.798723710228294 2.1393921625022467 0.0 0.0 0.4601 0.0
0.2 8.319562 3263.9010217113664 -2.2882969348659 5.0352969348659 0.22490102171136658 -9.696022413793106 6.800098978288633 2.142605810983397 0.0 0.0 0.4601 0.0
0.2 8.336125 3263.0 -2.2922389511720556 5.039238951172056 0.22338052441397216 -9.61597663300288 6.801619475586028 2.148654007226906 0.0 0.0 0.4601 0.0
0.2 8.344514 3263.0 -2.2942086940158073 5.041208694015808 0.223 -9.5719930748965 6.802402898005269 2.151510143018442 0.0 0.0 0.4601402898005269 0.0
0.2 8.352981 3263.0 -2.2964055449330782 5.043405544933078 0.22279722753346087 -9.525960860420653 6.803202772466539 2.154269149139579 0.0 0.0 0.4602 0.0
0.2 8.361531 3262.979500631497 -2.298040998737006 5.045040998737005 0.222 -9.47906433498494 6.804020499368503 2.1569614981055083 0.0 0.0 0.4602 0.0
0.2 8.370171 3262.140095210337 -2.2997198095793254 5.046719809579326 0.222 -9.43256127465268 6.804859904789662 2.1594797143689886 0.0 0.0 0.4602 0.0
0.2 8.387747 3262.0 -2.3032071493121795 5.0492071493121795 0.221 -9.345513063560603 6.8056035746560894 2.1641089366402246 0.0 0.0 0.4602 0.0
0.2 8.396696 3262.0 -2.3045107230392157 5.0510214460784315 0.221 -9.30463033088235 6.806510723039216 2.166274662990196 0.0 0.0 0.4602 0.0
0.2 8.405768 3262.0 -2.305889188908506 5.052444594454252 0.22055540554574718 -9.265816356838714 6.807 2.168333648353931 0.0 0.0 0.4602 0.0
0.2 8.41497 3262.0 -2.3074070983416077 5.053407098341608 0.22 -9.229525879370444 6.807407098341608 2.1702734868490547 0.0 0.0 0.4602 0.0
0.2 8.424315 3262.0 -2.3088020631850417 5.054802063185042 0.22 -9.195306576402322 6.808 2.172121856866538 0.0 0.0 0.4602 0.0
0.2 8.433811 3261.5713661202185 -2.3104286338797815 5.056428633879782 0.21957136612021846 -9.163469617486335 6.808428633879782 2.1738858142076505 0.0 0.0 0.4602 0.0
0.2 8.443476 3261.0 -2.3114933837429112 5.057493383742911 0.219 -9.133775992438562 6.809 2.1754907372400756 0.0 0.0 0.4602 0.0
0.2 8.45332 3261.0 -2.3125010897375153 5.058501089737516 0.219 -9.097951397706812 6.809501089737515 2.177001743580025 0.0 0.0 0.4602 0.0
0.2 8.463358 3261.0 -2.3133869790822117 5.059386979082212 0.219 -9.052752140424843 6.81 2.1784191665315387 0.0 0.0 0.4602 0.0
0.2 8.473605 3261.0 -2.3141871516164993 5.060187151616499 0.21881284838350062 -9.004122853957641 6.810187151616499 2.1797181577480487 0.0 0.0 0.4602 0.0
0.2 8.484082 3261.0 -2.3149171544035676 5.060917154403567 0.21808284559643246 -8.956234671125967 6.810917154403567 2.1809591624860647 0.0 0.0 0.4602 0.0
0.2 8.49481 3261.0 -2.3155739470517447 5.061573947051745 0.218 -8.909820180505418 6.811 2.1820183152827917 0.0 0.0 0.4602 0.0
0.2 8.505806 3261.0 -2.3162045668303897 5.06220456683039 0.218 -8.863996117671652 6.81120456683039 2.183006850245585 0.0 0.0 0.4602 0.0
0.2 8.517106 3261.0 -2.3167950151530987 5.062795015153099 0.218 -8.819535358971681 6.811795015153098 2.1838925227296477 0.0 0.0 0.4602 0.0
0.2 8.52873 3261.0 -2.317351531473958 5.063351531473958 0.21764846852604192 -8.777418761126581 6.812 2.184692144063541 0.0 0.0 0.4602 0.0
0.2 8.540717 3261.0 -2.317898708175469 5.063898708175469 0.21710129182453092 -8.735888049481895 6.812 2.185458191445657 0.0 0.0 0.4602 0.0
0.2 8.553118 3261.0 -2.3184088171524935 5.0644088171524935 0.217 -8.696925487834257 6.812 2.186090580582992 0.0 0.0 0.4602 0.0
0.2 8.565988 3261.0 -2.3189255601059986 5.064925560105999 0.217 -8.65739465189111 6.812 2.186710672127198 0.0 0.0 0.4602 0.0
0.2 8.579052 3260.601322995946 -2.319398677004054 5.065 0.217 -8.620523458282948 6.8123986770040545 2.187198677004054 0.0 0.0 0.4602 0.0
0.2 8.591956 3260.1423998861937 -2.319857600113806 5.065 0.217 -8.584635671100363 6.812857600113806 2.1876576001138064 0.0 0.0 0.4602 0.0
0.2 8.604698 3260.0 -2.32 5.065277388019428 0.217 -8.552446249325415 6.813 2.1880219104155425 0.0 0.0 0.4602 0.0
0.2 8.617271 3260.0 -2.32 5.0656765182057715 0.217 -8.522152268181962 6.813 2.188341214564617 0.0 0.0 0.4602 0.0
0.2 8.629671 3260.0 -2.320070618309634 5.066 0.217 -8.4936241891676 6.813 2.188635309154817 0.0 0.0 0.4602 0.0
0.2 8.641893 3260.0 -2.3204611599297014 5.066 0.217 -8.471636695957821 6.813 2.1888305799648506 0.0 0.0 0.4602 0.0
0.2 8.653935 3260.0 -2.3208459498322416 5.066 0.217 -8.4499730244448 6.813 2.1890229749161207 0.0 0.0 0.4602 0.0
0.2 8.665794 3260.0 -2.321 5.066 0.217 -8.432692668973313 6.813 2.1891723305128292 0.0 0.0 0.4602 0.0
0.2 8.677466 3260.0 -2.321 5.066 0.217 -8.418418050083929 6.813 2.1892922852934125 0.0 0.0 0.4602 0.0
0.2 8.688953 3260.0 -2.321 5.066 0.217 -8.404731997660134 6.813 2.189407355952033 0.0 0.0 0.4602 0.0
0.2 8.700252 3260.0 -2.321 5.066 0.217 -8.394982933606316 6.813 2.1894899751389296 0.0 0.0 0.4602 0.0
0.2 8.711363 3260.0 -2.321 5.066 0.217 -8.385396080725357 6.813 2.18957121965487 0.0 0.0 0.4602 0.0
0.2 8.722287 3260.0 -2.321 5.066 0.217 -8.377247182277497 6.813 2.189627158958414 0.0 0.0 0.4602 0.0
0.2 8.733023 3260.0 -2.321 5.066 0.217 -8.36994520015546 6.813 2.1896688845705405 0.0 0.0 0.4602 0.0
0.2 8.743576 3260.0 -2.321 5.066104849333113 0.217 -8.363147443602832 6.813 2.1897104849333116 0.0 0.0 0.4602 0.0
0.2 8.753944 3260.0 -2.321 5.066531656512432 0.217 -8.357641630989626 6.813 2.1897531656512434 0.0 0.0 0.4602 0.0
0.2 8.764131 3260.0 -2.321 5.0669510126790716 0.217 -8.35223193643998 6.813 2.189795101267907 0.0 0.0 0.4602 0.0
0.2 8.774138 3260.0 -2.321 5.067 0.217 -8.347192266562336 6.813 2.1898 0.0 0.0 0.4602 0.0
0.2 8.785851 3260.0 -2.321 5.067 0.217 -8.341336784906973 6.813 2.1898 0.0 0.0 0.4602 0.0
0.2 8.7995 3260.0 -2.321 5.067 0.217 -8.335291788346225 6.813 2.1898 0.0 0.0 0.4602 0.0
0.2 8.815334 3260.0 -2.321 5.067 0.217 -8.328640163461538 6.813 2.1898248173076924 0.0 0.0 0.4602 0.0
0.2 8.833602 3260.0 -2.321 5.067 0.217 -8.32144599727946 6.813 2.1899 0.0 0.0 0.4602 0.0
0.2 8.853335 3260.0 -2.321 5.067 0.217 -8.314246422926985 6.813 2.189886755873986 0.0 0.0 0.4602 0.0
0.2 8.872209 3260.0 -2.321 5.067 0.217 -8.307193016990157 6.813 2.1898 0.0 0.0 0.4602 0.0
0.2 8.890297 3260.0 -2.321 5.067 0.217 -8.301093772558007 6.813 2.1898 0.0 0.0 0.4602 0.0
0.2 8.907662 3260.0 -2.321 5.067 0.217 -8.295020529169895 6.813 2.1898 0.0 0.0 0.4602 0.0
0.2 8.924359 3260.0 -2.321 5.067 0.217 -8.289121099213963 6.813 2.1898 0.0 0.0 0.4602 0.0
0.2 8.940438 3260.0 -2.321 5.067 0.217 -8.283340373627786 6.813 2.1898 0.0 0.0 0.4602 0.0
0.2 8.955943 3260.1318659396197 -2.321 5.067 0.217 -8.278353856895864 6.813 2.1898 0.0 0.0 0.4602 0.0
0.2 8.970913 3261.0 -2.321 5.067 0.217 -8.273454375946057 6.813 2.1898 0.0 0.0 0.4602 0.0
0.2 8.985385 3261.0 -2.321 5.067 0.217 -8.268567576791808 6.813 2.189786824516496 0.0 0.0 0.4602 0.0
0.2 8.999389 3261.0 -2.321 5.067 0.217 -8.263768244879982 6.813 2.1897 0.0 0.0 0.4602 0.0
0.2 9.012955 3261.0 -2.321 5.066868534645968 0.217 -8.258982112836048 6.813 2.1897 0.0 0.0 0.4602 0.0
0.2 9.026112 3261.0 -2.321 5.066 0.217 -8.254386449801077 6.813 2.1897 0.0 0.0 0.4602 0.0
0.2 9.038882 3261.0 -2.321 5.066 0.217 -8.250394522968199 6.813 2.1897 0.0 0.0 0.4602 0.0
0.2 9.051288 3261.0 -2.321 5.066 0.217 -8.245899884335756 6.813 2.1897 0.0 0.0 0.4602 0.0
0.2 9.063348 3261.0 -2.321 5.066 0.217 -8.242100152853261 6.813 2.1896868461277177 0.0 0.0 0.4602 0.0
0.2 9.07508 3261.0 -2.321 5.066 0.217 -8.23820934065934 6.813 2.1896 0.0 0.0 0.4602 0.0
0.2 9.086506 3261.0 -2.321 5.066 0.217 -8.233814596579206 6.813 2.1896 0.0 0.0 0.4602 0.0
0.2 9.097639 3261.0 -2.321 5.066 0.217 -8.230113801652895 6.813 2.1896 0.0 0.0 0.4602 0.0
0.2 9.108494 3261.0 -2.321 5.066 0.217 -8.226426957831325 6.813 2.1896 0.0 0.0 0.4602 0.0
0.2 9.119084 3261.0 -2.321 5.066 0.217 -8.222919112825458 6.813 2.1895868659594986 0.0 0.0 0.4602 0.0
0.2 9.129419 3261.0 -2.321 5.066 0.217 -8.21992836410307 6.813 2.1895 0.0 0.0 0.4602 0.0
0.2 9.139517 3261.0 -2.321 5.066 0.217 -8.216328441479684 6.813 2.1895 0.0 0.0 0.4602 0.0
0.2 9.149385 3261.0 -2.321 5.066 0.217 -8.212740663428749 6.813 2.1895 0.0 0.0 0.4602 0.0
0.2 9.159035 3261.0 -2.321 5.066 0.217 -8.209332326220157 6.813 2.1894868687935767 0.0 0.0 0.4602 0.0
0.2 9.168474 3261.0 -2.321 5.066 0.217 -8.206440587219344 6.813 2.1894 0.0 0.0 0.4602 0.0
0.2 9.17771 3261.0 -2.321 5.066 0.217 -8.20304638959321 6.813 2.1894 0.0 0.0 0.4602 0.0
0.2 9.186756 3261.0 -2.321 5.066 0.217 -8.200241713578022 6.813 2.1894 0.0 0.0 0.4602 0.0
0.2 9.195617 3261.0 -2.321 5.066 0.217 -8.196845911805237 6.813 2.189386885622416 0.0 0.0 0.4602 0.0
0.2 9.204302 3261.0 -2.321 5.066 0.217 -8.194054235500879 6.813 2.1893 0.0 0.0 0.4602 0.0
0.2 9.212816 3261.0 -2.321 5.066 0.217 -8.190745891065456 6.813 2.1893 0.0 0.0 0.4602 0.0
0.2 9.221166 3261.0 -2.321 5.066 0.217 -8.188059369292585 6.813 2.1893 0.0 0.0 0.4602 0.0
0.2 9.229357 3261.0 -2.321 5.066 0.217 -8.185355274261603 6.813 2.1892869198312233 0.0 0.0 0.4602 0.0
0.2 9.237398 3261.0 -2.321 5.066 0.217 -8.182059312610564 6.813 2.1892 0.0 0.0 0.4602 0.0
0.2 9.245293 3261.0 -2.3208690169840454 5.066 0.217 -8.179459444158518 6.813 2.1892 0.0 0.0 0.4602 0.0
0.2 9.253047 3261.0 -2.32 5.066 0.217 -8.176859462999344 6.813 2.1892 0.0 0.0 0.4602 0.0
0.2 9.260665 3261.0 -2.32 5.066 0.217 -8.174259408315566 6.813 2.1891869003198297 0.0 0.0 0.4602 0.0
0.2 9.26815 3261.0 -2.32 5.066 0.217 -8.171660195227766 6.813 2.1891 0.0 0.0 0.4602 0.0
0.2 9.275509 3261.0 -2.32 5.066 0.217 -8.169073493311267 6.813 2.1891 0.0 0.0 0.4602 0.0
0.2 9.282747 3261.0 -2.32 5.066 0.217 -8.166559554184774 6.813 2.1890869059301834 0.0 0.0 0.4602 0.0
0.2 9.289865 3261.0 -2.32 5.066 0.217 -8.16397267417011 6.813 2.189 0.0 0.0 0.4602 0.0
0.2 9.296869 3261.0 -2.32 5.066 0.217 -8.161472795714493 6.813 2.189 0.0 0.0 0.4602 0.0
0.2 9.30376 3261.0 -2.32 5.066 0.217 -8.158973481394323 6.813 2.188986939255773 0.0 0.0 0.4602 0.0
0.2 9.310545 3261.0 -2.32 5.066 0.217 -8.156473490735207 6.813 2.1889 0.0 0.0 0.4602 0.0
0.2 9.317225 3261.0 -2.32 5.066 0.217 -8.154051547330097 6.813 2.1889 0.0 0.0 0.4602 0.0
0.2 9.323805 3261.0 -2.32 5.066 0.217 -8.152085863874346 6.813 2.188886910994764 0.0 0.0 0.4602 0.0
0.2 9.330286 3261.0 -2.32 5.066 0.217 -8.14967294467021 6.813 2.1888 0.0 0.0 0.4602 0.0
0.2 9.33667 3261.0 -2.32 5.066 0.217 -8.147265043616178 6.813 2.1888 0.0 0.0 0.4602 0.0
0.2 9.342963 3261.0 -2.32 5.066 0.217 -8.145386721390633 6.813 2.1887869467246097 0.0 0.0 0.4602 0.0
0.2 9.349167 3261.0 -2.32 5.066 0.217 -8.14298590078329 6.813 2.1887 0.0 0.0 0.4602 0.0
0.2 9.355283 3261.0 -2.32 5.066 0.217 -8.140664647467727 6.813 2.1887 0.0 0.0 0.4602 0.0
0.2 9.361314 3261.0 -2.32 5.066 0.217 -8.138786256083234 6.813 2.1886869273368013 0.0 0.0 0.4602 0.0
0.2 9.367263 3261.0 -2.32 5.066 0.217 -8.136386015651581 6.813 2.1886 0.0 0.0 0.4602 0.0
0.2 9.373129 3261.0 -2.32 5.066 0.217 -8.13406502845318 6.813 2.1886 0.0 0.0 0.4602 0.0
0.2 9.378919 3261.0 -2.32 5.066 0.217 -8.13219938843264 6.813 2.188586929931854 0.0 0.0 0.4602 0.0
0.2 9.384633 3261.0 -2.32 5.066 0.217 -8.129964524694637 6.813 2.1885 0.0 0.0 0.4602 0.0
0.2 9.390273 3261.0 -2.32 5.066 0.217 -8.128177478931324 6.813 2.188486910525372 0.0 0.0 0.4602 0.0
0.2 9.39584 3261.0 -2.32 5.066 0.217 -8.126399237195786 6.813 2.1884 0.0 0.0 0.4602 0.0
0.2 9.401335 3261.0 -2.32 5.066 0.217 -8.124165188592457 6.813 2.1884 0.0 0.0 0.4602 0.0
0.2 9.406763 3261.0 -2.32 5.066 0.217 -8.12229932960894 6.813 2.1883869273743017 0.0 0.0 0.4602 0.0
0.2 9.412124 3261.0 -2.32 5.066 0.217 -8.120077884615386 6.813 2.1883 0.0 0.0 0.4602 0.0
0.2 9.41742 3261.0 -2.32 5.066 0.217 -8.118377809578325 6.813 2.1882869299751957 0.0 0.0 0.4602 0.0
0.2 9.422652 3261.0 -2.32 5.065869422445432 0.217 -8.116599671624494 6.813 2.1882 0.0 0.0 0.4602 0.0
0.2 9.42782 3261.0 -2.32 5.065 0.217 -8.114378405315614 6.813 2.1882 0.0 0.0 0.4602 0.0
0.2 9.432929 3261.0 -2.32 5.065 0.217 -8.112691455696202 6.813 2.188186965981013 0.0 0.0 0.4602 0.0
0.2 9.437979 3261.0 -2.32 5.065 0.217 -8.111077935587117 6.813 2.1881 0.0 0.0 0.4602 0.0
0.2 9.44297 3261.0 -2.32 5.065 0.217 -8.109299817887495 6.813 2.188086948603804 0.0 0.0 0.4602 0.0
0.2 9.447905 3261.0 -2.3198694228407692 5.065 0.217 -8.107091076545231 6.813 2.188 0.0 0.0 0.4602 0.0
0.2 9.452783 3261.0 -2.319 5.065 0.217 -8.105478352649007 6.813 2.18798696192053 0.0 0.0 0.4602 0.0
0.2 9.46238 3261.0 -2.319 5.065 0.217 -8.102178057553957 6.813 2.1879 0.0 0.0 0.4602 0.0
0.2 9.47177 3261.0 -2.319 5.065 0.217 -8.098891093817553 6.813 2.1878 0.0 0.0 0.4602 0.0
0.2 9.480959 3261.0 -2.319 5.065 0.217 -8.09559151943463 6.813 2.1877 0.0 0.0 0.4602 0.0
0.2 9.48996 3261.0 -2.319 5.065 0.217 -8.09239089680036 6.813 2.1876 0.0 0.0 0.4602 0.0
0.2 9.503119 3261.0 -2.319 5.065 0.217 -8.087591449814127 6.813 2.187486965613383 0.0 0.0 0.4602 0.0
0.2 9.511676 3261.0 -2.319 5.065 0.217 -8.084391189009947 6.813 2.1873869493131215 0.0 0.0 0.4602 0.0
0.2 9.520068 3261.0 -2.319 5.065 0.217 -8.08120403284231 6.813 2.1872869355228204 0.0 0.0 0.4602 0.0
0.2 9.532358 3262.0 -2.319 5.065 0.217 -8.077091304347826 6.813 2.1871 0.0 0.0 0.4602 0.0
0.2 9.540363 3262.0 -2.319 5.065 0.217 -8.07399114596509 6.813 2.187 0.0 0.0 0.4602 0.0
0.2 9.5521 3262.0 -2.319 5.065 0.217 -8.069891213932936 6.813 2.1868869508708086 0.0 0.0 0.4602 0.0
0.2 9.559752 3262.0 -2.318 5.064869576719578 0.217 -8.066869576719577 6.813 2.1867869576719574 0.0 0.0 0.4602 0.0
0.2 9.570983 3262.0 -2.318 5.064 0.217 -8.062869435396308 6.813 2.1866 0.0 0.0 0.4602 0.0
0.2 9.581931 3262.0 -2.318 5.064 0.217 -8.058846758349704 6.813 2.1863956216671343 0.0 0.0 0.4602 0.0
0.2 9.589079 3262.0 -2.318 5.064 0.217 -8.05650622134905 6.813 2.1863287491814014 0.0 0.0 0.4602 0.0
0.2 9.599586 3262.0 -2.318 5.064 0.217 -8.052924698091157 6.813 2.1861912349045576 0.0 0.0 0.4602 0.0
0.2 9.609844 3262.0 -2.318 5.064 0.217 -8.048955277583971 6.813 2.185991228944483 0.0 0.0 0.4602 0.0
0.2 9.619865 3262.0 -2.318 5.064 0.217 -8.045651570787433 6.813 2.185791268869849 0.0 0.0 0.4602 0.0
0.2 9.629661 3262.0 -2.3179670303791506 5.064 0.21703296962084936 -8.042258230630349 6.813 2.18559340607583 0.0 0.0 0.4602 0.0
0.2 9.63924 3262.0 -2.3172150875264936 5.064 0.21778491247350645 -8.039024876363923 6.813 2.185443017505299 0.0 0.0 0.4602 0.0
0.2 9.651694 3262.0 -2.317 5.063 0.218 -8.034655247285887 6.813 2.1851912271082354 0.0 0.0 0.4602 0.0
0.2 9.660804 3262.0 -2.317 5.063 0.218 -8.031359919390953 6.813 2.184991244961935 0.0 0.0 0.4602 0.0
0.2 9.669727 3262.0 -2.317 5.063 0.218 -8.02817845902485 6.813 2.18479343021756 0.0 0.0 0.4602 0.0
0.2 9.681347 3262.0 -2.317 5.063 0.218 -8.024477446608778 6.813 2.1845912461863413 0.0 0.0 0.4602 0.0
0.2 9.689862 3262.0 -2.316967056705671 5.063 0.218 -8.021681404140415 6.813 2.1843901170117013 0.0 0.0 0.4602 0.0
0.2 9.700961 3262.0 -2.316 5.063 0.218 -8.018065629615954 6.813 2.1840901680206795 0.0 0.0 0.4602 0.0
0.2 9.709105 3262.0 -2.316 5.063 0.218 -8.01498305945347 6.813 2.183864614106352 0.0 0.0 0.4602 0.0
0.2 9.719729 3262.0 -2.316 5.062 0.218 -8.011298140296782 6.813 2.1835901426093662 0.0 0.0 0.4602 0.0
0.2 9.7301 3262.0 -2.316 5.062 0.218 -8.008184691260604 6.8129670546458865 2.1832934109291773 0.0 0.0 0.4602 0.0
0.2 9.740228 3262.0 -2.315967289247854 5.062 0.218 -8.004698596668348 6.812 2.1830901867743564 0.0 0.0 0.4602 0.0
0.2 9.750127 3262.032837670384 -2.315 5.062 0.218 -8.001644175960347 6.812 2.1827901486988845 0.0 0.0 0.4602 0.0
0.2 9.759805 3263.0 -2.315 5.061973581710415 0.218 -7.999886401354784 6.812 2.182489432684166 0.0 0.0 0.4602 0.0
0.2 9.769271 3263.0 -2.315 5.0611720575783234 0.218 -7.9964398475867915 6.812 2.1821688230313296 0.0 0.0 0.4602 0.0
0.2 9.780821 3263.0 -2.3149672203765226 5.061 0.218 -7.9914 6.812 2.1817901661129566 0.0 0.0 0.4602 0.0
0.2 9.789845 3263.0 -2.314 5.061 0.218 -7.991289573889392 6.812 2.181492112420671 0.0 0.0 0.4602 0.0
0.2 9.800868 3263.0 -2.314 5.061 0.218 -7.9870622072803155 6.812 2.1811901576628796 0.0 0.0 0.4602 0.0
0.2 9.809489 3263.0 -2.314 5.060973644292757 0.218 -7.982889306029579 6.812 2.1808894577171025 0.0 0.0 0.4602 0.0
0.2 9.82003 3263.0 -2.3139736842105263 5.06 0.218 -7.9788 6.812 2.1804894736842106 0.0 0.0 0.46019736842105263 0.0
0.2 9.830321 3263.0 -2.313 5.06 0.218 -7.978692394870265 6.812 2.1800895019385624 0.0 0.0 0.4601 0.0
0.2 9.840374 3263.0 -2.313 5.06 0.2180262435154105 -7.9745924015868175 6.812 2.1796895025938356 0.0 0.0 0.4601 0.0
0.2 9.850199 3263.0 -2.3129737854988037 5.059973785498803 0.219 -7.9706 6.812 2.1792895141995214 0.0 0.0 0.4601 0.0
0.2 9.859808 3263.0 -2.312 5.059 0.219 -7.970511923998935 6.812 2.1788889904998667 0.0 0.0 0.4601 0.0
0.2 9.869208 3263.0 -2.312 5.059 0.219 -7.967173559442422 6.812 2.1784716949303027 0.0 0.0 0.4601 0.0
0.2 9.880226 3263.021951446377 -2.3119780485536228 5.058978048553623 0.219 -7.9626 6.811978048553623 2.177991219421449 0.0 0.0 0.4601 0.0
0.2 9.889199 3263.8565714817228 -2.3111434285182773 5.058143428518277 0.219 -7.9626 6.811143428518277 2.177657371407311 0.0 0.0 0.4601 0.0
0.2 9.899727 3264.0 -2.311 5.058 0.219 -7.958514673278879 6.811 2.1771890606767794 0.0 0.0 0.4601 0.0
0.2 9.910006 3264.0 -2.3109781007366115 5.057978100736611 0.219 -7.9547 6.811 2.1766890503683056 0.0 0.0 0.4601 0.0
0.2 9.920047 3264.0 -2.31 5.057 0.219 -7.9546146130346225 6.811 2.176189052953157 0.0 0.0 0.4601 0.0
0.2 9.929862 3264.0 -2.31 5.057 0.219 -7.950714705269736 6.811 2.175689064778171 0.0 0.0 0.4601 0.0
0.2 9.939459 3264.0 -2.30998126142596 5.05698126142596 0.219 -7.9469 6.811 2.175188756855576 0.0 0.0 0.4601 0.0
0.2 9.950395 3264.0 -2.309 5.056 0.219 -7.946816652116979 6.811 2.1745890331732864 0.0 0.0 0.4601 0.0
0.2 9.959554 3264.0 -2.308981245813798 5.056 0.219 -7.9431 6.811 2.174090622906899 0.0 0.0 0.4601 0.0
0.2 9.970001 3264.0 -2.308 5.0559811875367435 0.21901881246325694 -7.943028512639624 6.811 2.173588712522046 0.0 0.0 0.4601 0.0
0.2 9.980203 3264.0 -2.307981147212194 5.055 0.22 -7.9393 6.811 2.1729886883273166 0.0 0.0 0.4601 0.0
0.2 9.99017 3264.018773081658 -2.307 5.055 0.22 -7.9392286622897 6.810981226918342 2.1723887361510053 0.0 0.0 0.4601 0.0
nan nan nan nan nan nan nan nan nan nan nan nan nan
