M_Ms log_t_yr Teff L_Ls g R_Rs Log_Li_Li0 logTc logROc Mrad Rrad k2conv k2rad
0.4 5.703957 3669.636257763975 -0.05363742236024844 3.3056374223602485 2.328542701863354 0.0 6.1394549689441 -0.5545803571428571 0.0 0.0 0.4434363742236025 0.0
0.4 5.738317 3665.3414195015635 -0.08658580498436484 3.3369272244859283 2.2461940680375245 0.0 6.154292902492182 -0.5093774471714202 0.0 0.0 0.4440317160996873 0.0
0.4 5.769327 3661.440888066605 -0.11659111933394972 3.3645911193339497 2.1755813135985207 0.0 6.167795559666975 -0.4696401665124889 0.0 0.0 0.444511822386679 0.0
0.4 5.797516 3657.3612043166772 -0.1423879568332275 3.3887491611499048 2.115307699283577 0.0 6.179193978416614 -0.4344123787068106 0.0 0.0 0.4449638795683323 0.0
0.4 5.823296 3653.0924917418088 -0.16653754129095655 3.410583787161861 2.0630636550308 0.0 6.189768770645479 -0.4029289438442991 0.0 0.0 0.44539075082581914 0.0
0.4 5.846997 3649.9087562450695 -0.18745621877465155 3.4304562187746517 2.0169963186957665 0.0 6.1991824875098605 -0.3743795424664739 0.0 0.0 0.4456545621877465 0.0
0.4 5.868886 3646.097991689751 -0.20751004155124647 3.448510041551246 1.9759799168975072 0.0 6.207804016620499 -0.3483663434903048 0.0 0.0 0.4459902008310249 0.0
0.4 5.889182 3643.613267225167 -0.22493366387416613 3.4642402974867497 1.938439305864251 0.0 6.215773465549666 -0.3245008804923924 0.0 0.0 0.4462386732774833 0.0
0.4 5.908067 3640.4051360027033 -0.24197431998648405 3.4799743199864843 1.905456496029735 0.0 6.223189727994594 -0.302595438418652 0.0 0.0 0.4464594863997297 0.0
0.4 5.925695 3637.4435073068894 -0.2567824634655534 3.493504217118998 1.8754350730688931 0.0 6.229391231732777 -0.2823158496868474 0.0 0.0 0.4467278246346555 0.0
0.4 5.942195 3636.0 -0.27052323366188974 3.5063709102957006 1.8479535326762204 0.0 6.2357616168309455 -0.26351316988321105 0.0 0.0 0.4469152323366189 0.0
0.4 5.95768 3635.567034960422 -0.2828966853562002 3.5183296503957777 1.8223406992084439 0.0 6.241731860158311 -0.2460116754617419 0.0 0.0 0.4470432965039578 0.0
0.4 5.972245 3635.0 -0.29418240642149257 3.5293137849127696 1.798503808665738 0.0 6.246656892456385 -0.22970011466950574 0.0 0.0 0.4472131378491277 0.0
0.4 5.985973 3635.0 -0.3045502204801573 3.540040176384126 1.7768995590396854 0.0 6.252020088192063 -0.2143317001469861 0.0 0.0 0.4473510044096031 0.0
0.4 5.998937 3634.1891935877616 -0.31510806412238596 3.550108064122386 1.7565946781674666 0.0 6.257054032061193 -0.19989195215233124 0.0 0.0 0.4474810806412239 0.0
0.4 6.011202 3634.0 -0.3242531214528946 3.5592531214528944 1.738493757094211 0.0 6.261223609534619 -0.1863397275822926 0.0 0.0 0.447661180476731 0.0
0.4 6.022824 3633.0 -0.3334486342760456 3.568203770848441 1.720592458303118 0.0 6.265224317138023 -0.17354537104181753 0.0 0.0 0.4477489726855209 0.0
0.4 6.033854 3632.8669021433734 -0.3423309785662679 3.576330978566268 1.7046042385807179 0.0 6.269532391426507 -0.16138986914987571 0.0 0.0 0.4479133097856627 0.0
0.4 6.044336 3632.025447539536 -0.35074552460464004 3.58474552460464 1.6894580557116479 0.0 6.2728982098418555 -0.14994608653768954 0.0 0.0 0.4479974552460464 0.0
0.4 6.05431 3631.727991060739 -0.3577200893926094 3.5917200893926093 1.6751038390933028 0.0 6.276360044696305 -0.13910067842605117 0.0 0.0 0.4481272008939261 0.0
0.4 6.063814 3631.0 -0.3653048877567268 3.5992439102053817 1.6614512020378918 0.0 6.280121955102691 -0.128779254895717 0.0 0.0 0.4482 0.0
0.4 6.072875 3630.7489483292325 -0.3725105167076751 3.605510516707675 1.648481069926185 0.0 6.28300420668307 -0.11888569727756187 0.0 0.0 0.4482502103341535 0.0
0.4 6.081531 3630.061909675371 -0.37938090324628954 3.6123809032462897 1.6361143741566788 0.0 6.285752361298515 -0.10954197158504621 0.0 0.0 0.44838761806492583 0.0
0.4 6.089803 3629.4075597026726 -0.38533196267594494 3.6183319626759447 1.6249285149454373 0.0 6.288962201486636 -0.10064281195634989 0.0 0.0 0.44845924402973275 0.0
0.4 6.097715 3628.56470959596 -0.391176452020202 3.624176452020202 1.6140823863636364 0.0 6.291870580808081 -0.09214002525252526 0.0 0.0 0.44854352904040407 0.0
0.4 6.105296 3627.6849767844496 -0.3971502321555049 3.629835208939954 1.6036446053356417 0.0 6.294260092862202 -0.08404718659006842 0.0 0.0 0.448631502321555 0.0
0.4 6.112558 3627.113480758637 -0.40286519241363034 3.6349786731722675 1.5939291728968286 0.0 6.296546076965452 -0.07633199024159909 0.0 0.0 0.4486886519241363 0.0
0.4 6.119523 3627.0 -0.40833516483516463 3.6403351648351645 1.5841967032967035 0.0 6.299601098901099 -0.06890417582417604 0.0 0.0 0.4487867032967033 0.0
0.4 6.126209 3626.542863853441 -0.41357136146559165 3.6451142253190323 1.575228685508494 0.0 6.301828544586237 -0.0617829484067953 0.0 0.0 0.4488457136146559 0.0
0.4 6.132634 3626.039849682925 -0.4186015031707514 3.649641352853676 1.5666774446097227 0.0 6.303840601268301 -0.05494195568777809 0.0 0.0 0.4488960150317075 0.0
0.4 6.138808 3625.1151202749143 -0.4234243986254296 3.6535395189003435 1.5589209621993128 0.0 6.305769759450172 -0.04847130584192433 0.0 0.0 0.4489884879725086 0.0
0.4 6.144749 3624.594546162836 -0.42805453837164004 3.65805453837164 1.551107284768212 0.0 6.307621815348656 -0.04222637319828592 0.0 0.0 0.4490405453837164 0.0
0.4 6.150465 3624.149201402415 -0.432507985975847 3.662507985975847 1.54353642384106 0.0 6.309403194390338 -0.03621421893260652 0.0 0.0 0.4490850798597585 0.0
0.4 6.15597 3623.721316565751 -0.4367868343424933 3.666508150908244 1.5365410650520106 0.0 6.311393417171247 -0.03043777363763401 0.0 0.0 0.44912786834342494 0.0
0.4 6.161278 3623.309268747089 -0.4409073125291105 3.6702165812761995 1.529948299953423 0.0 6.313453656264556 -0.024875128085700873 0.0 0.0 0.4491690731252911 0.0
0.4 6.166395 3622.8245043370507 -0.4448774783147455 3.6738774783147456 1.523596034696407 0.0 6.315350991325898 -0.019506629491946127 0.0 0.0 0.4492175495662949 0.0
0.4 6.171331 3622.059944237918 -0.448700278810409 3.6777002788104087 1.5174795539033454 0.0 6.3168801115241635 -0.014307620817843775 0.0 0.0 0.44929400557620813 0.0
0.4 6.176097 3621.6616442590016 -0.45238355740998315 3.6810452016689847 1.5115863081440268 0.0 6.318353422963994 -0.009366033070622566 0.0 0.0 0.44933383557409984 0.0
0.4 6.180699 3621.306057796322 -0.4559394220367792 3.684245479833101 1.505896924741153 0.0 6.319775768814711 -0.004601174470715905 0.0 0.0 0.4493693942203678 0.0
0.4 6.185145 3620.9252581291416 -0.4593737093542921 3.6873737093542918 1.5004020650331324 0.0 6.321224225612575 7.705347514027532e-07 0.0 0.0 0.4494074741870859 0.0
0.4 6.189445 3620.262598243181 -0.46268700878409613 3.690687008784096 1.4951007859454464 0.0 6.323212205270457 0.004440591770688753 0.0 0.0 0.4494737401756819 0.0
0.4 6.193603 3619.6227227304175 -0.46588638634791324 3.693697747713122 1.489981781843339 0.0 6.324754554539165 0.008746621569682833 0.0 0.0 0.44951886386347917 0.0
0.4 6.197628 3619.0039203628257 -0.4689803981858713 3.6964823583672843 1.485031362902606 0.0 6.325992159274349 0.012923537550926269 0.0 0.0 0.44954980398185873 0.0
0.4 6.20152 3618.405565377815 -0.47197217311092365 3.6991749557998315 1.4802445230225223 0.0 6.327188869244369 0.016962433699746975 0.0 0.0 0.4495797217311092 0.0
0.4 6.205294 3618.0 -0.4748706315144088 3.7018706315144088 1.4756069895769461 0.0 6.328348252605764 0.02086664622930777 0.0 0.0 0.44961741263028815 0.0
0.4 6.208946 3618.0 -0.4776695278969957 3.704669527896996 1.471128755364807 0.0 6.329467811158798 0.02461716738197424 0.0 0.0 0.4496733905579399 0.0
0.4 6.212489 3617.7236791803657 -0.48038160409817227 3.707243443688355 1.4667894334429243 0.0 6.330690802049086 0.02825134949155086 0.0 0.0 0.4497276320819634 0.0
0.4 6.215923 3617.198562581237 -0.48300718709381457 3.709606468384433 1.4625885006498969 0.0 6.332003593546907 0.03176963070571152 0.0 0.0 0.4497801437418763 0.0
0.4 6.219254 3616.689196421745 -0.4855540178912764 3.7118986161021486 1.4585135713739579 0.0 6.333277008945638 0.035182383974310394 0.0 0.0 0.44983108035782554 0.0
0.4 6.222488 3616.1946632005506 -0.4880266839972479 3.714124015597523 1.4545573056044034 0.0 6.3345133419986235 0.03849575655631218 0.0 0.0 0.44988053367994496 0.0
0.4 6.225625 3615.715636918383 -0.49042181540808555 3.7164218154080855 1.4510094584286803 0.0 6.335568726163234 0.041733668954996354 0.0 0.0 0.4499 0.0
0.4 6.228672 3615.2508009153316 -0.49274599542334124 3.7187459954233413 1.4477556064073223 0.0 6.336498398169336 0.0448945537757441 0.0 0.0 0.4499 0.0
0.4 6.23163 3614.900106431504 -0.4949989356849626 3.7208990421164665 1.44440170290406 0.0 6.337399574273985 0.04793857381784988 0.0 0.0 0.44991997871369926 0.0
0.4 6.234507 3614.6813896913486 -0.4971861030865133 3.722867492777862 1.4409022350615788 0.0 6.3382744412346055 0.050869378135927804 0.0 0.0 0.4499637220617303 0.0
0.4 6.237302 3614.468906796412 -0.49931093203588217 3.724779838832294 1.4375025087425883 0.0 6.339124372814353 0.05371664892808214 0.0 0.0 0.45000621864071766 0.0
0.4 6.24002 3614.2622776341796 -0.5013772236582029 3.7266395012923828 1.4341964421468754 0.0 6.339950889463282 0.056485479701991866 0.0 0.0 0.4500475444731641 0.0
0.4 6.250178 3612.9823089135857 -0.509088455432071 3.733088455432071 1.4228584713086865 0.0 6.343044227716035 0.06681853027897519 0.0 0.0 0.4501017691086414 0.0
0.4 6.259319 3611.60013608528 -0.5159993195735991 3.739999319573599 1.4118010886822414 0.0 6.346499659786799 0.07607908822862287 0.0 0.0 0.45023998639147195 0.0
0.4 6.269532 3610.058362237973 -0.5237081888101343 3.746766551048107 1.400408535665812 0.0 6.3498832755240535 0.0865031367817826 0.0 0.0 0.4503 0.0
0.4 6.280296 3609.2199503871307 -0.5318004961286925 3.7548004961286927 1.3882992558069611 0.0 6.353120198451477 0.097352664812448 0.0 0.0 0.45045600992257384 0.0
0.4 6.289723 3608.0253373313344 -0.5388733133433287 3.760898650674663 1.3781773613193398 0.0 6.356923988005997 0.1069277061469269 0.0 0.0 0.4505 0.0
0.4 6.299337 3606.58840233149 -0.54605798834255 3.76805798834255 1.367413017486175 0.0 6.35982319533702 0.11655770437901695 0.0 0.0 0.450641159766851 0.0
0.4 6.309952 3605.0046206588163 -0.5539768967059175 3.774981517364734 1.3560323446117155 0.0 6.3629907586823675 0.1272685795200478 0.0 0.0 0.4507 0.0
0.4 6.319012 3603.6580961581335 -0.5607095192093334 3.7817095192093335 1.3459357211859997 0.0 6.3663547596046675 0.1363578509326002 0.0 0.0 0.4508341903841867 0.0
0.4 6.329247 3602.1394487255484 -0.5683027563722584 3.788442205097807 1.3349761410788383 0.0 6.369721102548904 0.1466517486662714 0.0 0.0 0.4509 0.0
0.4 6.339183 3600.670951536643 -0.5763097665484637 3.7949807180851067 1.324696660756501 0.0 6.372658096926714 0.15657107712765997 0.0 0.0 0.45103290484633574 0.0
0.4 6.349149 3599.200559976422 -0.5839972001178896 3.8019972001178894 1.3144039198349544 0.0 6.375598880047156 0.16653619216032992 0.0 0.0 0.4511 0.0
0.4 6.359221 3598.359814801205 -0.5914018519879471 3.8087616667891524 1.304037407216874 0.0 6.379200925993974 0.1766065187036081 0.0 0.0 0.4511640185198795 0.0
0.4 6.368995 3597.2848555930213 -0.5985757220348923 3.8155757220348923 1.2939939891511507 0.0 6.382430288813957 0.18636298196745352 0.0 0.0 0.45127151444069785 0.0
0.4 6.380304 3595.6300007313685 -0.6068499963431581 3.8231649967088424 1.2824100051195786 0.0 6.385739998537263 0.19761599502669505 0.0 0.0 0.4513684999634316 0.0
0.4 6.391022 3595.0 -0.6146781961471107 3.830678196147111 1.272386164623467 0.0 6.389806917688266 0.2082623467600706 0.0 0.0 0.4514935639229422 0.0
0.4 6.399075 3593.891671520093 -0.6205416423995341 3.8359874781595806 1.264241700640652 0.0 6.392216656959814 0.21623663366336643 0.0 0.0 0.4515554164239953 0.0
0.4 6.411288 3592.115356675868 -0.6294232166206597 3.84442321662066 1.2518074967310764 0.0 6.395769286648264 0.2283155746040971 0.0 0.0 0.4516 0.0
0.4 6.419516 3590.92151183839 -0.6353924408080511 3.8493924408080513 1.2444898269495337 0.0 6.39915697632322 0.2364337194989495 0.0 0.0 0.4517039244080805 0.0
0.4 6.431994 3589.1145463760768 -0.6444272681196151 3.8584272681196152 1.2327445514445003 0.0 6.402770907247846 0.24872108464267656 0.0 0.0 0.45179427268119615 0.0
0.4 6.440402 3587.899271231691 -0.6505540082257016 3.863503643841547 1.224345263005989 0.0 6.405251821920774 0.2569849556245038 0.0 0.0 0.45180503643841546 0.0
0.4 6.453155 3586.0588787069773 -0.6606761671116241 3.872705606465113 1.2123827115953534 0.0 6.409852803232557 0.26949962479255335 0.0 0.0 0.45189705606465114 0.0
0.4 6.461752 3584.8204704020714 -0.6668976479896421 3.877897647989642 1.2039228224124294 0.0 6.412359059195857 0.27792977774580974 0.0 0.0 0.4520089764798964 0.0
0.4 6.470425 3583.5728260087753 -0.6731358699561242 3.884135869956124 1.196436956052651 0.0 6.41485434798245 0.28647614183989006 0.0 0.0 0.4520713586995612 0.0
0.4 6.479174 3582.3150862068965 -0.6794245689655177 3.889739655172414 1.1882056034482753 0.0 6.417369827586207 0.295057413793104 0.0 0.0 0.4521 0.0
0.4 6.492443 3580.410561813877 -0.6897419100236778 3.8981524718375544 1.1764633708832604 0.0 6.4219735954653085 0.3080081796656381 0.0 0.0 0.45217947190930613 0.0
0.4 6.501384 3579.1285652859397 -0.6963571735703022 3.904357173570302 1.1678999570015767 0.0 6.424742869428121 0.31672575605561115 0.0 0.0 0.45228714347140603 0.0
0.4 6.510406 3577.8362907842015 -0.7028185460789925 3.9107366914710933 1.160017744705209 0.0 6.427409273039496 0.3255132226674299 0.0 0.0 0.45231637092157984 0.0
0.4 6.519509 3576.5336290784203 -0.7093318546078994 3.9165986691471097 1.1522017744705206 0.0 6.4306659273039495 0.33437132226674326 0.0 0.0 0.452446637092158 0.0
0.4 6.533317 3573.5594285714287 -0.719423142857143 3.9259825714285714 1.1403565714285713 0.0 6.434881142857143 0.34779588571428594 0.0 0.0 0.4525220285714286 0.0
0.4 6.542625 3572.229714285714 -0.7267365714285714 3.9319662857142856 1.1323782857142857 0.0 6.437540571428571 0.3568379428571428 0.0 0.0 0.4525885142857143 0.0
0.4 6.552014 3570.833975181857 -0.7336087576665241 3.938498074454429 1.1243359007274283 0.0 6.44122136642419 0.36594711168164323 0.0 0.0 0.4527055341606048 0.0
0.4 6.561484 3568.8078733418915 -0.7410377977463984 3.9445763799743263 1.1162314933675652 0.0 6.443922835544145 0.375064569961489 0.0 0.0 0.4527730708886036 0.0
0.4 6.571034 3567.177141228445 -0.7481142938577742 3.9502914350862195 1.108062847370671 0.0 6.4466457175431096 0.3842954396465728 0.0 0.0 0.4528 0.0
0.4 6.580662 3564.805593111791 -0.7550692378851491 3.95687483099694 1.0998335586707464 0.0 6.449486017220522 0.3936122464954102 0.0 0.0 0.45290972034441046 0.0
0.4 6.590365 3563.4246780046965 -0.7626642709741694 3.9630889489788657 1.0915480680281788 0.0 6.452938304988258 0.40293342346829886 0.0 0.0 0.4529787660997652 0.0
0.4 6.600142 3561.067700184896 -0.7698307495377611 3.969830749537761 1.084169250462239 0.0 6.455932299815105 0.4123698193713551 0.0 0.0 0.4530966149907552 0.0
0.4 6.609986 3558.9534123996877 -0.777504154534479 3.9761397628009374 1.0758136495987503 0.0 6.458728783467083 0.42180964420140593 0.0 0.0 0.4531682195866771 0.0
0.4 6.619897 3557.2284984388307 -0.7848575078058471 3.9828575078058472 1.0673709906329836 0.0 6.462314504683508 0.43126906045983504 0.0 0.0 0.4532771501561169 0.0
0.4 6.629869 3555.2217338909763 -0.7925203090664209 3.9893347983270715 1.059479690933579 -0.00023710214786984977 6.465371021478698 0.4408021974906074 0.0 0.0 0.4533592755369675 0.0
0.4 6.6399 3552.78635140875 -0.8000341214781254 3.996034121478125 1.0519658785218746 -0.0004 6.4682136485912505 0.4504264052102504 0.0 0.0 0.4534 0.0
0.4 6.649986 3550.983103570166 -0.8071689642983391 4.002152067868505 1.0438141392718272 -0.0004 6.47108448214917 0.46002810180275766 0.0 0.0 0.45350168964298343 0.0
0.4 6.66012 3550.2666666666664 -0.8143333333333336 4.0086 1.035933333333333 -0.0004 6.474666666666667 0.46970000000000034 0.0 0.0 0.45357333333333333 0.0
0.4 6.670305 3549.0935689045937 -0.8215321554770316 4.015532155477032 1.0284678445229682 -0.0004 6.477812862190812 0.47946373144876314 0.0 0.0 0.4536906431095406 0.0
0.4 6.680532 3547.6482475975126 -0.8287587620124365 4.022082885811193 1.0205653617863197 -0.0004 6.480703504804975 0.4892243287167893 0.0 0.0 0.45376758762012437 0.0
0.4 6.690803 3546.1969482904774 -0.836015258547612 4.029015258547612 1.0121816897428655 -0.0008015258547612069 6.483606103419045 0.4990607516247524 0.0 0.0 0.45388030517095224 0.0
0.4 6.701112 3545.7413209144793 -0.843293395427604 4.035293395427604 1.0045772650296356 -0.0009517358171041597 6.487517358171042 0.5088460838272654 0.0 0.0 0.45391293395427607 0.0
0.4 6.71146 3544.280976573525 -0.8505951171323735 4.0425951171323735 0.9965453711543891 -0.0012438046852949404 6.490438046852949 0.5187034081287042 0.0 0.0 0.45398595117132373 0.0
0.4 6.721848 3542.816043383337 -0.858011761391647 4.048827804774984 0.9890802169166846 -0.0013367913233326182 6.493459891541658 0.5286417071624758 0.0 0.0 0.45410919783083314 0.0
0.4 6.732271 3541.3479118247765 -0.86608648496373 4.055434396788507 0.9817395591238818 -0.0016304176350447265 6.497130220438059 0.5385515951827595 0.0 0.0 0.4541826044087612 0.0
0.4 6.742732 3539.8756148981024 -0.8736219255094871 4.062559732958539 0.9743158819395641 -0.0017310962754743576 6.500248770203795 0.5485395994378076 0.0 0.0 0.45430621925509485 0.0
0.4 6.753231 3538.4 -0.8810000000000001 4.0692 0.9661999999999998 -0.0021000000000000064 6.5032 0.5585000000000002 0.0 0.0 0.45438 0.0
0.4 6.76377 3536.920488010097 -0.8883975599495163 4.076318047959613 0.9586024400504837 -0.002639755994951633 6.50623853596971 0.5685406815313422 0.0 0.0 0.45440795119899036 0.0
0.4 6.76906 3536.1786565699063 -0.8921067171504695 4.079285373720376 0.9548932828495305 -0.0030106717150469495 6.508464030290282 0.5735851353246385 0.0 0.0 0.4544821343430094 0.0
0.4 6.779694 3534.689534476724 -0.8995523276163808 4.08655232761638 0.9474476723836192 -0.0036241862093104637 6.5116209310465525 0.5837111655582778 0.0 0.0 0.45456552327616384 0.0
0.4 6.790398 3533.1922001677385 -0.9070389991613081 4.093231199329047 0.9399610008386918 -0.00430389991613081 6.5146155996645225 0.5938930388593789 0.0 0.0 0.4546 0.0
0.4 6.801174 3531.6882020512107 -0.9152148887183421 4.099903090769552 0.9324410102560526 -0.005252668666713156 6.518279494871973 0.6041202260517684 0.0 0.0 0.4546655898974395 0.0
0.4 6.812024 3530.1754214853004 -0.9231228925734987 4.107122892573498 0.9248771074265014 -0.006442120663229756 6.521649157029399 0.6144071338999582 0.0 0.0 0.45478245785147 0.0
0.4 6.82295 3528.6552969781173 -0.9307235151094128 4.114551163598472 0.9174488364015286 -0.007796408475164924 6.5248617575547065 0.6248439805488013 0.0 0.0 0.4548172351510941 0.0
0.4 6.833946 3527.1275442862107 -0.9383622785689478 4.121426050712053 0.910573949287947 -0.009553324070858007 6.5286811392844735 0.6352326988537691 0.0 0.0 0.4548936227856895 0.0
0.4 6.839472 3526.3608876560334 -0.9421955617198333 4.125195561719833 0.9068044382801667 -0.010530846047156686 6.530278224687933 0.6405098751733701 0.0 0.0 0.4549 0.0
0.4 6.850583 3524.681899155759 -0.9499314537990862 4.132272403376965 0.8990685462009138 -0.01277943613972585 6.533636201688482 0.6511063201920845 0.0 0.0 0.45496590504221207 0.0
0.4 6.861762 3522.8633364750235 -0.9579566446748347 4.138819981149858 0.8920433553251653 -0.01586899151743623 6.537273327049952 0.6617436380772851 0.0 0.0 0.4550136663524976 0.0
0.4 6.873014 3521.7455160744503 -0.9660358714043995 4.1460358714044 0.8842186125211504 -0.01924338409475476 6.5400179357022 0.6724502199661593 0.0 0.0 0.4551 0.0
0.4 6.884334 3520.486223496876 -0.973798217760934 4.153541329509372 0.877201782239066 -0.02335324183140422 6.543770664754686 0.6831890607395267 0.0 0.0 0.4551256888251562 0.0
0.4 6.89002 3519.32141759705 -0.9778750384103246 4.15703574720885 0.8731249615896753 -0.02574109392604732 6.5455178736044255 0.6886054081737171 0.0 0.0 0.4551839291201475 0.0
0.4 6.901441 3517.838832086012 -0.9861281753979133 4.164967007483925 0.8660329925160742 -0.03150254031833067 6.549483503741963 0.6995505112258886 0.0 0.0 0.4552 0.0
0.4 6.912923 3516.6475295059013 -0.994467293458692 4.172114822964593 0.8588851770354068 -0.03873778755751178 6.553057411482296 0.710483716743349 0.0 0.0 0.4552352470494099 0.0
0.4 6.924468 3515.496525019857 -1.0025243248610007 4.179524324861001 0.8514756751389991 -0.047528494837172364 6.556510424940429 0.7215333598093725 0.0 0.0 0.4553 0.0
0.4 6.930261 3514.91985428051 -1.0064808743169398 4.183480874316939 0.8475191256830603 -0.05239344262295049 6.55824043715847 0.7270533697632054 0.0 0.0 0.45530801457194897 0.0
0.4 6.941885 3513.761774936542 -1.0139058005076618 4.190667575444204 0.8405706496192537 -0.0645254583059131 6.561714675190373 0.7381298956472688 0.0 0.0 0.4554 0.0
0.4 6.953562 3512.602181656278 -1.0223869100623328 4.19798909171861 0.8336130899376673 -0.07917272929652656 6.565193455031166 0.7492814559216381 0.0 0.0 0.4554 0.0
0.4 6.959417 3511.9562007874015 -1.026306594488189 4.201306594488188 0.8297372047244094 -0.0874358267716536 6.567131397637795 0.7548292322834645 0.0 0.0 0.45540437992125987 0.0
0.4 6.971157 3510.7969517697784 -1.034421337611551 4.2092182893813295 0.8227817106186704 -0.10750005013536511 6.570609144690665 0.766128958187105 0.0 0.0 0.4555 0.0
0.4 6.982933 3509.6244113029825 -1.0426291208791212 4.216629120879121 0.8157464678178962 -0.13232680533752056 6.574126766091052 0.7773432103610679 0.0 0.0 0.4555 0.0
0.4 6.994744 3508.4598909271194 -1.0507807635101638 4.224240654437283 0.8087593455627169 -0.16246102131879064 6.578160436291522 0.7886390580069411 0.0 0.0 0.4555540109072881 0.0
0.4 7.000664 3507.8690901664454 -1.0549163688348826 4.227916368834883 0.8052145409986722 -0.17953311549065878 6.580261819667109 0.7943305524354137 0.0 0.0 0.4556 0.0
0.4 7.012521 3506.667857851896 -1.0629928528886239 4.235992852888624 0.7980071471113761 -0.22148604327972807 6.583328568592416 0.8056885646217983 0.0 0.0 0.4556 0.0
0.4 7.024408 3505.46972967417 -1.0707118922808099 4.24318162195498 0.7908183780450202 -0.272021245760098 6.58759081097749 0.8170315140302188 0.0 0.0 0.455653027032583 0.0
0.4 7.030365 3504.861783756851 -1.0749675137020425 4.246967513702043 0.7871707025411064 -0.3010953961135993 6.589414648729447 0.8227268759342297 0.0 0.0 0.4557 0.0
0.4 7.0423 3504.0 -1.083302742193755 4.254973779023219 0.7803551841473179 -0.3714115692554051 6.592986889511609 0.8341580464371499 0.0 0.0 0.4557 0.0
0.4 7.054257 3503.4794330458917 -1.091643968678759 4.262643968678759 0.7738765982753496 -0.45692890276538567 6.596561700862325 0.8456494994548515 0.0 0.0 0.4557 0.0
0.4 7.060244 3502.884060893235 -1.0956956346405888 4.266695634640588 0.7703043653594113 -0.505543210001008 6.5983478173202945 0.8514014215142655 0.0 0.0 0.45571159391067645 0.0
0.4 7.072239 3502.0 -1.1032659040738508 4.273942203491872 0.7633814970901066 -0.6223394340758536 6.601971101745936 0.8628751555287976 0.0 0.0 0.4558 0.0
0.4 7.084254 3501.476945959346 -1.1116613782845808 4.28166137828458 0.7568616757560735 -0.7663138820029701 6.605569162121963 0.8743736241943477 0.0 0.0 0.4558 0.0
0.4 7.090269 3500.8786872042688 -1.1157278767743888 4.285727876774389 0.7532721232256113 -0.8482972515856321 6.607363938387195 0.880164602839022 0.0 0.0 0.45581213127957315 0.0
0.4 7.102324 3500.0 -1.1233302981789077 4.293330298178908 0.7463355013007802 -1.0442202621573051 6.611331598959376 0.891795837502502 0.0 0.0 0.4559 0.0
0.4 7.114401 3500.0 -1.1317881364409323 4.301246974092228 0.7397530259077721 -1.284981624487351 6.615623487046114 0.9033951585475645 0.0 0.0 0.4559 0.0
0.4 7.120449 3499.8538415366147 -1.1358769507803121 4.305023109243698 0.7362692076830732 -1.4229404261704661 6.617438475390156 0.9092031212484993 0.0 0.0 0.4559146158463386 0.0
0.4 7.132567 3499.0 -1.1435081 4.3131498 0.7302085 -1.753926439999999 6.6210749 0.92087551 0.0 0.0 0.456 0.0
0.4 7.144711 3498.427872127872 -1.1520048951048951 4.320432767232767 0.7235672327672327 -2.1577386513486547 6.624716383616384 0.9325924275724277 0.0 0.0 0.456 0.0
0.4 7.150796 3498.0 -1.156082065652522 4.324262409927942 0.7200982786228984 -2.3900119695756485 6.626541032826261 0.9384493394715769 0.0 0.0 0.456018034427542 0.0
0.4 7.162985 3498.0 -1.1637967828953943 4.3323972424817665 0.7140022979318612 -2.9455462084124413 6.630198621240883 0.9502755420121892 0.0 0.0 0.4561 0.0
0.4 7.169089 3498.0 -1.1680564847270904 4.336065898848273 0.7109435152729094 -3.2566757736604792 6.632028242363545 0.9561903755633447 0.0 0.0 0.4561 0.0
0.4 7.181315 3498.0 -1.1755238672384856 4.344523867238485 0.7039115234010817 -3.9624646559761105 6.635870781279134 0.96796403132575 0.0 0.0 0.4561 0.0
0.4 7.193567 3497.692424121724 -1.1834606070262088 4.352460607026209 0.6978469688520673 -4.4393056400860305 6.640230303513104 0.9798216681271407 0.0 0.0 0.4561307575878276 0.0
0.4 7.199706 3497.2033776786425 -1.1873729785708598 4.356372978570859 0.6944236437504978 -4.577167832390666 6.64218648928543 0.9857391300884252 0.0 0.0 0.45617966223213574 0.0
0.4 7.212006 3497.058177219192 -1.1954654177535373 4.364465417753537 0.6885927594656549 -4.792518117144888 6.646174531657576 0.9976155797960634 1.1635443838429369e-05 0.0017226274602794684 0.4562 3.317265038336213e-05
0.4 7.224347 3498.0 -1.20329070560939 4.372232564487512 0.681825576634366 -4.960107124334653 6.649174423365634 1.0096128019653339 0.000223256448751196 0.030456534734543534 0.4562058141121878 0.0006313528319912699
0.4 7.230531 3498.0 -1.2075107137982803 4.375608571038625 0.6792935717210318 -5.038599276648016 6.651706428278969 1.0156052135935583 0.0005608571038624349 0.04274519858059263 0.4562902142759656 0.0015190737546062726
0.4 7.242929 3498.0 -1.2151750614250616 4.383972290472291 0.6726221676221674 -5.198854627354632 6.655188916188916 1.0276206524706528 0.0014769519519519793 0.05800989625989669 0.4563 0.0033743094458095007
0.4 7.249142 3498.0 -1.2192147834403608 4.388214783440361 0.6696711299357835 -5.278672154665942 6.656885913376144 1.0336892881541198 0.0020100696816505227 0.06427190189916678 0.4563 0.004301936876622527
0.4 7.261598 3498.072978708838 -1.227656808379544 4.395729787088381 0.6634891490381325 -5.440544656671456 6.661291914835353 1.0459508934072703 0.0028313616759087865 0.07110755938933372 0.4563 0.005653549531046718
0.4 7.274086 3498.9279112754157 -1.2353512014787427 4.404279112754159 0.6575046210720891 -5.610932717190379 6.664711645101663 1.0582619223659882 0.004370240295748533 0.08197375231053548 0.4563 0.008202103512014653
0.4 7.280342 3499.0 -1.2388536953242835 4.408567119155355 0.6541463046757164 -5.698711312217195 6.666426847662142 1.0645079939668174 0.0053561085972850695 0.08757006033182504 0.4563 0.009753242835595779
0.4 7.292874 3499.2166357579504 -1.246949721821554 4.416166357579504 0.6484835496943471 -5.879276687959342 6.670083178789752 1.0769628820660764 0.007159962909540513 0.09593370011676634 0.4562 0.012471278933992754
0.4 7.299152 3499.6478466927674 -1.2508306202349064 4.4204784669276735 0.6454650731506284 -5.971987038944985 6.672239233463837 1.0832585617144037 0.007677416031320848 0.09779221924582737 0.4562 0.013230210179270577
0.4 7.311731 3501.0 -1.259112143742255 4.428124604158061 0.6389127770893572 -6.162153435219599 6.676049841663224 1.09598316811235 0.009333643122676497 0.1037021754096101 0.45619875395841936 0.015595854330166484
0.4 7.324338 3501.0 -1.266923172242875 4.436803524714305 0.6328375326999861 -6.360900715957598 6.679521409885722 1.1087411813300292 0.011676951672862514 0.1108188902657306 0.4561119647528569 0.018789697094864465
0.4 7.330655 3501.630890052356 -1.2705235602094243 4.44115445026178 0.6301073298429317 -6.463312827225138 6.6812617801047125 1.115168586387435 0.012 0.11135837696335074 0.4561 0.01922369109947644
0.4 7.34331 3502.1878578820283 -1.2786907209382543 4.448878578820283 0.6238728527078304 -6.6718136115901965 6.684751431528113 1.1281178682304238 0.01520721628147629 0.11958957571576387 0.45586242842359437 0.02341810969299748
0.4 7.349649 3502.62518109693 -1.2826266298723699 4.4532518109693 0.6212489134184201 -6.780094839599863 6.68650072438772 1.1346777164539497 0.01638798896171094 0.12212605036219387 0.455774963780614 0.024926874784408425
0.4 7.362351 3504.0 -1.29001491506698 4.4620149150669794 0.6149888136997651 -7.000463858583072 6.690007457533491 1.147827965750587 0.017410813423560368 0.12362349123049322 0.4557988813699765 0.026233871012291236
0.4 7.375074 3504.7615953549457 -1.2974271790972556 4.469807976774729 0.60933441625769 -7.222874279394479 6.693903988387365 1.1610881246975873 0.021404313264671265 0.13176590861961696 0.45542384046450546 0.03132991152277591
0.4 7.381444 3505.64222022534 -1.3013899910140319 4.474211101126702 0.6062522292113085 -7.336739075136515 6.6961055505633515 1.1677808737125872 0.022681219326743593 0.133923439552084 0.45533577797746594 0.032937051911246254
0.4 7.394196 3506.405754997579 -1.3098258974891055 4.482028774987896 0.6005798575084735 -7.569300235180185 6.699811509995158 1.1812040257314793 0.023808632496368495 0.13495208549491589 0.45523913675036315 0.03430427267067851
0.4 7.400581 3507.289064121187 -1.3138007885453413 4.486445320605935 0.5974882755758456 -7.6859853704087975 6.701578128242374 1.1879613405270804 0.025133596181780446 0.13680703465449262 0.45510664038182197 0.035880979456318726
0.4 7.413365 3508.058269896194 -1.3212330795847747 4.495233079584775 0.5918251903114189 -7.921326588235282 6.705116539792387 1.2015486782006914 0.0291 0.14294755709342566 0.4547 0.04067883460207613
0.4 7.419769 3508.944636678201 -1.3247785467128028 4.498778546712803 0.5891660899653979 -8.038858823529413 6.706889273356401 1.2083737024221455 0.0291 0.1421498269896194 0.4547 0.040661107266435986
0.4 7.432604 3509.0 -1.333606727574751 4.507606727574752 0.5838359634551493 -8.26851177325582 6.7104426910299 1.222140427740864 0.031682018272425304 0.14502628737541534 0.4543557308970099 0.04364653446843861
0.4 7.439037 3509.0 -1.338055017970694 4.512055017970694 0.5805559856234448 -8.379409040641415 6.712222007188278 1.2290658280342825 0.033871910423002465 0.14788291401714124 0.4541166989217584 0.046225742327896016
0.4 7.451926 3508.0 -1.345954498448811 4.5199544984488105 0.5748273009307134 -8.583862668045503 6.715586349534643 1.2429685625646332 0.036153154084798425 0.1499486039296795 0.4538436401240951 0.048861240951396157
0.4 7.464849 3508.0 -1.3548625912157513 4.5286900729726005 0.5694824452705493 -8.76443656891092 6.718517554729451 1.256962894120887 0.0409 0.1553447335811648 0.453182748175685 0.0542948244527055
0.4 7.471325 3508.0 -1.3592882276132225 4.532320252903581 0.5668078482578516 -8.840320527798779 6.721096075871074 1.2640092021166933 0.04099607587107421 0.15467365816782355 0.45308718988385677 0.05437568345818163
0.4 7.484301 3508.0 -1.3673140677616662 4.541237853068518 0.5614572881588893 -8.971765954229955 6.723771355920555 1.2781881863789435 0.04367135592055538 0.15672470620575912 0.4527304858772593 0.05731849151261091
0.4 7.490802 3508.0 -1.3716987241048157 4.545698724104816 0.5587807655371105 -9.031897132665664 6.725479489641926 1.2853179585677053 0.046045259980793146 0.15904525998079314 0.4523301275895184 0.06000376046096878
0.4 7.503829 3508.0 -1.3803575384615383 4.553619487179487 0.5534283076923079 -9.139176307692304 6.729047794871795 1.2996173743589743 0.050559651282051234 0.16301911794871793 0.45156902564102563 0.06497085538461533
0.4 7.510355 3508.0 -1.384373538461538 4.558081709401709 0.5507509743589746 -9.18870697435897 6.730832683760684 1.3068015521367518 0.05185369572649563 0.16373307350427346 0.4513459145299145 0.06640322871794863
0.4 7.523432 3508.0 -1.3928067593349684 4.566806759334969 0.5453949304987735 -9.28201976015263 6.7344033796674845 1.3212336876533115 0.0557 0.16649831016625782 0.4506 0.0705499155083129
0.4 7.529983 3508.0 -1.3964709800190294 4.57047098001903 0.5427174119885824 -9.323693910561369 6.7361883920076115 1.3284724072312084 0.05597787821122741 0.16591194100856327 0.45054819219790676 0.0708100142721218
0.4 7.543113 3508.0 -1.4053944542612475 4.579394454261248 0.5373633274432514 -9.39936497213538 6.739757781704499 1.3431069049884463 0.06124272801413613 0.16992750441756144 0.44956661003126275 0.07649426736441478
0.4 7.54969 3508.0 -1.409855438025495 4.583084350420396 0.5346867371847029 -9.433801328993763 6.741542175210198 1.3504229183618122 0.0616 0.16942891239490096 0.44942289123949014 0.07684144561974504
0.4 7.562868 3508.7770864331123 -1.4179937778980118 4.591770864331124 0.5293374814013255 -9.492777492222373 6.74510834573245 1.3651996347896662 0.06618480995536329 0.17238605437576093 0.4484674962802651 0.081710102799946
0.4 7.574057 3509.0 -1.4252584814216476 4.599258481421648 0.5248707592891763 -9.53618319870759 6.747129240710824 1.37774281098546 0.06768739903069451 0.1723227786752826 0.44806122778675284 0.083260969305331
0.4 7.583352 3509.0 -1.4305750620763704 4.60457506207637 0.5220549627541778 -9.565872766928393 6.749630024830548 1.388246104288302 0.0713292866250585 0.17465127172672962 0.44727949130930816 0.08714181330112049
0.4 7.591318 3509.0 -1.4359210120126167 4.609921012012617 0.5188473927924301 -9.588860351654251 6.751768404805047 1.397227300181196 0.0744833970874438 0.1765223542044158 0.4465310583182337 0.09044026441178443
0.4 7.601487 3509.0 -1.44198728756858 4.61598728756858 0.5147595343235651 -9.615318747490965 6.75449364378429 1.4086733038940178 0.0763 0.17685317810785503 0.4460253178107855 0.09228772246754986
0.4 7.610113 3509.0 -1.4474935272921396 4.62149352729214 0.5113038836247162 -9.634718510609904 6.756797410916856 1.4184389963966373 0.07899611637528377 0.17803792873348467 0.4453709061791004 0.09502902575737372
0.4 7.619907 3509.6007313829787 -1.453406582446809 4.628007313829787 0.5079963430851061 -9.651478357712767 6.759402925531915 1.429572506648937 0.08104212101063846 0.1785003656914894 0.444819414893617 0.09711816489361719
0.4 7.630201 3510.0 -1.459840773612399 4.634272618889919 0.5042955358325606 -9.668431487614253 6.762136309444959 1.4412861306133262 0.08390446416743938 0.17949541661147173 0.4440454762220162 0.10000446416743938
0.4 7.640556 3510.0 -1.4657475240987718 4.640684405123465 0.5001893569259211 -9.683349874554336 6.764873762049386 1.4530571768123595 0.0879169549716096 0.18150532153703947 0.44295049518024565 0.10411064307407891
0.4 7.64936 3510.0 -1.4714989762895445 4.64594907866059 0.4972505118552277 -9.693403249455121 6.767199590515818 1.4630582392180167 0.09134439601083132 0.1830297338352816 0.4419651740307774 0.10759938577372676
0.4 7.659376 3510.423356698849 -1.4776934267953974 4.652116783494247 0.493729929903452 -9.70486787461976 6.7698467133976985 1.4744832032799893 0.094 0.18373430763126575 0.44115766433011505 0.11025766433011507
0.4 7.669919 3511.0 -1.4840919920582396 4.65909199205824 0.4903632031767041 -9.71548326935804 6.771818398411648 1.486538226340172 0.09645519523494378 0.1840820780939775 0.44036344142951683 0.11265519523494377
0.4 7.679717 3511.0 -1.4900227844747649 4.665022784474765 0.48665147701682343 -9.723118002384421 6.774232348655451 1.4976990992184396 0.10029271426679032 0.18563940919327063 0.43919544310504705 0.11649271426679031
0.4 7.689565 3511.0 -1.4956837640821736 4.671104705102717 0.48315811795891317 -9.730136328694499 6.7768418820410865 1.5089621868787277 0.1029 0.18623696487740224 0.43835790589794565 0.11905790589794565
0.4 7.69925 3511.7044791942753 -1.5015223959713757 4.6768179167771 0.4798865624171746 -9.737801802279353 6.77940895838855 1.5200585210707662 0.1049429896633979 0.18637492711370265 0.4376659687251524 0.1210429896633979
0.4 7.709159 3512.0 -1.5070792767732961 4.683079276773296 0.47695595734816876 -9.74478632359759 6.782035234121465 1.5313515067222994 0.10874492350486785 0.18781233194251273 0.43638414464534075 0.1249431617987946
0.4 7.719013 3512.0 -1.5129529107887942 4.688952910788794 0.4736928273395587 -9.751182058414464 6.7846457381283525 1.5425766739519178 0.11207331611365008 0.18872600834492356 0.43520941784224115 0.12814102920723242
0.4 7.729013 3512.64681752018 -1.51858727008072 4.69458727008072 0.47005954743946005 -9.75611704380045 6.78729363504036 1.5539626306735477 0.11509363504035995 0.189394045256054 0.434147227735874 0.13109363504035995
0.4 7.739224 3513.0 -1.5249854574299315 4.7009854574299315 0.4670058170280274 -9.761985457429931 6.789994182971973 1.5655749867794824 0.11789389212057126 0.18989883659439455 0.4331023268112109 0.13379418297197262
0.4 7.749093 3513.0 -1.5301993927793547 4.706849316876774 0.4637503795129033 -9.766939423140387 6.791949772292258 1.5768436868853546 0.12049969638967735 0.19015996963896772 0.432125113853871 0.13620471916045154
0.4 7.759024 3513.6094573234986 -1.5360472866174923 4.712437829293994 0.4607810853530031 -9.772708232349842 6.794218914646997 1.5881413329820866 0.12427688356164397 0.19127513171759752 0.4306858140147523 0.139876883561644
0.4 7.769006 3514.0 -1.541691215149921 4.7186140189374015 0.4581543924250395 -9.779498579694897 6.79684560757496 1.59943611257233 0.1258 0.19079263545502373 0.43000771962125195 0.14121543924250393
0.4 7.779002 3514.6167409543787 -1.5475506685894074 4.723933927635029 0.45491629522810706 -9.784772253539591 6.7994669638175145 1.6107079444153118 0.1282052897220765 0.19094669638175144 0.42901321447299423 0.14348194153120078
0.4 7.78911 3515.0 -1.5532259370510642 4.72978242131383 0.4518870314744679 -9.789302507509468 6.802112968525532 1.622085764659788 0.13187028862478758 0.19187907796787246 0.42750962517957436 0.14701464019851096
0.4 7.798976 3515.0 -1.5583702304987626 4.735370230498763 0.448472327125928 -9.79504981117333 6.804685115249381 1.6331459955723397 0.1369702304987627 0.193763836437036 0.425536163562964 0.15198597473629363
0.4 7.809045 3515.573945714841 -1.5635915657187278 4.741165511433569 0.4457042171406361 -9.800606354861696 6.807295782859364 1.6443144717237805 0.13983838828787978 0.1941147891429682 0.42426689771328624 0.1546662045734275
0.4 7.819059 3516.442741208296 -1.568770964833183 4.746770964833183 0.4431145175834085 -9.805339675383228 6.8098854824165915 1.6554075743913435 0.1415 0.1936687105500451 0.42341145175834083 0.15611145175834085
0.4 7.829017 3517.0 -1.573888575458392 4.751888575458392 0.4405557122708039 -9.81094400564175 6.812444287729196 1.666410437235543 0.14431636107193233 0.19393878702397743 0.42214456981664317 0.15874414668547251
0.4 7.839033 3517.000759205365 -1.5790068328482854 4.75800607364292 0.4369969631785398 -9.818206529166138 6.8150030368214605 1.6773130583322788 0.14930409970897124 0.19560075920536504 0.4199981019865874 0.1636037201062887
0.4 7.84897 3517.6294445147414 -1.5846650006326708 4.76303555611793 0.4344822219410352 -9.823613222826774 6.817517778058965 1.6881264456535487 0.15269900037960252 0.1962294445147412 0.41842638871314697 0.1666842781222319
0.4 7.858986 3518.5211779448623 -1.5900847117794485 4.76860588972431 0.43195764411027576 -9.829874949874688 6.820042355889724 1.698930012531328 0.1547 0.19597458646616547 0.41739576441102755 0.16839576441102758
0.4 7.869011 3519.0 -1.595088103534097 4.774088103534097 0.4294559482329516 -9.83493887506222 6.822544051767049 1.7096394225983083 0.15670726729716294 0.19570881035340967 0.41629636635141853 0.17023006470881052
0.4 7.879364 3519.5239500707125 -1.5996676504949885 4.779191600565701 0.4269041997171494 -9.840367945643484 6.825095800282851 1.720507151202115 0.1592386152616368 0.19574760499292873 0.41500449486564595 0.17247664022628048
0.4 7.890986 3520.4708166484647 -1.6048832665938597 4.78488326659386 0.42405836670307007 -9.847571981555635 6.82794163329693 1.732601941511952 0.16274202159932033 0.19621789831331146 0.4132525300327631 0.17569493993447383
0.4 7.901732 3521.767335656772 -1.6100693426270882 4.79083667828386 0.4214653286864559 -9.855557481071987 6.830534671313544 1.7436223530825625 0.16761587549573378 0.19756733565677204 0.4108420622521331 0.18028567479870217
0.4 7.912677 3522.0705550329258 -1.615282220131703 4.796282220131703 0.41885888993414855 -9.860551552210724 6.834141110065851 1.7546997177798687 0.1687610536218252 0.19667055503292571 0.4100659454374411 0.18104694261524001
0.4 7.919654 3522.8909924741297 -1.6185639698965193 4.79956396989652 0.41721801505174033 -9.86580235183443 6.83578198494826 1.7616734360301036 0.17179667215428038 0.19749099247412982 0.4085071142991533 0.1839184736594544
0.4 7.933642 3523.508007066735 -1.62503202826694 4.806286031800307 0.41398398586652996 -9.875389234627 6.83901601413347 1.775367259360574 0.17683981307345978 0.19852379893998975 0.4058411922265915 0.188612811306776
0.4 7.940643 3524.305978229897 -1.6282239129195872 4.809876902034535 0.41238804354020636 -9.879299293326493 6.840611956459793 1.7820702171311331 0.1783160597253091 0.19840410326551547 0.4049634239471135 0.1898895651678349
0.4 7.954667 3525.0 -1.6345420154000667 4.816542015400067 0.40922899229996657 -9.888632875795112 6.84465651155005 1.7953382323401403 0.18287636424506176 0.19909695346501502 0.4024289922999666 0.19409926347505843
0.4 7.961691 3525.6590484562134 -1.6369771453686406 4.819636193824854 0.4076819030875728 -9.893881529502252 6.8463180969124275 1.8017701021865726 0.18573847928799023 0.19985904845621358 0.4008819030875728 0.19680666959674753
0.4 7.975766 3527.1823585606626 -1.6427294342426495 4.82572943424265 0.4046352828786753 -9.904376509924637 6.849547075681987 1.8143953401974313 0.18760178325018584 0.19910941513639743 0.39957175459080774 0.1982470756819871
0.4 7.982818 3527.930899055302 -1.6457235962212078 4.828723596221208 0.40313820188939614 -9.909616293387113 6.851792697165906 1.820533372253476 0.19007196688249642 0.19955853943318116 0.3982243817004565 0.20049269716590584
0.4 7.98988 3528.0 -1.648669859448204 4.831669859448204 0.40166507027589793 -9.914839000520562 6.853334929724102 1.8265732118688185 0.1924358875585633 0.2000004789172306 0.39683181676210305 0.2027023945861531
0.4 8.004033 3529.1146560319044 -1.6534586241276168 4.838458624127617 0.3987706879361916 -9.925336989032902 6.857229312063809 1.8382172482552337 0.19705224327018928 0.2008 0.39412801595214364 0.2069293120638084
0.4 8.01113 3529.8222333001 -1.656288933200399 4.841288933200398 0.3973555333998006 -9.930502303090728 6.858644466600199 1.8438778664007975 0.19860891326021937 0.2008 0.3930666500498504 0.20834446660019942
0.4 8.025363 3531.2052641545165 -1.6618210566180651 4.846821056618065 0.3945894716909674 -9.940860007574322 6.862410528309033 1.8548215868206785 0.20167210755538745 0.2009 0.3910921037682256 0.21101052830903258
0.4 8.032498 3531.8807990910814 -1.6645231963643252 4.849523196364325 0.3932384018178374 -9.945994073092217 6.863761598182163 1.8601583128195422 0.203225837909487 0.2009 0.3900788013633781 0.21236159818216263
0.4 8.039644 3532.5414329072014 -1.6666242987216038 4.852165731628805 0.3919171341855975 -9.95112317667617 6.865624298721603 1.8652148900947296 0.2046911523958428 0.2009 0.3891419939299182 0.21368286581440257
0.4 8.053988 3533.0 -1.6713344022804204 4.85733440228042 0.3901663994298949 -9.961285444503831 6.869500801710315 1.875035364332799 0.20753392125423129 0.20098336005701053 0.3872495991448423 0.21626720114021025
0.4 8.061181 3533.4745143468185 -1.6738980573872746 4.859898057387275 0.3890509713063627 -9.966396114774549 6.870949028693637 1.8796690518624126 0.20899138299768294 0.201 0.386288228479772 0.21754902869363732
0.4 8.075616 3534.770716735873 -1.6783121502076188 4.865082866943491 0.38645856652825417 -9.976919877234158 6.8743121502076185 1.8885638021303484 0.2118955768189204 0.20115414334717457 0.3843439248961906 0.22021850514533312
0.4 8.082861 3535.430230431602 -1.6807209217264079 4.8677209217264075 0.38513953913679605 -9.980606967812728 6.876290691294806 1.8927674286759322 0.21338952999268454 0.2012430230431602 0.3833546543525971 0.22156046086320394
0.4 8.090124 3536.0 -1.683286879169755 4.870286879169755 0.3839043736100817 -9.983803261675314 6.878191252779836 1.8968450704225346 0.21491037805782034 0.2013286879169755 0.3823565604151225 0.22290081541882853
0.4 8.104706 3536.452684941795 -1.687358054825385 4.87481073976718 0.38209463011640993 -9.993346545249718 6.88090536988359 1.9043539616973342 0.21789590687194907 0.2017358054825385 0.38032097258730746 0.22575063837776954
0.4 8.112025 3537.1417420276057 -1.6894252260828175 4.877425226082817 0.38085825797239414 -9.996437058543549 6.882425226082817 1.907880361732508 0.2191 0.20177243217515475 0.37948582579723944 0.2268858257972394
0.4 8.119365 3537.840456925274 -1.691521370775821 4.879521370775821 0.3801595430747263 -10.000070376011422 6.884521370775821 1.9112341932413137 0.2191 0.2011435887672537 0.37941595430747266 0.22681595430747262
0.4 8.134104 3538.2639459776865 -1.6947918379330598 4.883791837933059 0.3784721080446269 -10.00638775689959 6.887527891955373 1.9173293893129775 0.22198068115091044 0.20150557839107464 0.37750408103347016 0.22948068115091041
0.4 8.141506 3538.9883538853005 -1.6969650616559016 4.885965061655901 0.37702329222939907 -10.009647592483853 6.888976707770601 1.9201545801526718 0.22357437854766105 0.20179534155412018 0.3764174691720493 0.23107437854766105
0.4 8.156373 3539.0 -1.7007914511067763 4.8891871766601644 0.3756042744466118 -10.016905376982445 6.891791451106776 1.9251246119921974 0.2245101687727928 0.2012978627766941 0.37570641166991775 0.231970596217454
0.4 8.163838 3539.0247380675205 -1.7020989522700813 4.891098952270081 0.37497526193247965 -10.022074592549476 6.893074214202561 1.9273890570430732 0.2259 0.20157773573923168 0.3748 0.2333
0.4 8.171329 3539.569775902212 -1.7042791036088474 4.893279103608847 0.37443022409778814 -10.028124512514552 6.894709327706636 1.9293511932479628 0.2259 0.2010872016880093 0.3748 0.2333
0.4 8.186386 3540.0 -1.7077214935676186 4.896721493567618 0.37285233762158765 -10.040818870411044 6.8977214935676185 1.9327936429243804 0.2271624286162536 0.20092953247568246 0.37393925321619076 0.23461981173517424
0.4 8.193951 3540.0 -1.709168407310705 4.898168407310704 0.3719578981723238 -10.047365208877284 6.899126305483029 1.9343136749347258 0.2281 0.201066318537859 0.3733 0.23560421018276761
0.4 8.201545 3540.0 -1.7108207136640556 4.899820713664055 0.3715448215839861 -10.05389181897302 6.900365535248041 1.9354289817232375 0.2281 0.2007358572671889 0.3733 0.2356455178416014
0.4 8.209166 3540.0 -1.7124788946910356 4.901478894691036 0.3711302763272411 -10.06044163402959 6.9016091710182765 1.9365482539164491 0.2281 0.20040422106179287 0.3733 0.2356869723672759
0.4 8.224492 3540.0 -1.7147539504916922 4.904630925737538 0.36924604950830786 -10.071357449983045 6.9037539504916925 1.9381277653441844 0.23002934554086138 0.20082618514750764 0.3720722346558155 0.2378924381146152
0.4 8.2322 3540.0 -1.7164838872104735 4.905989258140316 0.36850537092984215 -10.074677442094663 6.904989258140316 1.9386462403491105 0.2303 0.20070214837193687 0.3719494629070158 0.2382494629070158
0.4 8.23994 3539.8226489109115 -1.7181773510890885 4.907177351089088 0.368 -10.076427562712915 6.906177351089088 1.9390532053267266 0.2303 0.20044679467327345 0.372 0.2383354702178177
0.4 8.255523 3539.0 -1.7207837647885675 4.909783764788568 0.3671081176057163 -10.070597340986295 6.907891882394284 1.9393 0.2303 0.1999324352817149 0.3720891882394284 0.23858918823942837
0.4 8.263369 3539.0 -1.7218231866825209 4.910823186682521 0.367 -10.067136527942925 6.908823186682521 1.9392176813317479 0.2303 0.1997353626634958 0.3721 0.2387646373365042
0.4 8.271256 3539.0 -1.7227722939543864 4.911772293954386 0.3662277060456136 -10.06418311813684 6.909772293954386 1.9390455412091228 0.2303 0.19962277060456135 0.3721772293954386 0.23887722939543865
0.4 8.279185 3538.2598309445057 -1.7237401690554943 4.912740169055494 0.366 -10.062019661889012 6.910740169055494 1.9387039323778024 0.2303 0.19945196618890115 0.37227401690554945 0.23904803381109885
0.4 8.295178 3538.0 -1.7257352087801185 4.914735208780119 0.36526479121988137 -10.058897186829823 6.911735208780119 1.937585353853917 0.2303 0.19922647912198813 0.3724735208780119 0.23944704175602372
0.4 8.30325 3537.2350153688526 -1.7267649846311477 4.915 0.365 -10.05398659067623 6.912 1.9368645107581968 0.2286170338114753 0.1982820184426229 0.3736474769467214 0.23781703381147531
0.4 8.311377 3537.0 -1.727817673814165 4.915817673814165 0.365 -10.0526 6.912817673814165 1.936045860948668 0.2281 0.198 0.3740817673814165 0.237463534762833
0.4 8.319562 3536.105277044855 -1.728894722955145 4.916894722955145 0.36410527704485507 -10.0526 6.913 1.9350947493403696 0.2281 0.1979105277044855 0.37418947229551447 0.23767894459102898
0.4 8.336125 3535.870949951744 -1.7301290500482558 4.918 0.364 -10.052028884599478 6.914 1.9330838549565699 0.22781608989383723 0.19775804494691862 0.3746064800772093 0.23782899489866283
0.4 8.344514 3535.0 -1.7312899524209349 4.918 0.364 -10.04520593338931 6.914289952420934 1.9319810523369716 0.2259 0.1968 0.3760289952420935 0.23605799048418694
0.4 8.352981 3534.5183134582626 -1.732 4.918481686541737 0.3635183134582624 -10.046681686541739 6.915 1.9306701448040886 0.2259 0.19684816865417376 0.3761481686541737 0.2362963373083475
0.4 8.361531 3534.0 -1.732 4.919 0.363 -10.04790590778098 6.915 1.9293235014409222 0.2259 0.1969 0.376270590778098 0.23647059077809798
0.4 8.370171 3534.0 -1.732964907150168 4.919 0.363 -10.038936891358388 6.915 1.9279386021348153 0.22368071355461375 0.19583860213481527 0.37774736072525195 0.23447369498464735
0.4 8.387747 3532.717858287913 -1.734 4.919 0.363 -10.046240718178904 6.915 1.9250767874318693 0.22297928823340823 0.19568964411670411 0.37845142673933946 0.23410750240461695
0.4 8.396696 3532.0 -1.734 4.919 0.363 -10.04658796498906 6.915 1.9236336980306343 0.2214 0.1949407002188184 0.3796203501094092 0.2326610503282276
0.4 8.405768 3531.9737622989223 -1.734 4.919 0.363 -10.0575 6.915 1.9221501483679524 0.22133965328752137 0.19507376229892232 0.3797419803217243 0.23284490082773687
0.4 8.41497 3531.255192878338 -1.734 4.919 0.363 -10.0575 6.915 1.9207848664688427 0.21968694362017804 0.19435519287833827 0.3808916913946587 0.23133590504451038
0.4 8.424315 3530.591791495936 -1.734408208504064 4.919 0.363 -10.064725290521931 6.915 1.9194019412910592 0.2191 0.19418164170081278 0.3813408208504064 0.23092246255121918
0.4 8.433811 3530.0 -1.735 4.919 0.363 -10.0752 6.915 1.9179963806425375 0.21901232208214721 0.1942641317608784 0.3814637657584384 0.23101630744204962
0.4 8.443476 3530.0 -1.735 4.919 0.363 -10.0752 6.915 1.9165364956718758 0.21777703479927962 0.19375878696334164 0.38236215650961486 0.22983716958113054
0.4 8.45332 3529.849355897954 -1.734849355897954 4.918849355897954 0.36315064410204595 -10.078137559989896 6.914849355897954 1.9150480676938622 0.2169 0.19344519323061377 0.3830150644102046 0.22904519323061379
0.4 8.463358 3529.3422581459963 -1.7343422581459966 4.918342258145996 0.36365774185400346 -10.088025966153069 6.914342258145997 1.9135267744379896 0.2169 0.19359732255620105 0.38306577418540033 0.22919732255620104
0.4 8.473605 3528.846507515473 -1.734 4.918 0.364 -10.09430091954023 6.914 1.9119934748010612 0.21656231653404082 0.1935772060123785 0.38334558797524304 0.22899301503094618
0.4 8.484082 3528.383333333333 -1.734 4.918 0.364 -10.093096666666666 6.914 1.910465 0.2155433333333333 0.19320666666666667 0.3840866666666667 0.22806666666666664
0.4 8.49481 3528.0 -1.7339198893951786 4.917919889395178 0.364 -10.091755524399268 6.913919889395179 1.9089436460645715 0.2145157456089108 0.19284392257662503 0.38482016590723206 0.2271397787903572
0.4 8.505806 3528.0 -1.733491646220353 4.917491646220353 0.364 -10.089914078747517 6.913491646220353 1.9075732679051292 0.2135307863068116 0.19254415235424702 0.38546253066947067 0.22628329244070575
0.4 8.517106 3528.0 -1.7330515636561905 4.91705156365619 0.364 -10.088021723721619 6.9130515636561904 1.9061650036998092 0.21251859640923787 0.19223609455933327 0.3861226545157144 0.22540312731238077
0.4 8.52873 3527.643992810729 -1.733 4.916643992810728 0.36435600718927136 -10.095169348817917 6.913 1.9046471726807688 0.2124 0.19234240287570856 0.38627120143785426 0.22537120143785427
0.4 8.540717 3527.229676482787 -1.733 4.9162296764827875 0.3647703235172128 -10.103745696806305 6.913 1.9030727706345911 0.2124 0.1925081294068851 0.3863540647034426 0.22545406470344256
0.4 8.553118 3526.8220875962043 -1.7328220875962044 4.915644175192409 0.365 -10.10643621611597 6.912822087596204 1.9014705591444379 0.21200859271164962 0.19247546131734306 0.38666686860569344 0.22514417519240876
0.4 8.565988 3526.4242883194756 -1.7324242883194758 4.914848576638952 0.365 -10.101821744505918 6.9124242883194755 1.8998395821098506 0.21113343430284667 0.19219700182363303 0.3872635675207864 0.22434857663895152
0.4 8.579052 3526.0204926900133 -1.7320204926900133 4.914040985380026 0.365 -10.097137715204154 6.912020492690013 1.8981840200290543 0.2102450839180292 0.1919143448830093 0.3878692609649801 0.22354098538002654
0.4 8.591956 3526.0 -1.731648146018971 4.9136481460189705 0.36535185398102904 -10.091657375682667 6.912 1.8966573986777808 0.20939073584363324 0.19168888761138259 0.38842778097154357 0.22279629203794196
0.4 8.604698 3526.0 -1.7312818913480885 4.913281891348088 0.3657181086519115 -10.08620018108652 6.912 1.8951557545271627 0.20854835010060355 0.19146913480885308 0.3889771629778673 0.222063782696177
0.4 8.617271 3525.9141207153502 -1.7309141207153502 4.91291412071535 0.366 -10.080454172876305 6.91191412071535 1.8936307190760058 0.20771106557377042 0.19123988450074514 0.38952023099850974 0.22132824143070037
0.4 8.629671 3525.529123199205 -1.7305291231992053 4.912529123199206 0.366 -10.073524217585692 6.911529123199205 1.8919752297565822 0.20686407103825133 0.1909703862394436 0.3900592275211128 0.22055824639841032
0.4 8.641893 3525.149652260308 -1.730149652260308 4.912149652260308 0.366 -10.066693740685544 6.911149652260308 1.8903435047193244 0.2060292349726776 0.1907047565822156 0.3905904868355688 0.21979930452061602
0.4 8.653935 3524.7591382070436 -1.7297591382070439 4.911759138207044 0.36624086179295623 -10.06845594316969 6.911 1.888736552828175 0.2057 0.1906963447171825 0.39084817235859126 0.21954817235859125
0.4 8.665794 3524.3636272678764 -1.7293636272678763 4.911363627267876 0.3666363727321238 -10.07577289554429 6.911 1.8871545090715047 0.2057 0.19085454909284952 0.3909272745464248 0.21962727454642475
0.4 8.677466 3524.0 -1.7289725817377974 4.910945163475594 0.367 -10.08180083431383 6.910972581737797 1.8856067779085106 0.20563967982315398 0.1909808072164581 0.3910383855670838 0.21964516347559454
0.4 8.688953 3524.0 -1.7285630192177417 4.910126038435483 0.367 -10.071356990052413 6.910563019217742 1.8842142653403218 0.20473864227903166 0.19069411345241918 0.39161177309516165 0.21882603843548334
0.4 8.700252 3524.0 -1.7281601597318785 4.909320319463757 0.367 -10.061084073162904 6.910160159731879 1.8828445430883873 0.20385235141013291 0.19041211181231502 0.39217577637537 0.21802031946375722
0.4 8.711363 3523.7487568798633 -1.7277487568798633 4.908748756879863 0.36725124312013663 -10.05014106282027 6.91 1.8814960220155628 0.20292214082368568 0.19012412981590432 0.3927517403681913 0.21714726513569935
0.4 8.722287 3523.334105143291 -1.727334105143291 4.908334105143291 0.36766589485670903 -10.038821070411844 6.91 1.8801691364585311 0.20196844182956925 0.18983387360030368 0.39333225279939266 0.21623503131524013
0.4 8.733023 3523.0 -1.726922135437636 4.907922135437636 0.368 -10.031179426684917 6.909922135437636 1.8788741927691441 0.2012 0.18962335936870922 0.3938077864562364 0.2155155729124728
0.4 8.743576 3523.0 -1.7264972622594412 4.907497262259441 0.368 -10.039252017070616 6.909497262259441 1.8776420605523796 0.2012 0.18975082132216764 0.39385027377405585 0.21560054754811175
0.4 8.753944 3523.0 -1.726079837346002 4.907079837346002 0.368 -10.04718309042596 6.909079837346002 1.876431528303406 0.2012 0.1898760487961994 0.39389201626539977 0.2156840325307996
0.4 8.764131 3522.6508044607135 -1.726 4.906650804460713 0.3683491955392867 -10.036792432110325 6.909 1.8752920915978546 0.2004317698135693 0.18962064356857067 0.3943888737550013 0.214966689367498
0.4 8.774138 3522.2248659232146 -1.726 4.906224865923214 0.36877513407678564 -10.022267927981611 6.909 1.8741846514003573 0.19949470503107164 0.18927989273857151 0.39498518770749985 0.2140722184387502
0.4 8.785851 3522.0 -1.725711503948313 4.906 0.369 -10.020167973797559 6.908711503948313 1.87293645908112 0.199 0.1891576992103374 0.3953288496051687 0.2136288496051687
0.4 8.7995 3522.0 -1.7250991116295766 4.906 0.369 -10.031987145549174 6.908099111629577 1.8715279567480259 0.199 0.1892801776740847 0.39539008883704235 0.21369008883704235
0.4 8.815334 3522.0 -1.724357281003821 4.905357281003821 0.369 -10.04527612623237 6.908 1.869821746308788 0.199 0.1894928156988537 0.3954642718996179 0.21382854379923583
0.4 8.833602 3522.0 -1.724 4.904470934547073 0.36952906545292635 -10.027315895710679 6.908 1.8678889625488546 0.19783605600356197 0.18912384109236627 0.3961877850888043 0.21273605600356196
0.4 8.853335 3521.4711608159882 -1.7234711608159885 4.903471160815988 0.37 -10.015695060577817 6.907471160815988 1.8660009733871803 0.1968 0.18880576783680234 0.3968 0.21175288391840116
0.4 8.872209 3521.0 -1.723 4.903 0.37 -10.033744459466767 6.907 1.8643014114974852 0.1968 0.18900571629441348 0.3968528581472067 0.21185285814720675
0.4 8.890297 3521.0 -1.7224716396030673 4.902471639603067 0.37 -10.050406602390618 6.907 1.8627602954442941 0.1968 0.18920567207938654 0.3969 0.2119
0.4 8.907662 3521.0 -1.722 4.902 0.37052816901408453 -10.007612676056334 6.907 1.8613605633802817 0.19505704225352102 0.1885077464788732 0.3978507042253521 0.21020985915492948
0.4 8.924359 3521.0 -1.7214720375678476 4.9014720375678476 0.371 -9.973370433615907 6.906472037567847 1.8600664450814173 0.1935 0.18790559248643046 0.39875279624321525 0.2087
0.4 8.940438 3520.472215189873 -1.721 4.901 0.371 -9.993608474683546 6.906 1.8589194367088606 0.1935 0.18805277848101265 0.3988 0.20875277848101267
0.4 8.955943 3520.0 -1.7204723515906855 4.900472351590685 0.371 -10.012281082322072 6.906 1.8578723515906854 0.1935 0.1882055296818629 0.3988 0.20885276484093146
0.4 8.970913 3520.0 -1.72 4.9 0.371 -10.028517979359044 6.906 1.8568725013579577 0.1935 0.18835274986420425 0.3988527498642042 0.2089
0.4 8.985385 3520.0 -1.72 4.899472623894426 0.37152737610557357 -10.04329421592026 6.906 1.855978099115541 0.1935 0.18845273761055736 0.3989 0.2089
0.4 8.999389 3520.0 -1.719472772097745 4.899 0.372 -9.985778195924874 6.9054727720977445 1.855178217678196 0.19181287071278358 0.18770915814661732 0.3998490102240592 0.20721287071278358
0.4 9.012955 3520.0 -1.719 4.899 0.372 -9.940063811803425 6.905 1.8543783678659587 0.1903 0.18705270401675517 0.4007 0.2057
0.4 9.026112 3520.0 -1.719 4.898473091750192 0.372 -9.959125150346955 6.905 1.8536311642251349 0.1903 0.1871 0.4007 0.2057
0.4 9.038882 3520.0 -1.719 4.898 0.372 -9.977452092432303 6.905 1.852983919637894 0.1903 0.187152680060351 0.4007 0.2057
0.4 9.051288 3520.0 -1.7184730690641603 4.898 0.372 -9.994840498569676 6.905 1.852383841438496 0.1903 0.18725269309358397 0.4007 0.205752693093584
0.4 9.063348 3520.0 -1.718 4.897473074014954 0.372 -10.009182348987649 6.905 1.8517838444089725 0.1903 0.18735269259850457 0.4007 0.2058
0.4 9.07508 3519.473416191956 -1.718 4.897 0.37252658380804415 -10.022903564646986 6.905 1.851236708095978 0.1903 0.1874526583808044 0.4007526583808044 0.2058
0.4 9.086506 3519.0 -1.718 4.897 0.373 -10.03541212228622 6.905 1.8507367744793974 0.1903 0.1875 0.4008 0.2058
0.4 9.097639 3519.0 -1.718 4.897 0.373 -10.046578998090734 6.9044736794254025 1.850289471770161 0.1903 0.18755263205745976 0.4008 0.20585263205745977
0.4 9.108494 3519.0 -1.7174735615033108 4.897 0.373 -10.05654852186888 6.904 1.8498367807516554 0.1903 0.1876 0.4008 0.2059
0.4 9.119084 3519.0 -1.717 4.896473493170312 0.373 -10.065264705320471 6.904 1.8493893972681248 0.1903 0.18765265068296877 0.4008 0.2059
0.4 9.129419 3519.0 -1.717 4.896 0.373 -10.073151125024458 6.904 1.8489895519467814 0.1903 0.18775261201330465 0.4008 0.2059
0.4 9.139517 3519.0 -1.717 4.896 0.373 -10.080324762190848 6.904 1.8486421748272754 0.1903 0.1878 0.4008 0.2059
0.4 9.149385 3519.0 -1.717 4.896 0.373 -10.086603195739015 6.904 1.8482896138482023 0.1903 0.18785259653794942 0.4008 0.2059
0.4 9.159035 3519.0 -1.7164738606600316 4.896 0.373 -10.09192546883185 6.904 1.8480473860660032 0.1903 0.1879 0.4008 0.2059
0.4 9.168474 3519.0 -1.716 4.895473830675372 0.373 -10.096778229690678 6.904 1.8479473830675373 0.1903 0.1879 0.4008 0.2059
0.4 9.17771 3519.0 -1.716 4.895 0.373 -10.101098272279934 6.904 1.8478474138873702 0.1903 0.1879 0.4008 0.2059
0.4 9.186756 3519.0 -1.716 4.895 0.373 -9.99243215003346 6.904 1.8476948425987942 0.18856490288010672 0.18705874079035478 0.40169383791024804 0.20416490288010672
0.4 9.195617 3519.0 -1.716 4.895 0.373 -9.903733272561531 6.904 1.847547436189608 0.187 0.18635256381039197 0.4025 0.2026
0.4 9.204302 3519.0 -1.716 4.895 0.3735256916996047 -9.923167588932806 6.904 1.8474474308300395 0.187 0.1864 0.4025 0.2026
0.4 9.212816 3519.0 -1.716 4.895 0.374 -9.94179003913198 6.904 1.8472948416933475 0.187 0.1864 0.4025 0.2026
0.4 9.221166 3519.0 -1.716 4.895 0.374 -9.959108653613729 6.904 1.8471474135847232 0.187 0.1864 0.4025 0.2026
0.4 9.229357 3519.0 -1.7154743842364533 4.895 0.374 -9.97301251231527 6.904 1.8469948768472906 0.187 0.18645256157635468 0.4025 0.2026
0.4 9.237398 3519.0 -1.715 4.894474469953582 0.374 -9.98542167858487 6.904 1.8468474469953582 0.187 0.1865 0.4025 0.2026
0.4 9.245293 3519.0 -1.715 4.894 0.374 -9.99844154848601 6.904 1.8466949022614028 0.187 0.1865 0.4025 0.2026
0.4 9.253047 3519.0 -1.715 4.894 0.374 -10.00995051385456 6.904 1.846547443736178 0.187 0.18655255626382203 0.4025 0.2026
0.4 9.260665 3519.0 -1.715 4.894 0.374 -10.01938307081403 6.904 1.8464474387822634 0.187 0.1866 0.4025 0.2026
0.4 9.26815 3519.0 -1.715 4.894 0.374 -10.02779802020202 6.904 1.8464 0.187 0.1866 0.4025 0.2026
0.4 9.275509 3519.0 -1.715 4.894 0.374 -10.03522942062731 6.903474729489111 1.846452527051089 0.187 0.1866 0.4025 0.2026
0.4 9.282747 3519.0 -1.715 4.894 0.374 -10.041594484679665 6.903 1.8465 0.187 0.1866 0.4025 0.2026
0.4 9.289865 3519.0 -1.715 4.894 0.374 -10.047084338714246 6.903 1.8465525346927216 0.187 0.1866 0.4025 0.2025474653072784
0.4 9.296869 3519.0 -1.7144745323741009 4.894 0.374 -10.051912057553956 6.903 1.8465474532374102 0.187 0.1866 0.4025 0.2025
0.4 9.30376 3519.0 -1.714 4.894 0.374 -10.05610086244701 6.903 1.8465 0.187 0.18665252156117526 0.4025 0.2025
0.4 9.310545 3519.0 -1.714 4.893474832962138 0.374 -10.059838084632517 6.903 1.8465 0.187 0.1867 0.4025 0.2025
0.4 9.317225 3519.0 -1.714 4.893 0.374 -10.063075090470447 6.903 1.8464474969843185 0.187 0.1867 0.4025 0.2025
0.4 9.323805 3519.0 -1.714 4.893 0.374 -10.065550535987748 6.903 1.8464 0.187 0.1867 0.4025 0.2025
0.4 9.330286 3519.0 -1.714 4.893 0.374 -10.067866060606061 6.903 1.8463474592074594 0.187 0.1867 0.4025 0.2025
0.4 9.33667 3519.0 -1.714 4.893 0.374 -10.069887606433303 6.903 1.8463525070955535 0.187 0.1867 0.4025 0.2025
0.4 9.342963 3519.0 -1.714 4.893 0.374 -10.07138744 6.903 1.846504992 0.187 0.1867 0.4025 0.2025
0.4 9.349167 3519.0 -1.714 4.893 0.374 -10.072624991885752 6.903 1.846652499188575 0.187 0.1867 0.4025 0.20244750081142487
0.4 9.355283 3519.0 -1.714 4.893 0.374 -10.073677432098766 6.903 1.8467524938271604 0.187 0.1867 0.4024475061728395 0.2024
0.4 9.361314 3519.0 -1.714 4.893 0.374 -10.074462520868114 6.903 1.8468 0.187 0.18675250417362269 0.4024 0.2024
0.4 9.367263 3519.0 -1.7134747884940782 4.893 0.37452521150592194 -10.074962605752962 6.903 1.8468 0.187 0.1868 0.4024 0.2024
0.4 9.373129 3519.0 -1.713 4.893 0.375 -10.07546243567753 6.903 1.8468 0.187 0.1868 0.4024 0.2024
0.4 9.378919 3519.0 -1.713 4.893 0.375 -10.0757 6.903 1.8468 0.187 0.1868 0.4024 0.2024
0.4 9.384633 3519.0 -1.713 4.892475167312434 0.375 -10.0757 6.903 1.8467475167312435 0.187 0.1868 0.4024 0.2024
0.4 9.390273 3519.0 -1.713 4.892 0.375 -10.075962537926111 6.903 1.8467 0.187 0.1868 0.4024 0.2024
0.4 9.39584 3519.0 -1.713 4.892 0.375 -10.0762 6.903 1.8467525117455728 0.187 0.1868 0.4024 0.2024
0.4 9.401335 3519.5247071742315 -1.713 4.892 0.375 -10.075937646412884 6.903 1.8469049414348462 0.187 0.1868 0.4024 0.2024
0.4 9.406763 3520.0 -1.713 4.892 0.375 -10.0757 6.903 1.8471049295774646 0.187 0.1868 0.4024 0.2023475352112676
0.4 9.412124 3520.0 -1.713 4.892 0.375 -10.075437711069418 6.903 1.8472524577861162 0.187 0.18685245778611634 0.4024 0.2023
0.4 9.41742 3520.0 -1.713 4.892 0.375 -10.074937602128065 6.903 1.8473 0.187 0.1869 0.4024 0.2023
0.4 9.422652 3520.0 -1.713 4.892 0.375 -10.0747 6.902475009611687 1.8473 0.187 0.1869 0.4024 0.2023
0.4 9.42782 3520.0 -1.7124753938922386 4.892 0.375 -10.074437696946118 6.902 1.8473 0.187 0.1869 0.4024 0.2023
0.4 9.432929 3520.0 -1.712 4.892 0.375 -10.073937696850393 6.902 1.8473 0.187 0.1869 0.4024 0.2023
0.4 9.437979 3520.0 -1.712 4.892 0.375 -10.073385185185186 6.902 1.8472475308641976 0.187 0.1869 0.4024 0.2023
0.4 9.44297 3520.0 -1.712 4.891475317348378 0.375 -10.072837658674189 6.902 1.8472 0.187 0.18695246826516224 0.4024 0.2023
0.4 9.447905 3520.0 -1.712 4.891 0.375 -10.072337571312143 6.902 1.8472524857375712 0.187 0.187 0.4024 0.2023
0.4 9.452783 3520.0 -1.712 4.891 0.375 -10.071837688028024 6.902 1.8474049247887905 0.187 0.187 0.40234753760560477 0.20224753760560477
0.4 9.46238 3520.0 -1.712 4.891 0.375 -10.070837729092059 6.902 1.8477524541815884 0.187 0.187 0.4023 0.2022
0.4 9.47177 3520.0 -1.712 4.891 0.375 -10.069575236864772 6.902 1.8478 0.187 0.187 0.4023 0.2022
0.4 9.480959 3520.0 -1.711 4.891 0.375 -10.068237796833772 6.902 1.8478 0.187 0.187 0.4023 0.2022
0.4 9.48996 3520.0 -1.711 4.891 0.375 -10.06723771043771 6.902 1.8480049158249159 0.187 0.187 0.4023 0.2021
0.4 9.503119 3520.0 -1.711 4.890475474317445 0.375 -10.065237737158723 6.902 1.8483524525682555 0.187 0.1871 0.4023 0.2021
0.4 9.511676 3520.0 -1.711 4.89 0.3755243039169418 -10.063737848041528 6.902 1.8483475696083058 0.187 0.1871 0.4023 0.2021
0.4 9.520068 3520.0 -1.711 4.89 0.376 -10.062737671397644 6.902 1.8482475342795286 0.187 0.1871 0.4023 0.2021
0.4 9.532358 3520.0 -1.71 4.89 0.376 -10.060737812422667 6.901 1.8481524375154665 0.187 0.1872 0.4023 0.2021
0.4 9.540363 3520.0 -1.71 4.89 0.376 -10.059737711116712 6.901 1.8484524577766575 0.187 0.1872 0.4022 0.202
0.4 9.5521 3520.0 -1.71 4.889475524475524 0.376 -10.057737762237762 6.901 1.8488524475524475 0.187 0.1872 0.4022 0.202
0.4 9.559752 3520.0 -1.71 4.889 0.376 -10.056475487612019 6.901 1.849104902477596 0.187 0.1872 0.4022 0.2019475487612019
0.4 9.570983 3520.0 -1.7094757911820393 4.889 0.376 -10.054475791182039 6.901 1.849452420881796 0.187 0.1873 0.4022 0.2019
0.4 9.581931 3520.0 -1.709 4.889 0.376 -10.052575582685904 6.901 1.8495524417314095 0.187 0.1873 0.4022 0.2019
0.4 9.589079 3520.0 -1.709 4.889 0.376 -10.051337873660463 6.900475747320925 1.8497 0.187 0.1873 0.4022 0.2019
0.4 9.599586 3520.0 -1.709 4.888157271163768 0.376 -10.049414542327536 6.9 1.8498685457672464 0.187 0.18738427288362317 0.4022 0.2019
0.4 9.609844 3520.0 -1.708157338551859 4.888 0.376 -10.047498943248533 6.9 1.8499842661448143 0.187 0.1874 0.4022 0.20181573385518592
0.4 9.619865 3520.0 -1.708 4.888 0.3768425638457687 -10.046020410615924 6.9 1.85 0.187 0.1874842563845769 0.4021157436154231 0.2018
0.4 9.629661 3520.0 -1.708 4.888 0.377 -10.04411475409836 6.9 1.85 0.187 0.1875 0.4021 0.2018
0.4 9.63924 3520.0 -1.708 4.887157536398869 0.377 -10.042620550958416 6.899157536398869 1.8501684927202262 0.187 0.1875 0.4021 0.2018
0.4 9.651694 3521.0 -1.707 4.887 0.377 -10.040165500273373 6.899 1.8503352104975397 0.187 0.1876 0.4021 0.20178239475123017
0.4 9.660804 3521.0 -1.707 4.887 0.377 -10.038348508278007 6.899 1.8505264728128414 0.187 0.18761323640642072 0.4021 0.2017
0.4 9.669727 3521.0 -1.707 4.887 0.377 -10.03692370787461 6.899 1.8506764518026726 0.187 0.18768822590133624 0.4021 0.2017
0.4 9.681347 3521.0 -1.7068676470588235 4.886867647058823 0.377 -10.034495588235295 6.899 1.8508264705882354 0.187 0.1877 0.4021 0.2017
0.4 9.689862 3521.0 -1.706117823177175 4.886117823177175 0.377 -10.032770993307503 6.899 1.850976435364565 0.187 0.1877 0.4021 0.2017
0.4 9.700961 3521.0 -1.706 4.886 0.377 -10.030296030576533 6.899 1.8511264321237797 0.187 0.1878 0.40208678393811015 0.2016
0.4 9.709105 3521.0 -1.706 4.886 0.377 -10.028570924663843 6.899 1.851276441333579 0.187 0.1878 0.4020117793332106 0.2016
0.4 9.719729 3521.0 -1.706 4.886 0.3778821030772134 -10.0258301113838 6.899 1.8514764206154426 0.187 0.1878 0.402 0.2016
0.4 9.7301 3521.0 -1.705117965577258 4.885117965577257 0.378 -10.023471320827692 6.899 1.8517646103268226 0.187 0.1878 0.402 0.2015117965577258
0.4 9.740228 3521.0 -1.705 4.885 0.378 -10.020818653465346 6.89811801980198 1.851976396039604 0.187 0.187888198019802 0.402 0.2015
0.4 9.750127 3521.0 -1.705 4.885 0.378 -10.018471218721508 6.898 1.8522646236450209 0.187 0.1879 0.4019117921183264 0.2015
0.4 9.759805 3521.0 -1.705 4.885 0.378 -10.015818338168254 6.898 1.8524764193949441 0.187 0.1879 0.4019 0.20141179030252795
0.4 9.769271 3521.0 -1.705 4.885 0.378 -10.013118807582336 6.898 1.852764576935296 0.187 0.1879 0.4019 0.2014
0.4 9.780821 3521.0 -1.704 4.884 0.378 -10.009771890789823 6.898 1.8531317525042106 0.187 0.18791058416807022 0.4019 0.2013894158319298
0.4 9.789845 3521.0 -1.704 4.884 0.378 -10.007292110628491 6.898 1.8533717312295008 0.187 0.1879905770765003 0.4019 0.2013094229234997
0.4 9.800868 3521.0 -1.704 4.884 0.378 -10.00407182223047 6.898 1.853742345518649 0.187 0.188 0.4018 0.20128941362033775
0.4 9.809489 3521.0 -1.704 4.884 0.378 -10.00159222490258 6.898 1.8540622935609576 0.187 0.188 0.4018 0.20120942660976063
0.4 9.82003 3521.9057626473946 -1.7030942373526057 4.884 0.378 -10.000122508558388 6.898 1.8543717287942183 0.187 0.188 0.4018 0.2012
0.4 9.830321 3522.0 -1.703 4.883 0.379 -9.995245549270615 6.898 1.8547422744864543 0.187 0.18801056862161356 0.4017894313783864 0.2011
0.4 9.840374 3522.0 -1.703 4.883 0.379 -9.990956076759062 6.898 1.8551317088029242 0.187 0.1881 0.4017 0.2011
0.4 9.850199 3522.0 -1.7029117953165656 4.883 0.379 -9.986829540329575 6.898 1.8554441023417172 0.187 0.1881 0.4017 0.20109117953165656
0.4 9.859808 3522.0 -1.702078404163053 4.883 0.379 -9.983329297484822 6.898 1.8558607979184736 0.187 0.1881 0.4017 0.20100784041630532
0.4 9.869208 3522.0 -1.702 4.883 0.379 -9.983 6.898 1.8562622255382648 0.187 0.1881 0.4017 0.2009094436154338
0.4 9.880226 3522.0 -1.7019117756315008 4.882 0.379 -9.978438280089152 6.898 1.8567352897473997 0.187 0.1881 0.4016 0.2008911775631501
0.4 9.889199 3522.0 -1.7010784732540862 4.882 0.379 -9.975021740341754 6.898 1.8570686106983656 0.187 0.1881 0.4016 0.20080784732540863
0.4 9.899727 3522.0 -1.701 4.882 0.379 -9.970921897601826 6.898 1.8575607441948991 0.187 0.18819214883897983 0.4016 0.2008
0.4 9.910006 3522.0 -1.701 4.8819118465513816 0.379 -9.966247386205525 6.898 1.8580440767243094 0.187 0.1882 0.4015 0.2007
0.4 9.920047 3522.088061826317 -1.7009119381736832 4.881 0.379 -9.962247752694733 6.898 1.8585440309131585 0.187 0.1882 0.4015 0.2006911938173683
0.4 9.929862 3523.0 -1.7 4.881 0.37907563850687626 -9.958902554027505 6.898 1.859037819253438 0.18724960707269162 0.18832858546168962 0.4013714145383104 0.20084960707269162
0.4 9.939459 3523.0 -1.7 4.881 0.3799326665475977 -9.962330666190391 6.898 1.8594663332737988 0.19007779960707252 0.18978553313091617 0.39991446686908383 0.20367779960707252
0.4 9.950395 3523.0 -1.7 4.881 0.38 -9.9666 6.898 1.8600453677709154 0.1903 0.1899 0.3997 0.20379243870484745
0.4 9.959554 3523.0 -1.7 4.881 0.38 -9.9666 6.898 1.8605596294216733 0.1903 0.1899 0.3997 0.20370672842972112
0.4 9.970001 3523.0 -1.699 4.88 0.38 -9.966297817790391 6.898 1.8611453273314413 0.1903 0.1899 0.3996924454447598 0.20369244544475976
0.4 9.980203 3523.0 -1.699 4.88 0.38 -9.962297516025641 6.898 1.8617453725961537 0.1903 0.189907562099359 0.3996 0.2036
0.4 9.99017 3523.0 -1.6989243929925213 4.88 0.38 -9.958305132670834 6.898 1.8623453642044874 0.1903 0.19 0.3996 0.20359243929925214
nan nan nan nan nan nan nan nan nan nan nan nan nan
