M_Ms log_t_yr Teff L_Ls g R_Rs Log_Li_Li0 logTc logROc Mrad Rrad k2conv k2rad
0.8 5.703957 4220.7087089324295 0.348087089324294 3.4476216196081353 2.7959699769053117 0.0 6.351165164270282 -0.5012927959472545 0.0 0.0 0.4474291291067571 0.0
0.8 5.738317 4217.315236686391 0.32257618343195227 3.472423816568048 2.718728550295857 0.0 6.363369526627219 -0.4655066568047332 0.0 0.0 0.4477 0.0
0.8 5.769327 4214.746400235087 0.2997320011754337 3.4942679988245664 2.650822803408758 0.0 6.3735071995298265 -0.4334248016456072 0.0 0.0 0.4479626799882457 0.0
0.8 5.797516 4212.0 0.27909051094890536 3.5139094890510947 2.5906534306569347 0.0 6.383763795620438 -0.40442671532846747 0.0 0.0 0.4481381897810219 0.0
0.8 5.823296 4209.862414644777 0.25931207322388494 3.531687926776115 2.538073805026878 0.0 6.392275170710446 -0.3780369025134389 0.0 0.0 0.4484 0.0
0.8 5.846997 4207.42501447597 0.24212507237984943 3.54787492762015 2.4899502026635787 0.0 6.4001499710480605 -0.3539176027793862 0.0 0.0 0.448557498552403 0.0
0.8 5.868886 4205.262801096206 0.22631400548103273 3.563685994518967 2.4466792153468915 0.0 6.407474397807587 -0.33166588778306644 0.0 0.0 0.4487 0.0
0.8 5.889182 4203.341144335825 0.21170572167912607 3.577294278320874 2.407776020701553 0.0 6.41431771132835 -0.3110880103507765 0.0 0.0 0.4488658855664175 0.0
0.8 5.908067 4201.631375358166 0.19778825214899706 3.5904744985673354 2.37220787965616 0.0 6.420737249283667 -0.2919827650429798 0.0 0.0 0.449 0.0
0.8 5.925695 4199.5549364194885 0.18454936419488469 3.6024506358051154 2.3394283469067 0.0 6.426225317902558 -0.27418009715673625 0.0 0.0 0.4491 0.0
0.8 5.942195 4197.877758792539 0.17277758792538792 3.6141001708671507 2.3089439698134697 0.0 6.4316112060373065 -0.25747639897479696 0.0 0.0 0.44921222412074613 0.0
0.8 5.95768 4196.551449687322 0.161757248436612 3.6242427515633877 2.2811688459351913 0.0 6.436897100625355 -0.24191529277998905 0.0 0.0 0.4493 0.0
0.8 5.972245 4194.483536758445 0.15141768379222267 3.633824084587 2.2550442094805567 0.0 6.4417911581038885 -0.22723311098495622 0.0 0.0 0.4493758231620778 0.0
0.8 5.985973 4193.53806962921 0.14122841777526132 3.643309651853949 2.2314568355505227 0.0 6.44592386074158 -0.21352029436739256 0.0 0.0 0.4495 0.0
0.8 5.998937 4192.352325745794 0.13152325745793883 3.6524767425420612 2.208808143644847 0.0 6.4502383712710305 -0.2005030255902731 0.0 0.0 0.4495647674254206 0.0
0.8 6.011202 4190.972643305366 0.12286321652682819 3.660136783473172 2.187671719664388 0.0 6.454068391736586 -0.18820576746809603 0.0 0.0 0.4496013678347317 0.0
0.8 6.022824 4189.333779877318 0.11466889938658989 3.6683311006134103 2.168005358527816 0.0 6.458165550306704 -0.17656983712895763 0.0 0.0 0.44968331100613407 0.0
0.8 6.033854 4188.780185758514 0.10690092879256981 3.67609907120743 2.1495820433436537 0.0 6.461659442724458 -0.16563931888544914 0.0 0.0 0.4497219814241486 0.0
0.8 6.044336 4187.305973295854 0.09952986647926895 3.6831231201686583 2.1326716795502456 0.0 6.465388053408293 -0.1551724104005619 0.0 0.0 0.4498347013352073 0.0
0.8 6.05431 4186.0 0.09252100014046898 3.689478999859531 2.1159462003090317 0.0 6.468287399915718 -0.14521982019946597 0.0 0.0 0.4499 0.0
0.8 6.063814 4185.569604266068 0.08563282346337377 3.695936780802694 2.1010504490597817 0.0 6.471860791467864 -0.13576571007577912 0.0 0.0 0.44992151978669664 0.0
0.8 6.072875 4184.298063429694 0.07863934886331762 3.7016587145663764 2.0864277294414824 0.0 6.474403873140611 -0.1268013471793435 0.0 0.0 0.4499850968285153 0.0
0.8 6.081531 4183.084256273658 0.072421281368288 3.707578718631712 2.0720110752838914 0.0 6.477747231179027 -0.11819821954296895 0.0 0.0 0.45 0.0
0.8 6.089803 4181.962389690433 0.06662389690432864 3.7133761030956713 2.059134962879956 0.0 6.480188051547836 -0.11006969463510338 0.0 0.0 0.45000376103095674 0.0
0.8 6.097715 4181.408250455246 0.06108250455245854 3.7189174954475415 2.0463897604706545 0.0 6.482958747723771 -0.10225633141896653 0.0 0.0 0.4500591749544754 0.0
0.8 6.105296 4180.754724905502 0.05577362452750964 3.7239811003779923 2.0343019739605213 0.0 6.485490550188996 -0.09475854682906369 0.0 0.0 0.4501 0.0
0.8 6.112558 4179.738193521304 0.05069096760652096 3.728309032393479 2.023120128734346 0.0 6.48765451619674 -0.08756735464912935 0.0 0.0 0.45011309032393476 0.0
0.8 6.119523 4178.76359056881 0.04581795284404956 3.7331820471559505 2.012399496256909 0.0 6.490091023577976 -0.08074513398166938 0.0 0.0 0.4501618204715595 0.0
0.8 6.126209 4178.0 0.04096895973154339 3.737859200223714 2.0021097595078294 0.0 6.492343680089485 -0.07417993568232634 0.0 0.0 0.45021718400447425 0.0
0.8 6.132634 4177.9298098434 0.03564904921700221 3.7422807606263984 1.992227908277405 0.0 6.4941403803131985 -0.0678086689038031 0.0 0.0 0.4503 0.0
0.8 6.138808 4177.066554809843 0.031332774049216965 3.7457337807606264 1.9827321029082774 0.0 6.495866890380314 -0.06176588366890375 0.0 0.0 0.4503 0.0
0.8 6.144749 4176.236251834253 0.02718125917126687 3.749818740828733 1.9735987701767872 0.0 6.497909370414367 -0.055953762839773616 0.0 0.0 0.45033818740828735 0.0
0.8 6.150465 4175.437425756411 0.023187128782056098 3.753812871217944 1.9648116833205234 0.0 6.499906435608972 -0.05036198029487854 0.0 0.0 0.45037812871217947 0.0
0.8 6.15597 4174.668110676355 0.019340553381777714 3.7576594466182223 1.9566811067635554 0.0 6.5016637786472895 -0.04494358580212435 0.0 0.0 0.4504 0.0
0.8 6.161278 4173.926365795724 0.01563182897862236 3.76133135391924 1.9491900237529691 0.0 6.503184085510689 -0.0396845605700713 0.0 0.0 0.4504036817102138 0.0
0.8 6.166395 4173.211401425178 0.012057007125891136 3.764548693586698 1.9413254156769604 0.0 6.504971496437054 -0.03467980997624759 0.0 0.0 0.4504394299287411 0.0
0.8 6.171331 4172.521726980578 0.008608634902892104 3.767652228587397 1.9337389967863625 0.0 6.506695682548554 -0.029852088864048946 0.0 0.0 0.4504739136509711 0.0
0.8 6.176097 4171.855825649623 0.005279128248113698 3.770720871751886 1.9265582564962274 0.0 6.508288348700755 -0.02519077954735918 0.0 0.0 0.4505 0.0
0.8 6.180699 4171.212908633696 0.0020645431684827844 3.7739354568315173 1.9201290863369656 0.0 6.509574182732607 -0.020690360435875896 0.0 0.0 0.4505 0.0
0.8 6.185145 4170.591956430666 -0.0014482614160036917 3.7770402178466695 1.9135115207373266 0.0 6.511224130708002 -0.016384499371595754 0.0 0.0 0.4505408043569334 0.0
0.8 6.189445 4169.995740223464 -0.005042597765362882 3.7800383379888265 1.9069148044692743 -1.703910614515254e-06 6.5130170391061455 -0.012240363128491966 0.0 0.0 0.4506 0.0
0.8 6.193603 4169.705377094972 -0.007946229050279379 3.7826516061452513 1.9011075418994412 -0.00011784916201117516 6.514178491620112 -0.008175279329608869 0.0 0.0 0.4506 0.0
0.8 6.197628 4169.424301675977 -0.01075698324022323 3.785181284916201 1.8954860335195536 -0.00023027932960892922 6.515302793296089 -0.004240223463687477 0.0 0.0 0.4506 0.0
0.8 6.20152 4169.15251396648 -0.013474860335195675 3.7876273743016764 1.8900502793296086 -0.00033899441340782703 6.516389944134079 -0.00043519553072605445 0.0 0.0 0.4506 0.0
0.8 6.205294 4168.555865921788 -0.016110335195530893 3.790110335195531 1.884557262569832 -0.0004 6.5176662011173185 0.0032544692737432506 0.0 0.0 0.4506222067039106 0.0
0.8 6.208946 4167.535754189944 -0.01866061452513973 3.79266061452514 1.8789466480446926 -0.0004 6.519196368715083 0.006824860335195619 0.0 0.0 0.4506732122905028 0.0
0.8 6.212489 4166.7731397459165 -0.02113430127041729 3.7950208711433757 1.8737313974591654 -0.0004 6.520453720508167 0.010276678765880032 0.0 0.0 0.45071134301270416 0.0
0.8 6.215923 4166.293731676672 -0.02353134161664127 3.7971782074549774 1.8689373167667174 -0.0004 6.521412536646657 0.013608564847131363 0.0 0.0 0.4507353134161664 0.0
0.8 6.219254 4165.828703057378 -0.025856484713109425 3.7992708362417984 1.864287030573781 -0.0004 6.522342593885243 0.016840513751222103 0.0 0.0 0.45075856484713106 0.0
0.8 6.222488 4165.377216250175 -0.028113918749127886 3.801302526874215 1.8597721625017443 -0.0004 6.523245567499651 0.019978347061287764 0.0 0.0 0.45078113918749124 0.0
0.8 6.225625 4164.939271255061 -0.030364372469635956 3.8033036437246968 1.855392712550607 -0.0004 6.524182186234818 0.02302510121457528 0.0 0.0 0.4508 0.0
0.8 6.228672 4164.513890827865 -0.032916655032808106 3.8054305458606734 1.8511389082786531 -0.0004 6.525458327516404 0.026002764204942796 0.0 0.0 0.4508 0.0
0.8 6.23163 4164.1009353622785 -0.03539438782632993 3.807495323188608 1.8470093536227836 -0.0004 6.526697193913165 0.02889345246405159 0.0 0.0 0.4508 0.0
0.8 6.234507 4163.699329983249 -0.037503350083752 3.809503350083752 1.842993299832496 -0.0004 6.527601340033501 0.03167462311557777 0.0 0.0 0.4508 0.0
0.8 6.237302 4163.309184812953 -0.03945407593523143 3.8114540759352313 1.8390918481295373 -0.0004 6.528381630374093 0.03436662479061938 0.0 0.0 0.4508 0.0
0.8 6.24002 4162.929817217804 -0.04135091391098099 3.813315822519883 1.8352981721780381 -0.0004175456955490494 6.529175456955491 0.03698777033626357 0.0 0.0 0.45080350913910977 0.0
0.8 6.250178 4161.512487791266 -0.048437561043672334 3.819693804939305 1.8211248779126554 -0.0007718780521836167 6.532718780521836 0.04683820985070454 0.0 0.0 0.45087437561043675 0.0
0.8 6.259319 4160.237271585996 -0.054813642070023316 3.8258136420700235 1.8083727158599534 -0.0009 6.535525456828009 0.05573909889803264 0.0 0.0 0.45097627284140046 0.0
0.8 6.269532 4158.812831241283 -0.06252942817294263 3.8329358437935843 1.79472189679219 -0.0009 6.538374337517434 0.0655914644351462 0.0 0.0 0.4510593584379358 0.0
0.8 6.280296 4157.312151616499 -0.07043924191750253 3.8397513935340024 1.7801215161649948 -0.0011751393534002023 6.542063545150501 0.07601493868450354 0.0 0.0 0.4511 0.0
0.8 6.289723 4155.998119908084 -0.0770068936703575 3.846005640275747 1.7669880927512005 -0.0013002506789220908 6.545003133486526 0.08510871109254266 0.0 0.0 0.4511000626697305 0.0
0.8 6.299337 4153.989763944015 -0.08437086553861177 3.852030708167955 1.7542685049787614 -0.0015680314741313372 6.548350393426642 0.09441409372606396 0.0 0.0 0.4511670078685328 0.0
0.8 6.309952 4152.182045929018 -0.09208977035490612 3.859089770354906 1.740638413361169 -0.002108977035490612 6.551635908141962 0.10464388308977043 0.0 0.0 0.4512817954070981 0.0
0.8 6.319012 4150.382641351972 -0.09839119549342792 3.865391195493428 1.728756728562487 -0.0024156478197371175 6.554156478197371 0.11333984978093055 0.0 0.0 0.4513 0.0
0.8 6.329247 4148.498540653231 -0.10550729673384272 3.8720058373870745 1.7154868658790832 -0.002850729673384273 6.5575043780403055 0.12321021542737982 0.0 0.0 0.45135014593467687 0.0
0.8 6.339183 4147.118071954438 -0.11329156827337147 3.8784096402278094 1.7030626475899429 -0.0034527712182247645 6.560763856091124 0.13278530351437717 0.0 0.0 0.4514 0.0
0.8 6.349149 4145.102414654455 -0.12032528448515101 3.8846927560366358 1.689981959478213 -0.00406927560366359 6.564162642242575 0.14232889258950837 0.0 0.0 0.4514632528448515 0.0
0.8 6.359221 4143.337678546665 -0.12731160726667576 3.8913116072666756 1.6770391069199837 -0.00492985716266812 6.56732464290667 0.15203625017334604 0.0 0.0 0.45156623214533353 0.0
0.8 6.368995 4141.475171410762 -0.1345910381605373 3.8975744857677124 1.6648510284645752 -0.005911586674977475 6.57003310478565 0.16141421151049226 0.0 0.0 0.4516 0.0
0.8 6.380304 4139.4176006641765 -0.14291199667911983 3.90491199667912 1.6507584059775844 -0.007065919468659173 6.573747198007472 0.17221855541718536 0.0 0.0 0.4516582399335824 0.0
0.8 6.391022 4136.935782350504 -0.15035319707222772 3.9122889794227316 1.6374541499792843 -0.00838669382681953 6.57716054412374 0.18254310178152205 0.0 0.0 0.4517032108824748 0.0
0.8 6.399075 4135.823643143212 -0.15646996271233218 3.9172936058555443 1.6280009667173048 -0.009888081756663353 6.579940892141969 0.19021686231183493 0.0 0.0 0.4517588178428394 0.0
0.8 6.411288 4133.08606431853 -0.1657848392036752 3.92482787136294 1.6133442572741197 -0.012244058192955548 6.58391393568147 0.20183320061255722 0.0 0.0 0.4518 0.0
0.8 6.419516 4131.572737068966 -0.17170905172413792 3.9307090517241376 1.6037227909482759 -0.013941352370689655 6.586140894396552 0.20973585668103448 0.0 0.0 0.45187136314655174 0.0
0.8 6.431994 4129.001075962987 -0.18099623412954607 3.9389967721110395 1.5890059177964275 -0.017298547449967776 6.58999838605552 0.2216952119647086 0.0 0.0 0.4519 0.0
0.8 6.440402 4127.918711805219 -0.18728450868173435 3.944243864584344 1.5785122708313124 -0.020150383160345307 6.5931219322921715 0.22970237656416717 2.8450868173436143e-05 0.00332428072557906 0.45190406440973907 3.813635658162162e-05
0.8 6.453155 4125.407675597393 -0.1960731354091237 3.952073135409124 1.5637422157856629 -0.02491426502534386 6.59688848660391 0.24192469225199112 0.0009961622013033812 0.09011511947863804 0.452 0.0012577701665459572
0.8 6.461752 4123.613244176014 -0.20235364538395179 3.9581602674719587 1.5538728429680757 -0.02870887618636762 6.599580133735979 0.250140401207938 0.002048080241587599 0.11577868852459057 0.452 0.0023556047238999372
0.8 6.470425 4121.699622641509 -0.2089011320754716 3.963700880503145 1.5436983647798743 -0.033110767295597414 6.602300377358491 0.25855144654088036 0.003680226415094318 0.14231252830188656 0.45201001257861634 0.003927700628930798
0.8 6.479174 4119.498616352201 -0.21550415094339637 3.968836561844864 1.5341606708595386 -0.0375861467505242 6.604501383647799 0.26698863731656197 0.005000830188679272 0.15705927044025186 0.4520833794549266 0.005097902306079688
0.8 6.492443 4116.501921186668 -0.2249923152533283 3.977743275846662 1.5190115271200075 -0.045068564024662444 6.6087471182199975 0.2798145295326598 0.009597694575998485 0.19398616745599093 0.4521 0.008786968099365498
0.8 6.501384 4114.868784361637 -0.23139364691508826 3.983328039095907 1.5094095296273675 -0.05045428222357943 6.611131215638363 0.288524862553451 0.01156401954795344 0.20563321930360348 0.4521 0.010297437996334662
0.8 6.510406 4112.7403873405765 -0.23803845063769435 3.9889086443079824 1.4994423240434585 -0.05653845063769435 6.613389418989136 0.29733700519603146 0.014211535191308305 0.21886296646197384 0.45208701936702883 0.012195863013698521
0.8 6.519509 4111.020406235239 -0.24491837505904582 3.994928578176665 1.4891224374114314 -0.06341837505904582 6.615969390647142 0.3061949078885215 0.016275512517713746 0.22789286726499763 0.4520010203117619 0.013692246575342466
0.8 6.533317 4108.325793823402 -0.2546968247063942 4.003359721618095 1.4739547629404086 -0.07423505872118323 6.620011309264898 0.3197429752066117 0.020486646367986146 0.24393979991300588 0.4519662896911701 0.016637055241409352
0.8 6.542625 4106.619477006312 -0.2611415689810644 4.0091415689810646 1.4640973850315593 -0.08199819657349014 6.622570784490532 0.32895527502254335 0.024 0.2564765554553651 0.4519 0.01905
0.8 6.552014 4104.580199904807 -0.26767920038077103 4.015469300333175 1.4536910994764398 -0.09083603046168488 6.625629700142789 0.338203950499762 0.02513346025702045 0.2585423607805806 0.4518790099952404 0.019786749167063293
0.8 6.561484 4102.885260370697 -0.2748031774051193 4.021688437775817 1.4438526037069725 -0.09970476610767888 6.628344218887908 0.34765887025595776 0.030008120035304574 0.27314077669902936 0.45177705207413943 0.022953556928508433
0.8 6.571034 4101.895504495505 -0.28136573426573447 4.027365734265735 1.4344252747252746 -0.10959039960039989 6.631104495504496 0.3571224775224778 0.035008261738261895 0.2865314685314689 0.4515947752247752 0.0261827942057943
0.8 6.580662 4099.970353238015 -0.2881037636669471 4.0340889402859545 1.4238517661900754 -0.12045564550042072 6.633044470142977 0.3667423044575275 0.0406 0.2997688708999159 0.4515 0.02968
0.8 6.590365 4097.963339222615 -0.2952199646643111 4.040183303886926 1.4136700530035333 -0.13121426678445255 6.636073321554771 0.37653361307420513 0.040816298586572576 0.2981619257950533 0.45148900176678447 0.029812712014134362
0.8 6.600142 4096.820720183877 -0.3017171192644929 4.045717119264493 1.4039243211032606 -0.14341770664850573 6.638268919724185 0.38636671490593316 0.04702887545756352 0.3112591470162593 0.45118207201838767 0.033618221673618734
0.8 6.609986 4095.1447178002895 -0.30842112879884237 4.0524211287988425 1.3938683068017363 -0.15573632416787286 6.640782923299566 0.39633892908827806 0.05197308248914626 0.3202257597684517 0.45101447178002896 0.03659312590448631
0.8 6.619897 4093.933665697272 -0.315331671513641 4.058298504362277 1.3835356598809025 -0.16875339288187274 6.644099501454092 0.40638755712505226 0.052595686193048184 0.3192951876471405 0.4509900498545908 0.0369557533582607
0.8 6.629869 4092.5526935327516 -0.3222365323362416 4.064512879102618 1.373868854729262 -0.18235596870239595 6.646170959700873 0.41653770253427513 0.05666955407838255 0.32544051377925504 0.4507829040299127 0.039365549785348314
0.8 6.6399 4091.097429766886 -0.32951285116557105 4.070610280932456 1.3645845786013149 -0.1956523610280936 6.648805140466228 0.4267374775851766 0.06362516437537381 0.33692570233114205 0.45042922893006576 0.043443867304244016
0.8 6.649986 4089.1030831099197 -0.3363230563002685 4.077323056300268 1.3545154155495973 -0.209335804289545 6.651529222520107 0.4370742761394108 0.0679306032171584 0.3423893699731906 0.45021030831099196 0.04592983914209128
0.8 6.66012 4087.3781107840514 -0.3431094460797433 4.083487556863795 1.3446467754883593 -0.2230810810810815 6.654243778431898 0.4474885469628047 0.07376914637409711 0.35022386941396877 0.4498512443136205 0.049275766657746994
0.8 6.670305 4086.015913345814 -0.3499204332709282 4.089920433270928 1.3351113934207004 -0.23861063118480916 6.656968173308371 0.4579774672372295 0.076 0.35153023535704725 0.4497 0.050530318266916285
0.8 6.680532 4083.9755657921087 -0.35742292542893417 4.096073302623673 1.3248778289605443 -0.2539157754189205 6.6590244342078915 0.4686270578810339 0.0839627745510385 0.3616896521797187 0.4491601508778957 0.05501074771346573
0.8 6.690803 4082.28 -0.36459999999999976 4.1026 1.3149600000000004 -0.2704879999999994 6.66144 0.47931599999999963 0.0878 0.3651600000000001 0.4489 0.0571484
0.8 6.701112 4080.8604187437686 -0.37146527085410447 4.109418743768694 1.3053486208042537 -0.28770970422067155 6.664186108341641 0.49013512794948505 0.09397450980392164 0.37160471917580595 0.44848138916583585 0.06056935194416753
0.8 6.71146 4078.7970089730807 -0.3783433034230641 4.115608973080758 1.2957193752077103 -0.3055925888999666 6.666937321369225 0.5010024194084413 0.0980325490196078 0.3746310535061482 0.44820626786307743 0.06277720039880358
0.8 6.721848 4077.1520498872233 -0.3860877006766616 4.121391800451108 1.2869122993233384 -0.3240321215337662 6.668847950112776 0.5119836009022154 0.10460290566538387 0.3809724956879393 0.44767602494361153 0.06636039936314171
0.8 6.732271 4075.6575224748813 -0.39314159175039654 4.128027432575356 1.2774017715494448 -0.34258185483870934 6.671456636700158 0.5230379627181384 0.11207353913273393 0.3880653093601269 0.4470315044949762 0.0704073182178741
0.8 6.742732 4073.5830248545744 -0.40005658381808584 4.134250925436278 1.2677207826546797 -0.3636725806451618 6.6742226335272345 0.5341710999471182 0.11615338445267064 0.3902781068217875 0.4466166049709149 0.07257171073506086
0.8 6.753231 4072.003427818062 -0.40698286090969066 4.14098286090969 1.2580239947264331 -0.38395063941990926 6.676993144363876 0.545372234673699 0.12308011865524122 0.39608217534607837 0.44600171390903093 0.07632916809492453
0.8 6.76377 4070.425871234495 -0.41491376255168333 4.147722386296515 1.2493207324276434 -0.40415800354400455 6.678765505020674 0.5567577082102775 0.13012911990549317 0.4014401653868872 0.445285174246899 0.08005561134081511
0.8 6.76906 4069.384327623548 -0.4183855745881732 4.150847017129356 1.2444601955765575 -0.41551082890332636 6.68015422983527 0.5624861980704858 0.1321774890070222 0.40223868215527986 0.4450768655247096 0.08111798582398101
0.8 6.779694 4067.528649921507 -0.4253567503924647 4.157356750392465 1.2351718995290424 -0.43847154631083207 6.682942700156986 0.5740122056514915 0.13768096546310835 0.4054210753532182 0.4444700549450549 0.08398647174254319
0.8 6.790398 4066.130043086565 -0.43234978456717543 4.16347982765374 1.2259103016059545 -0.46243725029377064 6.68573991382687 0.5856206423815112 0.1408 0.40571210340775576 0.4441 0.08556780258519389
0.8 6.801174 4064.590395846853 -0.439501881894873 4.170228812459441 1.2172250486696956 -0.48768794289422296 6.688409604153147 0.5974210902011673 0.14831110966904554 0.4106786242699542 0.443308851395198 0.08946286177806592
0.8 6.812024 4062.478131083712 -0.4472468526930567 4.176565606748865 1.2080719013627512 -0.512894302401039 6.690521868916288 0.609390590525633 0.15661935107073352 0.4162409214795589 0.4423231278390655 0.09375780012978598
0.8 6.82295 4060.9050934880725 -0.4544745325596388 4.1834745325596385 1.1984305609284336 -0.5379886395873625 6.693189813023856 0.6214161960025788 0.1644 0.42095324306898785 0.44139050934880725 0.09774240747904578
0.8 6.833946 4059.2295621851995 -0.4615681260493348 4.190311313444401 1.1896614361358648 -0.5660670541133924 6.695770437814801 0.6336428580653491 0.16743038873821506 0.42037200697404103 0.4409147810925998 0.09921858000774889
0.8 6.839472 4058.159046881054 -0.46513651039648685 4.193522859356838 1.185022536484567 -0.5800551207542284 6.696840953118946 0.6398161629859223 0.17164108226785446 0.42283419217357593 0.440379523440527 0.10137031576908156
0.8 6.850583 4056.3340259740257 -0.4723298701298702 4.199663896103896 1.1760041558441556 -0.6079867012987016 6.699331948051948 0.6522939740259742 0.18012924675324687 0.42769771428571435 0.43926722077922076 0.10563132467532473
0.8 6.861762 4054.877146977842 -0.48055283859971126 4.206552838599712 1.1672628818670516 -0.6389430575586719 6.702184279533237 0.6648688212927751 0.1828248328307326 0.4265747017175821 0.43879557493116567 0.10686241641536628
0.8 6.873014 4053.4018618067394 -0.4871916218696738 4.213191621869674 1.1584111708404348 -0.6694814606004995 6.704397207289891 0.6777038022813694 0.191529015340239 0.43107432148944563 0.4375415825357283 0.1112145076701195
0.8 6.884334 4051.910896332583 -0.49444551833708456 4.219445518337085 1.1494653779954984 -0.7007820733483382 6.707178207334834 0.6905752019065271 0.2003257116377598 0.43544949026876734 0.4362198066993248 0.11565840063550906
0.8 6.89002 4051.1580828809742 -0.4982095855951278 4.223209585595128 1.1449484972858466 -0.7158383423805111 6.708683834238051 0.6971246789355223 0.2047673110022508 0.43755736793327155 0.43554227459287703 0.11784155964517412
0.8 6.901441 4049.637852956846 -0.50581073521577 4.230129661694193 1.136508191262653 -0.7482861614278113 6.711043220564731 0.7102825719232823 0.20971833377730434 0.4380681073521577 0.43471892647842303 0.12020700586041562
0.8 6.912923 4048.1032958199357 -0.5125868167202575 4.236586816720258 1.1276197749196137 -0.7828035369774937 6.713793408360129 0.7235116559485537 0.21689055466237986 0.4404314308681674 0.43350329581993563 0.12370044212218671
0.8 6.924468 4046.7739577693555 -0.5200343800757985 4.243034380075798 1.118513535462913 -0.8175239848402809 6.716678126691933 0.7370105305901459 0.22527615051434746 0.4436294802382241 0.4320609366540336 0.1277041689225771
0.8 6.930261 4046.3819030860855 -0.5235628722252299 4.24656287222523 1.1142009339469412 -0.8359505549539785 6.717854290741744 0.7437930766107197 0.22853020438548982 0.44437438413643743 0.4314728546291284 0.12927238765565774
0.8 6.941885 4045.185593681917 -0.5310720315904143 4.253257625272331 1.1059279684095857 -0.8719798202614392 6.720628812636166 0.7574853349673207 0.23503906590413967 0.44583296568627456 0.4302484749455337 0.13234737200435742
0.8 6.953562 4044.5870372918675 -0.5378583321865966 4.2596518508325305 1.0977287051052709 -0.9093665680473356 6.723619444062199 0.7712927755607535 0.24533120269712372 0.45014777762487956 0.42846962983349396 0.13734333287463865
0.8 6.959417 4043.7813403054906 -0.5414839686252926 4.262874638778038 1.0932973716801981 -0.9284213017751484 6.724827989541764 0.7783023393422321 0.2485137057933123 0.4506311958167057 0.4278250722443925 0.138793587450117
0.8 6.971157 4043.0 -0.5483575186928826 4.269357518692883 1.0848031016338968 -0.963435779562447 6.727678759346441 0.7923186651896976 0.25814716145112115 0.45420570479091643 0.425940930490169 0.14338964275823848
0.8 6.982933 4042.0 -0.5559174247725683 4.275917424772568 1.0766032190342896 -1.0033839048285516 6.729958712386284 0.8065464310706788 0.2612934569629112 0.45243967809657104 0.4251925472358292 0.1446628411476557
0.8 6.994744 4041.8667605633805 -0.5625329577464788 4.282532957746478 1.0683338028169014 -1.044544450704225 6.7331332394366195 0.8208591830985914 0.26833926760563365 0.4536663380281689 0.42368681690140847 0.14789298591549288
0.8 7.000664 4041.032957746479 -0.5658681690140845 4.285868169014084 1.0641647887323944 -1.0642221971830992 6.733967042253521 0.828113267605634 0.274842929577465 0.456584647887324 0.42235273239436616 0.15097805633802827
0.8 7.012521 4041.0 -0.5725941422594137 4.292594142259413 1.0565815899581594 -1.1044824267782398 6.737297071129707 0.8426598326359822 0.28161171548117103 0.4573594142259414 0.4208163179916319 0.15398493723849352
0.8 7.024408 4040.6551971326166 -0.5793792114695341 4.299379211469534 1.048620788530466 -1.1436511827956997 6.740344802867384 0.8573997849462368 0.29352394265233 0.4619378494623657 0.41831383512544795 0.15967577060931912
0.8 7.030365 4040.0 -0.5827008590197066 4.302800981736807 1.0449987728289905 -1.1628259149642657 6.741400490868403 0.8648321230058463 0.29923065040063507 0.4639698404677688 0.4170498159243486 0.16231025770591198
0.8 7.0423 4040.0 -0.5887316826680143 4.309693351620587 1.0363833104742652 -1.2043524435140414 6.744846675810294 0.8797368728795211 0.30379684544863944 0.46284983036165445 0.4157574965711398 0.1641195048004043
0.8 7.054257 4040.3324795081967 -0.5953273565573769 4.315659836065573 1.0290076844262297 -1.2451275614754094 6.747329918032787 0.8948851434426227 0.3135557377049179 0.46546316598360654 0.4134025614754099 0.1685616290983606
0.8 7.060244 4040.770638173302 -0.5983944672131146 4.319165105386417 1.025064256440281 -1.2651952283372363 6.749082552693208 0.9025091042154565 0.31916416861826685 0.4672596165105386 0.4120880854800937 0.17114676522248237
0.8 7.072239 4041.0 -0.6050779220779219 4.325077922077922 1.0177680890538034 -1.307529870129869 6.751615955473098 0.9177794063079773 0.32323951762523173 0.46561539888682746 0.4108920222634509 0.1726773654916511
0.8 7.084254 4041.091887046168 -0.6112756611385028 4.331367548184671 1.0106324518153296 -1.349986911698789 6.755091887046167 0.9332994173016582 0.3301799641416403 0.4659480950246525 0.40902541461228153 0.17561241595696986
0.8 7.090269 4041.9905871806363 -0.6139717615419095 4.334962348722546 1.007037651277454 -1.3713759748991485 6.755990587180637 0.9411181084715375 0.33683034513671006 0.46837458538771853 0.40731788435679067 0.1786679964141641
0.8 7.102324 4042.9027401385124 -0.6203191809695877 4.341319180969587 0.9988753387533872 -1.4144801565793457 6.75961096055405 0.956817404396267 0.34367055103884403 0.4684902740138513 0.4054042457091237 0.18149849442938887
0.8 7.114401 4044.3199175194745 -0.6259195051168475 4.347239422636322 0.9924406598442034 -1.455856247136093 6.762279670077898 0.9727665648388575 0.3541673896441118 0.4711319917519475 0.40249618145715593 0.18612776080647625
0.8 7.120449 4044.7818084618907 -0.6286908507713455 4.350472659233237 0.9887455323048727 -1.4768722850160363 6.764127233847564 0.9808034672369018 0.3575853826179928 0.4711781808461891 0.40148002138384004 0.18746724453948363
0.8 7.132567 4046.2140476005893 -0.634284285603535 4.3572842856035345 0.9815016667958759 -1.517739832545157 6.766856190402357 0.9970244282502513 0.3682839522443598 0.4738 0.39840769051864494 0.19214214280176747
0.8 7.144711 4047.31329064501 -0.6399398719350304 4.362939871935031 0.9747468374199595 -1.5577537872872085 6.77031329064501 1.013394299547087 0.3761363891925658 0.4743639231610182 0.39600474777448075 0.19537721380602835
0.8 7.150796 4048.3985518652603 -0.6426642531087674 4.365929954352275 0.9710700456477256 -1.577546151424523 6.771531402487014 1.0216116008185105 0.3814502439792223 0.4755202896269479 0.39440772863214235 0.19761884149220835
0.8 7.162985 4051.1861685214626 -0.6474654213036567 4.372558505564388 0.9643484101748806 -1.6184212400635938 6.775279252782195 1.038319666136725 0.3880239268680447 0.47521409379968205 0.3921835135135135 0.20012818759936413
0.8 7.169089 4052.156597774245 -0.6498914944356119 4.3754697933227344 0.9609519077901433 -1.6393825119236867 6.776734896661367 1.0467624006359293 0.39336128775834617 0.47633008744038147 0.39053378378378395 0.20236017488076294
0.8 7.181315 4054.165146500928 -0.6552752441682135 4.381330293001857 0.9546146581645011 -1.679941399628701 6.780220195334571 1.063757849705383 0.40298993461942006 0.4778550488336427 0.3874293486157076 0.20629817580111373
0.8 7.193567 4057.177437734006 -0.6601774377340062 4.387266156601009 0.9477338433989908 -1.7185453524336636 6.784088718867003 1.0809718541429267 0.41179923490151377 0.4788443594335015 0.38436692169949543 0.2098508220739052
0.8 7.199706 4059.1330764184977 -0.6621774352246639 4.390266152836995 0.9446894883568382 -1.739150147589374 6.785177435224664 1.0896718432272878 0.41629479337487707 0.47934879468678254 0.38285805182026894 0.21155525582158088
0.8 7.212006 4062.213806248446 -0.6662672578105576 4.396320709372669 0.9376792906273309 -1.7767204690478149 6.789160354686334 1.1072300571807403 0.42528106405900357 0.4804534515621115 0.3796236098450321 0.21508708046739028
0.8 7.224347 4066.3071010860485 -0.6711535505430242 4.402307101086048 0.9315393483709276 -1.8151410693400158 6.792307101086048 1.1250358897243102 0.4344909774436088 0.48147677527151206 0.3762543191311613 0.2186610359231411
0.8 7.230531 4068.3766846361186 -0.6723766846361187 4.404565026954177 0.9284349730458222 -1.833165498652291 6.794376684636118 1.1340385781671158 0.43913812331536384 0.4820035882749326 0.37457981805929924 0.2204201819407008
0.8 7.242929 4072.699872286079 -0.6765598978288634 4.410699872286079 0.9223001277139209 -1.8711331545338437 6.798419923371648 1.1522355555555552 0.44845977011494237 0.4831539719029374 0.3710100893997446 0.2239759131545338
0.8 7.249142 4075.344827586207 -0.6786758620689656 4.413344827586207 0.9196551724137931 -1.8886427586206895 6.800006896551724 1.1614399999999998 0.45322068965517237 0.48373586206896546 0.3691586206896552 0.22577448275862066
0.8 7.261598 4080.687381649165 -0.6822124289894991 4.418687381649165 0.9135751420210019 -1.9233467378206235 6.803949905319332 1.1800320881390947 0.46276353933551395 0.4849849715957996 0.3654188328455844 0.22933367188844897
0.8 7.274086 4085.6090495361454 -0.6849654297216874 4.424609049536145 0.9080691405566255 -1.9558463154209689 6.807287239628916 1.1988994923857863 0.47249628916506187 0.4862183528793978 0.3615093033432524 0.23286197269385603
0.8 7.280342 4088.3466654997374 -0.6866079992998425 4.427346665499737 0.9047840014003151 -1.9710674601785403 6.80947733239979 1.2084263959390864 0.47742399789952744 0.4869301330299317 0.3594834675301943 0.23466879922982672
0.8 7.292874 4094.8583053246066 -0.6889527684415354 4.432881921103839 0.8991180788961614 -1.9997930744737307 6.8139055368830705 1.2276890854413585 0.4872898195648328 0.4882716610649213 0.35528973996108265 0.23822442950645675
0.8 7.299152 4098.763259100259 -0.6900752168857883 4.435150433771577 0.8968495662284232 -2.01341012431804 6.8156128253286825 1.2374543869063592 0.4923384759860479 0.4890526518200519 0.3531033270727126 0.24002034701726147
0.8 7.311731 4106.354674427064 -0.692169334303383 4.440677337213533 0.8913226627864679 -2.0402301564205163 6.819677337213532 1.2572464168788648 0.5023208075663878 0.4904185340123681 0.348690396507821 0.2435233357584576
0.8 7.324338 4115.8755289788405 -0.6933195032198711 4.4455975160993555 0.8864024839006441 -2.0671888224471013 6.824278012879485 1.2772593560257586 0.5112921251149952 0.49122365225390985 0.3444858877644895 0.24639875804967795
0.8 7.330655 4121.10579576817 -0.693900643974241 4.448503219871205 0.8834967801287948 -2.0802644894204234 6.826602575896964 1.2873712051517938 0.51582502299908 0.49163045078196876 0.3422775528978841 0.24785160993560257
0.8 7.34331 4130.704951986443 -0.695 4.453313311993975 0.8786866880060252 -2.105597891169271 6.830313311993975 1.3078707399736393 0.5251109583882507 0.4925626623987949 0.3378945208058746 0.25078798719638484
0.8 7.349649 4136.07597439277 -0.695 4.455700433063453 0.8762995669365468 -2.1177722086236117 6.832700433063453 1.318314394652608 0.5297658444737338 0.49304008661269066 0.3355670777631331 0.25222025983807195
0.8 7.362351 4147.8071210967255 -0.695 4.46052284843869 0.8714771515613098 -2.138931749809597 6.83752284843869 1.3393243907083026 0.5402264089870531 0.4948852817974106 0.33033679550647344 0.2556421363290177
0.8 7.375074 4160.049310813434 -0.694 4.465419724325374 0.8665802756746263 -2.1583739662201515 6.8424197243253735 1.3606467870316443 0.5466443797320908 0.49380986216268685 0.32671731702582024 0.2568938070277616
0.8 7.381444 4166.475780409042 -0.6937749290537234 4.467675212838829 0.8640997162148939 -2.167496007437127 6.8449002837851065 1.3715162344652116 0.5522256385164889 0.4950276347979254 0.3238421665525003 0.25865270574420196
0.8 7.394196 4180.25949742778 -0.6925218638702018 4.471912544519193 0.8595655916106055 -2.184189819944598 6.849912544519193 1.3933195686584878 0.5634554115552036 0.4975040858725761 0.3179049465769689 0.26228659477641464
0.8 7.400581 4187.220511795282 -0.6918890443822471 4.474332866853259 0.8576671331467414 -2.191842423030787 6.852443822471011 1.4043417233106754 0.568599300279888 0.49846685325869655 0.31507822870851665 0.2638443822471011
0.8 7.413365 4202.89870602507 -0.6898202587949859 4.478179741205015 0.8538202587949859 -2.207568418924383 6.857572988273352 1.4267424989890818 0.5761392236150423 0.4983044682571775 0.3105337646583098 0.26530109179134653
0.8 7.419769 4212.616501380226 -0.6878766997239547 4.480123300276046 0.8518766997239547 -2.2144110009201508 6.860205500460076 1.4380192516102637 0.5817808404048663 0.4996547898987834 0.3073766997239548 0.26701233002760455
0.8 7.432604 4232.494435612084 -0.683805557475634 4.484194442524366 0.8478055574756339 -2.2270099951614024 6.866433331029239 1.4610349899771906 0.5892249948157883 0.4995316651690055 0.30261278081150167 0.2682794428699801
0.8 7.439037 4242.7217806041335 -0.6815822216077971 4.4864177783922035 0.8455822216077971 -2.2326128015483513 6.869101334070644 1.472640803207299 0.5952280016589477 0.5012658671459183 0.29909991014031945 0.27010257828160633
0.8 7.451926 4263.979814970564 -0.6765050462573592 4.49062121530698 0.8413787846930193 -2.2445510197645078 6.874494953742641 1.4961904226240539 0.603344449116905 0.5016262615643398 0.2938914108494533 0.271574747687132
0.8 7.464849 4287.212147226098 -0.6710089065350359 4.493743320098724 0.8382566799012768 -2.253534413563687 6.8809910934649645 1.5201360339092183 0.6140149801480846 0.5042265586436313 0.28718234789140457 0.2743247773366241
0.8 7.471325 4299.025861143899 -0.6682292091426119 4.495828093143041 0.8361719068569589 -2.258398884000429 6.883770790857389 1.5322972100010732 0.6171421397145616 0.5037401115999571 0.2848890975426548 0.27439426977143466
0.8 7.484301 4326.685454744445 -0.6602406698040932 4.499703732078363 0.8329444018824559 -2.2655704498194154 6.890759330195907 1.5568576556856737 0.6274963445332166 0.5063370143373098 0.2779147750902922 0.27682406698040934
0.8 7.490802 4340.343239063191 -0.6566162174105169 4.501127927529828 0.8308720724701723 -2.269462251436147 6.894255855059655 1.569312969509501 0.6300581970835176 0.5053255855059655 0.27583774856385324 0.2765447746354397
0.8 7.503829 4370.512621937597 -0.64794794846973 4.504356467346787 0.82798264948991 -2.275232965969171 6.9003738178568765 1.5944848611214526 0.6383181398466004 0.5061747635713754 0.269761828877802 0.2776408518877057
0.8 7.510355 4385.577481569736 -0.6435742795442703 4.506300320202547 0.82652475984809 -2.2780029562886286 6.903775560354457 1.60721709732668 0.6426432124506661 0.5068551120708913 0.2665544716657982 0.27827260406582766
0.8 7.523432 4416.67637687756 -0.6347246244879381 4.509425125170687 0.823362312243969 -2.283731406463359 6.911062812926718 1.6328985889849794 0.6506130632680929 0.5075927628584433 0.2604183431952663 0.2790526627218935
0.8 7.529983 4433.0762403277195 -0.6302519344560765 4.510916021847975 0.8211259672280382 -2.285595027309968 6.914790054619936 1.6458693900773782 0.6573220983158852 0.5107236458807465 0.2555729289940829 0.2809908284023669
0.8 7.543113 4467.626478089498 -0.6198745652677948 4.514937630419662 0.8183749130535589 -2.29006264780895 6.922500347785764 1.6719948759564114 0.6649128912589847 0.5114188499884073 0.24924968699281225 0.2813750521678646
0.8 7.54969 4484.908957415566 -0.6147914831130689 4.51646255506608 0.8173582966226137 -2.2917908957415567 6.926566813509545 1.6851600587371516 0.6694876651982381 0.5125879588839942 0.24558986784140957 0.2819850220264318
0.8 7.562868 4520.741663968921 -0.6038811913240534 4.519385237941082 0.8144221430883781 -2.294774166396892 6.935348332793784 1.711596212366461 0.6764667853674327 0.5128340239559729 0.2394332146325673 0.2818303334412432
0.8 7.574057 4552.480414171656 -0.5939407435129742 4.521302644710579 0.8116973552894212 -2.297857248003992 6.941907934131736 1.7341211576846305 0.6807355538922155 0.5113453967065869 0.23520984281437135 0.28068486776447105
0.8 7.583352 4579.435001278662 -0.5858757139203824 4.523637285823885 0.8095751427840765 -2.2996611286335353 6.948699428863694 1.7526708294263051 0.6864880146620062 0.5127896002045859 0.23000938538914031 0.2810461000767197
0.8 7.591318 4603.201943568325 -0.5790851589804786 4.525674452305856 0.8082170317960958 -2.300815522973319 6.954131872815617 1.7685607279856799 0.693482286250107 0.516592310970932 0.223965791492626 0.2824721166140995
0.8 7.601487 4636.0382126075 -0.5687994503058784 4.527327422643851 0.8066725773561487 -2.301998226793155 6.96087312705027 1.7886901853001147 0.7002675325826756 0.5191 0.21762155332919597 0.28312360138310133
0.8 7.610113 4664.335224753968 -0.5603868250731446 4.529621774980051 0.8043782250199486 -2.3026865324940156 6.966991399946804 1.8054389573543759 0.7042444099654225 0.5191 0.2135681975352424 0.28258825250465464
0.8 7.619907 4696.949472164578 -0.5506906974645851 4.5322661734187495 0.8024892177208337 -2.3040841649372914 6.974043129116666 1.824138753045205 0.7078460254443744 0.5181179915185419 0.2095007398718757 0.28151799151854184
0.8 7.630201 4731.000464037122 -0.540714153132251 4.535085754060325 0.7999142459396753 -2.3045257262180976 6.982257262180974 1.8432402505800456 0.7130058097447792 0.5189143387470997 0.20408561484918827 0.28122572621809744
0.8 7.640556 4764.636194895593 -0.531103944315545 4.5379688167053365 0.7970311832946635 -2.305390645011601 6.990906450116009 1.86140354524362 0.7199251600928076 0.5227584222737821 0.1968779582366587 0.28209064501160097
0.8 7.64936 4793.34171790572 -0.5229023663126516 4.540429290106204 0.7945707098937955 -2.306128787031861 6.998287870318613 1.8756089062791126 0.722672219116825 0.5214234022731508 0.1934799701881872 0.28096633128377124
0.8 7.659376 4824.684990619137 -0.5150157598499061 4.543244090056285 0.7917559099437148 -2.3063 7.007480300187617 1.8906440712945594 0.7280873921200752 0.5237929080675423 0.1874637898686678 0.2812984240150094
0.8 7.669919 4856.250642673523 -0.5069415167095114 4.546033419023137 0.7889665809768637 -2.3063075192802054 7.018091902313625 1.9034768637532136 0.7327233933161955 0.5248832904884319 0.1818690874035989 0.28119080976863753
0.8 7.679717 4883.237421961073 -0.5006446015424164 4.549631656261476 0.7853683437385237 -2.3071171226588323 7.02798705471906 1.9117528094013958 0.7352421593830335 0.5230841718692618 0.17854071795813437 0.280201294528094
0.8 7.689565 4909.282880511422 -0.49584234276581746 4.554157657234183 0.781673874212654 -2.3072 7.037315314468365 1.9175891886810192 0.7378282880511422 0.5215695496850615 0.1751233336467049 0.27960108113189813
0.8 7.69925 4932.341595662277 -0.49270730054221534 4.558821165762974 0.7771788342370256 -2.3072 7.045878098373354 1.9206634295120062 0.7421211657629744 0.5236691227730441 0.16983817776917123 0.2807991963594113
0.8 7.709159 4950.56382873529 -0.492 4.565173341243943 0.7723047562543264 -2.307791238999308 7.053173341243943 1.9211521902501731 0.7451476218728369 0.5235131415010383 0.16603504400276883 0.28179123899930775
0.8 7.719013 4962.222222222223 -0.494888888888889 4.572055555555556 0.7659444444444442 -2.308 7.0586111111111105 1.9192944444444444 0.7458 0.5190111111111109 0.16498333333333332 0.282
0.8 7.729013 4967.176204819277 -0.5010778112449802 4.579803212851406 0.7589221887550198 -2.308 7.062901606425703 1.915553313253012 0.7473958835341367 0.5166745983935742 0.1629414156626505 0.2835958835341366
0.8 7.739224 4965.015568862275 -0.5104610778443113 4.58871497005988 0.751031137724551 -2.308 7.066238323353294 1.9105948502994012 0.748 0.5125948502994012 0.1622 0.2852445508982036
0.8 7.749093 4956.070170258832 -0.5230925105796679 4.5982089361283345 0.7432328510973326 -2.308 7.068441787225667 1.9054792638519829 0.748 0.5079838893809663 0.16234417872256668 0.28704178722566687
0.8 7.759024 4942.733262589233 -0.5372667374107665 4.607844491607177 0.7355244067142579 -2.3086160042446457 7.070368898321435 1.9005777541964113 0.748 0.5038253135249854 0.16260533474821534 0.28917423306965084
0.8 7.769006 4925.6163236337825 -0.5524784953867998 4.6167155429382545 0.7282370475514547 -2.3089 7.071 1.8964280056777856 0.748 0.5003090418736691 0.1628905180979418 0.29151940383250546
0.8 7.779002 4906.181832346525 -0.5673018074166414 4.62452726706139 0.7212254596447488 -2.309577454035525 7.071 1.8935901838578997 0.748 0.4975654565285134 0.1632763633530695 0.29378290744780317
0.8 7.78911 4888.810112963959 -0.5799927764543151 4.631262814108968 0.7158028894182739 -2.3098 7.071 1.8915277261200338 0.748 0.49547444094367166 0.1636131407054484 0.2958321294090525
0.8 7.798976 4873.987727108652 -0.5906452893755264 4.636822644687763 0.7111773553122368 -2.3098 7.071 1.8901354710624474 0.748 0.4939443388280592 0.16393669835158223 0.29759235952352303
0.8 7.809045 4861.7549912972245 -0.5989740964472205 4.640703184191667 0.7078645438722226 -2.3108219105149996 7.070432271936111 1.8893593631616667 0.7467509982594449 0.49073167809972335 0.16574641138527713 0.29807290877444453
0.8 7.819059 4851.936620333945 -0.605038027799633 4.643012675933211 0.705987324066789 -2.312055704169945 7.07 1.8889987324066788 0.7458 0.4884974648133578 0.1671012675933211 0.29835570416994495
0.8 7.829017 4844.7378560719635 -0.6092926536731635 4.644646326836582 0.7046768365817091 -2.312790847076462 7.069676836581709 1.888867683658171 0.7458 0.4883 0.16726463268365815 0.29902621439280364
0.8 7.839033 4839.681325067803 -0.6121274699728786 4.646 0.7039362650135607 -2.3134573614877953 7.069 1.888806373498644 0.7458 0.4883127469972879 0.1674 0.29951912049593177
0.8 7.84897 4836.472943303629 -0.6134108226785483 4.646 0.7032945886607258 -2.314034870205347 7.069 1.8888705411339275 0.7458 0.4884410822678548 0.1674 0.29971162340178226
0.8 7.858986 4834.389967004083 -0.6143050164979587 4.646 0.7033050164979586 -2.3143 7.068694983502041 1.8888084950506123 0.7458 0.4886220065991835 0.16743050164979587 0.29986100329959176
0.8 7.869011 4833.268665063475 -0.6148656674682624 4.646 0.7038656674682624 -2.3143 7.068134332531737 1.8886402997595213 0.7458 0.48884626698730493 0.16748656674682624 0.29997313349365246
0.8 7.879364 4832.612713102776 -0.615 4.645612713102776 0.704 -2.3149971164150025 7.067612713102776 1.8885612713102777 0.7458 0.4890936434486118 0.1675 0.3000387286897223
0.8 7.890986 4832.046614710181 -0.615 4.645046614710179 0.704 -2.3160160935216756 7.06704661471018 1.8885046614710181 0.7458 0.48937669264490985 0.1675 0.30009533852898196
0.8 7.901732 4831.163976428388 -0.6145819882141942 4.645 0.7044180117858058 -2.3187334742505765 7.067 1.888207391749936 0.7447549705354856 0.48793695874967974 0.16875403535741737 0.2994311811427107
0.8 7.912677 4830.229225382184 -0.6141146126910922 4.645 0.7048853873089077 -2.3216779400461185 7.067 1.8878802288837646 0.7435865317277307 0.48630114441882305 0.17015616192672312 0.29868338030574765
0.8 7.919654 4829.838195386703 -0.614 4.644838195386702 0.705 -2.322691248303935 7.066838195386703 1.8877676390773406 0.7433 0.4859809023066486 0.1705 0.2985
0.8 7.933642 4829.310982963968 -0.614 4.644310982963968 0.705 -2.3236402306648576 7.066310982963968 1.8876621965927936 0.7433 0.486244508518016 0.1705 0.2985
0.8 7.940643 4829.047112920247 -0.614 4.644047112920247 0.705 -2.3241151967435547 7.066047112920248 1.8876094225840494 0.7433 0.48637644353987636 0.1705 0.2985
0.8 7.954667 4828.571859498592 -0.614 4.643571859498592 0.7054281405014077 -2.3253987934039415 7.065571859498593 1.8872146735487332 0.7433 0.48669969835098537 0.17054281405014077 0.29858562810028155
0.8 7.961691 4828.336439200965 -0.614 4.643336439200965 0.7056635607990347 -2.326057970237297 7.065336439200966 1.8870027952808688 0.7433 0.4868644925593243 0.17056635607990348 0.29863271215980697
0.8 7.975766 4827.757486558736 -0.613878743279368 4.6428787432793674 0.706121256720632 -2.3273395188177695 7.065 1.8867121256720631 0.7433 0.48717275403237914 0.1706 0.2987
0.8 7.982818 4827.333853963296 -0.6136669269816478 4.642666926981648 0.7063330730183521 -2.3279326044513864 7.065 1.8867333073018353 0.7433 0.4872998438110113 0.1706 0.2987
0.8 7.98988 4826.909620640976 -0.6134548103204878 4.642454810320488 0.7065451896795122 -2.3285265311026344 7.065 1.8867545189679513 0.7433 0.4874271138077073 0.1706 0.2987
0.8 8.004033 4826.059411888385 -0.6130297059441925 4.642029705944193 0.7069702940558075 -2.3297168233562613 7.065 1.8867970294055807 0.7433 0.48768217643348455 0.1706 0.2987
0.8 8.01113 4826.0 -0.613 4.6418342379504995 0.707 -2.3302475575336516 7.0648342379505 1.8869160334346504 0.7433 0.4877828810247503 0.1706 0.2987
0.8 8.025363 4826.0 -0.613 4.641447975466782 0.707 -2.3312904662396874 7.064447975466782 1.8871864171732522 0.7433 0.4879760122666088 0.1706 0.2987
0.8 8.032498 4826.0 -0.613 4.641254342162397 0.707 -2.3318132761615287 7.064254342162397 1.8873219604863223 0.7433 0.4880728289188016 0.1706 0.2987
0.8 8.039644 4826.0 -0.613 4.6410604103343465 0.707 -2.3323368920972642 7.0640604103343465 1.8874577127659573 0.7433 0.48816979483282674 0.1706 0.2987
0.8 8.053988 4825.7004128655835 -0.6127004128655837 4.641 0.7072995871344162 -2.3336384311107814 7.063700412865583 1.8873502064327918 0.7433 0.4883797522806497 0.1706 0.29872995871344166
0.8 8.061181 4825.52258399466 -0.61252258399466 4.641 0.70747741600534 -2.334314180820292 7.06352258399466 1.88726129199733 0.7433 0.48848644960320403 0.1706 0.298747741600534
0.8 8.075616 4825.1657148508 -0.6121657148507997 4.641 0.7078342851492002 -2.335670283566961 7.0631657148508 1.8870828574254 0.7433 0.48870057108952014 0.1706 0.29878342851492
0.8 8.082861 4824.987693006358 -0.612 4.640987693006358 0.708012306993642 -2.336357842870118 7.062987693006358 1.8870073841961852 0.7433 0.4888073841961853 0.1706 0.2987987693006358
0.8 8.090124 4824.822774750227 -0.612 4.640822774750227 0.7081772252497729 -2.3371329586739327 7.062822774750227 1.8871063351498638 0.7433 0.48890633514986376 0.1706 0.29878227747502273
0.8 8.104706 4824.491666666667 -0.612 4.640491666666667 0.7085083333333333 -2.3386891666666667 7.062491666666666 1.887305 0.7433 0.489105 0.1706 0.2987491666666667
0.8 8.112025 4824.325476839237 -0.612 4.640325476839237 0.7086745231607628 -2.339470258855586 7.062325476839237 1.8874047138964578 0.7433 0.48920471389645775 0.1706 0.2987325476839237
0.8 8.119365 4824.15881017257 -0.612 4.64015881017257 0.7088411898274296 -2.3402535921889194 7.062158810172571 1.8875047138964578 0.7433 0.48930471389645774 0.1706 0.29871588101725705
0.8 8.134104 4824.16286405215 -0.6118371359478498 4.639837135947849 0.709 -2.341781747450321 7.06183713594785 1.8878117232677951 0.7433 0.4894651456208601 0.1706 0.298683713594785
0.8 8.141506 4824.318515403217 -0.6116814845967827 4.639681484596783 0.709 -2.3425288739354433 7.061681484596783 1.8880140700241825 0.7433 0.4895274061612869 0.1706 0.29866814845967826
0.8 8.156373 4824.631142887183 -0.6113688571128167 4.639368857112816 0.709 -2.3440294858584796 7.061368857112817 1.8884204857533382 0.7433 0.4896524571548733 0.1706 0.29863688571128166
0.8 8.163838 4824.788119020082 -0.611211880979918 4.639211880979918 0.709 -2.344782971296394 7.061211880979918 1.8886245547261067 0.7433 0.4897152476080328 0.1706 0.29862118809799176
0.8 8.171329 4824.94564188834 -0.6110543581116602 4.63905435811166 0.709 -2.345539081064031 7.06105435811166 1.8888293344548417 0.7433 0.48977825675533593 0.1706 0.298605435811166
0.8 8.186386 4825.0 -0.6107551773550831 4.638755177355083 0.7092448226449168 -2.347219971340518 7.060755177355083 1.8891693049094085 0.7433 0.48992241132245845 0.1706 0.2986
0.8 8.193951 4825.0 -0.6106066780519404 4.63860667805194 0.7093933219480596 -2.348081267298746 7.06060667805194 1.8893326541428654 0.7433 0.48999666097402983 0.1706 0.2986
0.8 8.201545 4825.0 -0.6104576094851109 4.638457609485111 0.7095423905148891 -2.3489458649863573 7.060457609485111 1.889496629566378 0.7433 0.4900711952574446 0.1706 0.2986
0.8 8.209166 4825.0 -0.610308010914159 4.638308010914159 0.709691989085841 -2.349813536697878 7.0603080109141585 1.8896611879944252 0.7433 0.4901459945429205 0.1706 0.2986
0.8 8.224492 4825.0 -0.6100071648705416 4.638007164870541 0.7099928351294583 -2.3515584437508585 7.060007164870541 1.8899921186424042 0.7433 0.4902964175647292 0.1706 0.2986
0.8 8.2322 4824.86442524279 -0.6098644252427902 4.63786442524279 0.7101355747572098 -2.352535465824748 7.06 1.8900949023300468 0.7433 0.4903677873786049 0.170613557475721 0.298586442524279
0.8 8.23994 4824.721520623315 -0.6097215206233152 4.637721520623315 0.7102784793766848 -2.3535215076991247 7.06 1.8901949355636793 0.7433 0.4904392396883424 0.17062784793766847 0.2985721520623315
0.8 8.255523 4824.433809682065 -0.609433809682065 4.637433809682064 0.710566190317935 -2.355506713193752 7.06 1.8903963332225546 0.7433 0.49058309515896753 0.1706566190317935 0.2985433809682065
0.8 8.263369 4824.288947970902 -0.609288947970902 4.637288947970902 0.7107110520290979 -2.3565062590007755 7.06 1.8904977364203686 0.7433 0.490655526014549 0.1706711052029098 0.2985288947970902
0.8 8.271256 4824.143329271445 -0.6091433292714449 4.637143329271445 0.7108566707285551 -2.3575110280270297 7.06 1.8905996695099885 0.7433 0.49072833536427757 0.17068566707285548 0.29851433292714447
0.8 8.279185 4824.0 -0.609 4.637 0.711 -2.358523229778897 7.0599970962776375 1.8907011614889448 0.7433 0.49080145186118107 0.1707 0.2985
0.8 8.295178 4824.0 -0.609 4.637 0.711 -2.3607612650433807 7.059717341869577 1.8908130632521691 0.7433 0.4909413290652113 0.1707 0.2985
0.8 8.30325 4824.0 -0.609 4.637 0.711 -2.361890848026868 7.059576143996641 1.8908695424013435 0.7433 0.49101192800167925 0.1707 0.2985
0.8 8.311377 4824.0 -0.609 4.637 0.711 -2.363028127623845 7.059433984047019 1.8909264063811924 0.7433 0.49108300797649035 0.1707 0.2985
0.8 8.319562 4824.0 -0.609 4.637 0.711 -2.364173523649594 7.059290809543801 1.8909836761824796 0.7433 0.4911545952280996 0.1707 0.2985
0.8 8.336125 4824.0 -0.609 4.637 0.711 -2.36649132381752 7.05900108452281 1.891099566190876 0.7433 0.491299457738595 0.1707 0.2985
0.8 8.344514 4823.859412459902 -0.608859412459902 4.636859412459902 0.7111405875400979 -2.3677934053689005 7.058859412459902 1.8911984112780684 0.7433 0.4913562350160392 0.1707 0.2985
0.8 8.352981 4823.716461252743 -0.6087164612527436 4.636716461252743 0.7112835387472564 -2.3691085564747594 7.058716461252744 1.8912984771230794 0.7433 0.4914134154989026 0.1707 0.2985
0.8 8.361531 4823.572108728685 -0.6085721087286848 4.636572108728685 0.7114278912713151 -2.3704365996960997 7.058572108728685 1.8913995238899206 0.7433 0.4914711565085261 0.1707 0.2985
0.8 8.370171 4823.426236704373 -0.6084262367043728 4.636426236704373 0.7115737632956272 -2.3717786223197703 7.058426236704372 1.891501634306939 0.7433 0.4915295053182509 0.1707 0.2985
0.8 8.387747 4823.129495188249 -0.6081294951882492 4.636129495188249 0.7118705048117507 -2.3745086442681074 7.058129495188249 1.8917093533682254 0.7433 0.4916482019247003 0.1707 0.2985
0.8 8.396696 4823.0 -0.608 4.635975458121462 0.712 -2.3759036975918644 7.058 1.8918147251271227 0.7433 0.49171227093926895 0.1707 0.2985
0.8 8.405768 4823.0 -0.608 4.635801381560012 0.712 -2.3773485330519044 7.058 1.891919171063993 0.7433 0.49179930921999426 0.1707 0.2985
0.8 8.41497 4823.0 -0.608 4.635624810515207 0.712 -2.378814072723784 7.058 1.892025113690876 0.7433 0.4918875947423966 0.1707 0.2985
0.8 8.424315 4823.0 -0.608 4.635445495538712 0.712 -2.3803023870286864 7.058 1.8921327026767725 0.7433 0.4919772522306438 0.1707 0.2985
0.8 8.433811 4823.0 -0.608 4.6352632831238605 0.712 -2.381814750071956 7.058 1.8922420301256837 0.7433 0.4920683584380697 0.1707 0.2985
0.8 8.443476 4823.0 -0.608 4.635077827880648 0.712 -2.3833540285906167 7.058 1.8923533032716109 0.7433 0.49216108605967573 0.1707 0.2985
0.8 8.45332 4822.875591092769 -0.6078755910927693 4.635 0.7121244089072306 -2.3850574757114607 7.0578755910927695 1.8924497635628923 0.7433 0.49226220445361535 0.1707 0.2985
0.8 8.463358 4822.659831484825 -0.607659831484825 4.635 0.7123401685151749 -2.386891432378987 7.057659831484825 1.89253606740607 0.7433 0.4923700842575875 0.1707 0.2985
0.8 8.473605 4822.439579571834 -0.6074395795718339 4.635 0.712560420428166 -2.3887635736394115 7.057439579571834 1.8926241681712666 0.7433 0.49248021021408306 0.1707 0.2985
0.8 8.484082 4822.214383973863 -0.607214383973863 4.635 0.712785616026137 -2.390677736222165 7.0572143839738635 1.892714246410455 0.7433 0.49259280801306854 0.1707 0.2985
0.8 8.49481 4822.0 -0.607 4.634982055736691 0.713 -2.392656115090792 7.057 1.8928053832789928 0.7433 0.4927071777053238 0.1707 0.2985
0.8 8.505806 4822.0 -0.607 4.634720364596968 0.713 -2.394932828006378 7.057 1.8928838906209096 0.7433 0.4928118541612128 0.1707 0.2985
0.8 8.517106 4822.0 -0.607 4.634451438634903 0.713 -2.3972724838763413 7.057 1.892964568409529 0.7433 0.4929194245460387 0.1707 0.2985
0.8 8.52873 4822.0 -0.607 4.634174801875343 0.713 -2.3996792236845232 7.057 1.8930475594373974 0.7433 0.49303007924986314 0.1707 0.2985
0.8 8.540717 4821.878827429586 -0.6068788274295857 4.634 0.7131211725704143 -2.4043383695737295 7.056878827429586 1.8931363517711244 0.7430091858310057 0.49265166148946715 0.1710514004542014 0.2983061238873371
0.8 8.553118 4821.555117596387 -0.6065551175963872 4.634 0.7134448824036127 -2.412722454253569 7.056555117596387 1.8932334647210838 0.7422322822313295 0.491453935106633 0.17199015897047684 0.29778818815421965
0.8 8.565988 4821.21916520922 -0.6062191652092197 4.634 0.7137808347907802 -2.421423621081208 7.05621916520922 1.8933342504372341 0.7414259965021274 0.4902109112741131 0.17296442089326272 0.2972506643347516
0.8 8.579052 4821.0 -0.606 4.633867397664972 0.714 -2.4286647075533336 7.056 1.8934265204670055 0.7409 0.4894397807005085 0.1736 0.2969
0.8 8.591956 4821.0 -0.606 4.6335008379967615 0.714 -2.4329901116382127 7.056 1.8934998324006476 0.7409 0.4895497486009715 0.1736 0.2969
0.8 8.604698 4821.0 -0.606 4.633138880209073 0.714 -2.437261213532938 7.056 1.8935722239581854 0.7409 0.4896583359372781 0.1736 0.2969
0.8 8.617271 4821.0 -0.606 4.633 0.7142359805908728 -2.4420385418586084 7.056 1.8936707941772617 0.7409 0.4897707941772619 0.1736 0.2969
0.8 8.629671 4821.0 -0.606 4.633 0.7146167925803083 -2.4471033413181007 7.056 1.8937850377740924 0.7409 0.48988503777409254 0.1736 0.2969
0.8 8.641893 4821.0 -0.606 4.633 0.7149921380750568 -2.4520954363982557 7.056 1.893897641422517 0.7409 0.48999764142251706 0.1736 0.2969
0.8 8.653935 4821.0 -0.6056108946847144 4.632610894684714 0.715 -2.4570638164410696 7.056 1.8940167315945857 0.7409 0.4901167315945857 0.1736 0.29686108946847145
0.8 8.665794 4821.0 -0.6052193793331132 4.632219379333113 0.715 -2.4619577583360845 7.056 1.894134186200066 0.7409 0.49023418620006604 0.1736 0.29682193793331135
0.8 8.677466 4821.0 -0.605 4.632 0.715 -2.4667595182595186 7.056 1.894271017871018 0.7409 0.4903355089355089 0.1736 0.2968
0.8 8.688953 4821.0 -0.605 4.632 0.715 -2.4714656424383694 7.056 1.8944332980151162 0.7409 0.4904166490075581 0.1736 0.2968
0.8 8.700252 4821.0 -0.605 4.632 0.715 -2.4760947446492905 7.056 1.8945929222292859 0.7409 0.4904964611146429 0.1736 0.2968
0.8 8.711363 4821.0 -0.605 4.631600842707197 0.7153991572928031 -2.481010056055077 7.056 1.8947596629171213 0.7409 0.49057983145856066 0.1736 0.2968
0.8 8.722287 4821.0 -0.605 4.631189872465295 0.7158101275347052 -2.4858595049095213 7.056 1.894924051013882 0.7409 0.49066202550694105 0.1736 0.2968
0.8 8.733023 4821.0 -0.6047728670100212 4.631 0.716 -2.4908710224777413 7.056 1.8950908531959916 0.7409 0.4907454265979958 0.1736 0.2967772867010021
0.8 8.743576 4821.0 -0.6043515391064799 4.631 0.716 -2.496011222900946 7.056 1.8952593843574082 0.7409 0.49082969217870404 0.1736 0.296735153910648
0.8 8.753944 4821.0 -0.604 4.631 0.716 -2.501032625311432 7.056 1.8954330011401546 0.7409 0.49091320045606185 0.1736 0.2967
0.8 8.764131 4821.0 -0.604 4.631 0.716 -2.5058075799163895 7.056 1.8956480891854228 0.7409 0.49099923567416914 0.1736 0.2967
0.8 8.774138 4821.0 -0.604 4.631 0.716 -2.5104981630843297 7.056 1.8958593767155103 0.7409 0.49108375068620413 0.1736 0.2967
0.8 8.785851 4821.0 -0.6035641002805362 4.630564100280536 0.716 -2.516412846773834 7.056 1.8961179498597318 0.7409 0.49118717994389277 0.1736 0.2966564100280536
0.8 8.7995 4821.0 -0.603 4.63 0.7160459420221982 -2.52343752165972 7.056 1.8964229710110991 0.7409 0.49130918840443966 0.1736 0.2966
0.8 8.815334 4821.0 -0.603 4.63 0.7167874771694843 -2.5321134828829672 7.056 1.8967937385847422 0.7409 0.4914574954338969 0.1736 0.2966
0.8 8.833602 4821.674659721881 -0.6023253402781189 4.63 0.717 -2.5427633826347606 7.056 1.8972373298609404 0.7409 0.49163493194437624 0.1736 0.2965325340278119
0.8 8.853335 4822.0 -0.602 4.629325514403292 0.717 -2.5550636213991766 7.056 1.8977372427983539 0.7409 0.4917674485596708 0.1736 0.2965
0.8 8.872209 4822.0 -0.602 4.629 0.717 -2.5665843123555647 7.056 1.8982371311871877 0.7409 0.4918674262374375 0.1736 0.2964325737625625
0.8 8.890297 4822.674045844309 -0.6013259541556912 4.629 0.7176740458443087 -2.5779515272095503 7.056 1.8988044275065852 0.7409 0.4920348091688617 0.1736 0.2963325954155691
0.8 8.907662 4823.0 -0.601 4.62832611739993 0.718 -2.5896518146808263 7.056 1.899404329560042 0.7409 0.492167388260007 0.1736 0.2963
0.8 8.924359 4823.0 -0.6003262979136341 4.628 0.718 -2.6004391314895687 7.056 1.8999368510431829 0.7409 0.4922673702086366 0.1736 0.29623262979136344
0.8 8.940438 4823.673570888945 -0.6 4.628 0.718 -2.612152279022917 7.056 1.9005041425333669 0.7409 0.4923673570888945 0.1735326429111055 0.2962
0.8 8.955943 4824.0 -0.6 4.628 0.7186734534064212 -2.6235406421299916 7.056 1.9011040720438528 0.7409 0.4924673453406421 0.1735 0.29613265465935784
0.8 8.970913 4824.673287393595 -0.5993267126064046 4.627326712606404 0.719 -2.6346408188082684 7.056 1.901703972436157 0.7409 0.49256732873935954 0.1735 0.2960326712606404
0.8 8.985385 4825.0 -0.599 4.627 0.719 -2.6460416515299716 7.056673187089563 1.9023039122537377 0.7409 0.4926673187089563 0.1735 0.2959326812910437
0.8 8.999389 4825.672968682349 -0.5983270313176504 4.627 0.719 -2.657673733583491 7.057 1.9029037812094098 0.7409 0.492767296868235 0.1735 0.2959
0.8 9.012955 4826.0 -0.598 4.627 0.719 -2.66829652886406 7.057 1.903503754189944 0.7409 0.4928672923649907 0.1735 0.2958327076350093
0.8 9.026112 4826.672910109772 -0.5973270898902281 4.6263270898902285 0.7196729101097719 -2.6799440853611722 7.057 1.9041710370768403 0.7409 0.4929672910109772 0.1735 0.2957327089890228
0.8 9.038882 4827.0 -0.597 4.626 0.72 -2.691131762473313 7.057 1.9048036846683007 0.7409 0.4930672807780501 0.1735 0.2957
0.8 9.051288 4827.672742066721 -0.597 4.626 0.72 -2.701932888527257 7.057 1.9054036452400325 0.7409 0.4931672742066721 0.1735 0.2956327257933279
0.8 9.063348 4828.0 -0.5963274202995565 4.626 0.72 -2.713032892644966 7.057 1.906003547820266 0.7409 0.49326725797004434 0.1735 0.29553274202995566
0.8 9.07508 4828.0 -0.596 4.625327744819878 0.72 -2.724430934571404 7.057 1.9066705786260854 0.7409 0.4933672255180122 0.1734327744819878 0.2954327744819878
0.8 9.086506 4828.672377251854 -0.5953276227481455 4.625 0.7206723772518544 -2.7360668138466977 7.057672377251855 1.9073034263511126 0.7409 0.49346723772518547 0.1734 0.2954
0.8 9.097639 4829.0 -0.595 4.625 0.721 -2.746422610743726 7.058 1.9079034604583747 0.7409 0.4935 0.1734 0.29533275659027086
0.8 9.108494 4829.672332125941 -0.595 4.625 0.721 -2.7579369183616613 7.058 1.9085706324881584 0.7409 0.49356723321259405 0.1734 0.29523276678740595
0.8 9.119084 4830.0 -0.5943277486910994 4.625 0.721 -2.7687897382198963 7.058 1.9092033507853403 0.7409 0.49366722513089006 0.1734 0.2952
0.8 9.129419 4830.6718658607915 -0.594 4.624328134139208 0.721 -2.7809014427763703 7.058 1.9098031195164749 0.7409 0.49376718658607915 0.1734 0.29513281341392084
0.8 9.139517 4831.672057502246 -0.5933279424977538 4.624 0.7216720575022462 -2.792391015274034 7.058 1.9104704402515724 0.7409 0.49386720575022464 0.1734 0.29503279424977535
0.8 9.149385 4832.0 -0.593 4.624 0.722 -2.803292853496683 7.058 1.9111032465543645 0.7409 0.4939 0.1734 0.29493279224093927
0.8 9.159035 4832.672095208268 -0.593 4.624 0.722 -2.814494675853428 7.058 1.9117704666457875 0.7409 0.4939672095208268 0.1734 0.2949
0.8 9.168474 4833.0 -0.592327998292787 4.623327998292787 0.722 -2.825928019632949 7.058 1.9124032010243277 0.7409 0.4940672001707213 0.1734 0.2948327998292787
0.8 9.17771 4833.671680837148 -0.592 4.623 0.722 -2.8376930019620668 7.058671680837149 1.9130701765860039 0.7409 0.4941 0.17333283191628515 0.2947328319162852
0.8 9.186756 4834.0 -0.5913282119795145 4.623 0.722 -2.8477804497884662 7.059 1.9137030728122912 0.7409 0.4941671788020485 0.1733 0.2947
0.8 9.195617 4834.671779141105 -0.591 4.623 0.7226717791411043 -2.859197239263804 7.059 1.914370245398773 0.7409 0.49426717791411046 0.1733 0.29463282208588953
0.8 9.204302 4835.0 -0.5903281557899618 4.623 0.723 -2.869749704416367 7.059 1.915003106526023 0.7409 0.49436718442100386 0.1733 0.29453281557899613
0.8 9.212816 4835.6717494089835 -0.59 4.622328250591017 0.723 -2.881767092198581 7.059 1.9156702245862884 0.7409 0.4944 0.1733 0.2944328250591016
0.8 9.221166 4836.0 -0.59 4.622 0.723 -2.8928840544775216 7.059 1.9163701819934915 0.7409 0.49446716885621306 0.1733 0.2944
0.8 9.229357 4836.671621621622 -0.5893283783783784 4.622 0.723 -2.903184864864865 7.059 1.917002972972973 0.7409 0.4945671621621622 0.1733 0.2943328378378378
0.8 9.237398 4837.0 -0.589 4.622 0.7236716716716718 -2.9161377377377393 7.059 1.9176701701701702 0.7409 0.49466716716716713 0.1733 0.29423283283283286
0.8 9.245293 4837.671636085627 -0.588328363914373 4.621328363914373 0.724 -2.9281879969418956 7.059671636085627 1.9183029816513761 0.7409 0.4947 0.1732328363914373 0.2941328363914373
0.8 9.253047 4838.0 -0.588 4.621 0.724 -2.9393885458554947 7.06 1.9189700869114024 0.7409 0.4947671552730575 0.1732 0.2941
0.8 9.260665 4838.671507789807 -0.588 4.621 0.724 -2.9508894903617624 7.06 1.919670055452865 0.7409 0.49486715077898075 0.1732 0.29403284922101924
0.8 9.26815 4839.0 -0.5873285407148616 4.621 0.724 -2.9600045283525933 7.06 1.9203028755710831 0.7409 0.4949 0.1732 0.29393285407148617
0.8 9.275509 4839.671403197158 -0.587 4.621 0.724 -2.9707239786856108 7.06 1.9209699822380106 0.7409 0.4949671403197158 0.1732 0.2938328596802842
0.8 9.282747 4840.0 -0.5863285634898582 4.620328563489858 0.7246714365101418 -2.983092956376772 7.06 1.9216700055570992 0.7409 0.495 0.1732 0.2938
0.8 9.289865 4840.671327683616 -0.586 4.62 0.725 -2.9957929943502837 7.06 1.9223027966101696 0.7409 0.49506713276836156 0.1732 0.29373286723163844
0.8 9.296869 4841.671307592938 -0.586 4.62 0.725 -3.0067802066886746 7.060671307592938 1.9229699153150568 0.7409 0.4951671307592938 0.1732 0.2936328692407062
0.8 9.30376 4842.0 -0.5853289089848307 4.62 0.725 -3.0176833284714126 7.061 1.9236697637106184 0.7409 0.4952 0.1732 0.29353289089848306
0.8 9.310545 4842.671310017783 -0.585 4.62 0.725 -3.0291200652045034 7.061 1.924369917012448 0.7409 0.49526713100177827 0.17313286899822172 0.2934328689982217
0.8 9.317225 4843.0 -0.5843287197231832 4.619328719723184 0.7256712802768167 -3.0405525951557104 7.061 1.9250027681660902 0.7409 0.4953671280276817 0.1731 0.2934
0.8 9.323805 4843.6712998319845 -0.584 4.619 0.726 -3.051818558118222 7.061 1.9256699098823888 0.7409 0.4954 0.1731 0.2933328700168016
0.8 9.330286 4844.0 -0.584 4.619 0.726 -3.0632195689254123 7.061 1.9263698868041557 0.7409 0.49546712668630793 0.1731 0.2932328733136921
0.8 9.33667 4844.670967741936 -0.5833290322580645 4.619 0.726 -3.0745819354838706 7.061 1.9270696774193548 0.7409 0.4955 0.1731 0.2932
0.8 9.342963 4845.0 -0.583 4.618328968380709 0.726 -3.0860839667837747 7.061671031619291 1.9277697221335035 0.7409 0.4955671031619291 0.1731 0.2931328968380709
0.8 9.349167 4845.671201814059 -0.5823287981859412 4.618 0.726 -3.097551700680271 7.062 1.9284027210884354 0.7409 0.49566712018140585 0.1731 0.2930328798185941
0.8 9.355283 4846.671156373193 -0.582 4.618 0.7266711563731932 -3.106132325886991 7.062 1.9290698094612353 0.7425107752956637 0.4985188567674115 0.17122076215505902 0.29407385019710913
0.8 9.361314 4847.0 -0.582 4.618 0.727 -3.113399500249875 7.062 1.9297698150924538 0.7433 0.4999671164417791 0.1703 0.2945328835582209
0.8 9.367263 4847.671225937183 -0.5813287740628168 4.618 0.727 -3.1203643363728455 7.062 1.9304698581560282 0.7433 0.5000671225937183 0.17023287740628168 0.29443287740628166
0.8 9.373129 4848.0 -0.581 4.617329053244307 0.727 -3.127699195343264 7.062 1.931169662728985 0.7433 0.5001 0.1702 0.29433290532443074
0.8 9.378919 4848.671061762665 -0.5803289382373351 4.617 0.727 -3.1349645385149203 7.062 1.9318697432338654 0.7433 0.5001671061762665 0.1702 0.2943
0.8 9.384633 4849.0 -0.58 4.617 0.727 -3.14213206187379 7.062671119704693 1.9325697837932851 0.7433 0.5002 0.1702 0.2942328880295307
0.8 9.390273 4849.6711182336185 -0.58 4.617 0.7276711182336183 -3.1493991631054135 7.063 1.933202670940171 0.7433 0.5002671118233618 0.1702 0.2941328881766382
0.8 9.39584 4850.0 -0.5793290043290045 4.617 0.728 -3.1563627705627697 7.063 1.933869696969697 0.7433 0.5003670995670995 0.1702 0.2940329004329004
0.8 9.401335 4850.670869883041 -0.579 4.616329130116959 0.728 -3.1636986111111103 7.063 1.9345696089181286 0.7433 0.5004 0.1702 0.2939329130116959
0.8 9.406763 4851.670921198668 -0.5783290788013319 4.616 0.728 -3.170963540510543 7.063 1.9352696448390676 0.7433 0.5004670921198667 0.1702 0.2939
0.8 9.412124 4852.0 -0.578 4.616 0.728 -3.178130567522008 7.063 1.935969638509084 0.7433 0.5005 0.17013290878441656 0.29383290878441654
0.8 9.41742 4852.670900473934 -0.5773290995260663 4.616 0.728 -3.185397573459716 7.063670900473934 1.9366696303317537 0.7433 0.5005670900473934 0.1701 0.29373290995260665
0.8 9.422652 4853.0 -0.577 4.616 0.7286708885050853 -3.192764574937631 7.064 1.9373696219535597 0.7433 0.5006 0.1701 0.29363291114949147
0.8 9.42782 4853.670485436894 -0.577 4.615329514563107 0.729 -3.2002286407766993 7.064 1.9380693398058253 0.7433 0.5006670485436894 0.1701 0.2936
0.8 9.432929 4854.0 -0.5763292706899942 4.615 0.729 -3.2073951051700407 7.064 1.938769510517004 0.7433 0.5007670729310006 0.1701 0.2935329270689994
0.8 9.437979 4854.670974155069 -0.576 4.615 0.729 -3.214933598409543 7.064 1.9394696819085488 0.7433 0.5008 0.1701 0.293432902584493
0.8 9.44297 4855.0 -0.5753291775588173 4.615 0.729 -3.222397003820633 7.064 1.9401695757088278 0.7433 0.5008670822441182 0.1701 0.2933329177558817
0.8 9.447905 4855.670870626526 -0.575 4.615 0.7296708706265258 -3.229697355573639 7.064 1.940869609438568 0.7433 0.5009 0.1701 0.2933
0.8 9.452783 4856.670643900432 -0.575 4.614329356099568 0.73 -3.2371298292532416 7.064670643900432 1.9415694507303025 0.7433 0.5009670643900432 0.1701 0.2932329356099568
0.8 9.46238 4857.67087276551 -0.574 4.614 0.73 -3.2515657202944257 7.065 1.942969610935857 0.7433 0.5011 0.17 0.293032912723449
0.8 9.47177 4858.670750053729 -0.573 4.613329249946272 0.73 -3.2660294003868464 7.065 1.94436952503761 0.7433 0.5012670750053728 0.17 0.2929
0.8 9.480959 4859.670619235837 -0.5723293807641633 4.613 0.731 -3.2809931488801056 7.065670619235837 1.9457694334650857 0.7433 0.5013670619235836 0.17 0.29273293807641637
0.8 9.48996 4861.0 -0.5713292245629762 4.613 0.731 -3.295864970865083 7.066 1.947236620349619 0.7433 0.5014670775437023 0.16993292245629762 0.29253292245629764
0.8 9.503119 4862.670672521377 -0.57 4.612 0.7316706725213775 -3.3182288421539186 7.066 1.9493694707649643 0.7433 0.5016670672521378 0.1699 0.29233293274786226
0.8 9.511676 4863.670593779453 -0.5693294062205466 4.612 0.732 -3.3335329877474082 7.066670593779453 1.9507694156456175 0.7433 0.5017670593779454 0.1699 0.2922
0.8 9.520068 4865.0 -0.5683293298102331 4.611 0.732 -3.3481312274801813 7.067 1.9522694691328366 0.7433 0.5018670670189767 0.1699 0.2920329329810233
0.8 9.532358 4866.670538803757 -0.567329461196243 4.611 0.733 -3.370998418190807 7.067 1.9543693771626298 0.7433 0.5020670538803756 0.1698 0.2918
0.8 9.540363 4867.670526050843 -0.566329473949157 4.61 0.733 -3.385861892776238 7.067670526050843 1.95586936823559 0.7433 0.5021670526050843 0.1698 0.29163294739491574
0.8 9.5521 4869.670719089498 -0.565329280910502 4.61 0.734 -3.408993817899636 7.068 1.9580365752715982 0.7433 0.5023 0.1698 0.2914
0.8 9.559752 4870.670439589366 -0.5643295604106345 4.609 0.734 -3.4244635167149235 7.068670439589365 1.9594693077125558 0.7433 0.5024670439589365 0.16973295604106345 0.2912329560410635
0.8 9.570983 4872.670629559579 -0.5633293704404215 4.609 0.7346706295595784 -3.4473955957849225 7.069 1.9616694406917048 0.7433 0.5026 0.1697 0.291
0.8 9.581931 4874.0 -0.562 4.608 0.735 -3.4711610695483532 7.069 1.9638691881407593 0.7433 0.5027670268772514 0.1697 0.29073297312274865
0.8 9.589079 4875.0 -0.561 4.607329577464789 0.7356704225352113 -3.48686338028169 7.07 1.965369295774648 0.7433 0.5029 0.1696 0.2906329577464789
0.8 9.599586 4877.0 -0.56 4.607 0.736 -3.510131515151516 7.07 1.967569292929293 0.7433 0.5031 0.1696 0.2903329581529581
0.8 9.609844 4878.670508274232 -0.5583294917257681 4.606 0.736670508274232 -3.5331675236406643 7.071 1.9698364066193856 0.7433 0.5032670508274232 0.1696 0.2901329491725768
0.8 9.619865 4880.67009374055 -0.5573299062594494 4.606 0.737 -3.556526731176295 7.071 1.9720690656183855 0.7433 0.503467009374055 0.1695 0.2898329906259449
0.8 9.629661 4882.0 -0.556 4.605 0.738 -3.58066328487473 7.072 1.9743362202288897 0.7433 0.5036 0.1695 0.2896329724713888
0.8 9.63924 4884.0 -0.555 4.604 0.738 -3.6044302656546456 7.072 1.9766361163820365 0.7433 0.5038 0.16943298545224544 0.28933298545224545
0.8 9.651694 4886.670354702245 -0.553 4.603329645297754 0.739 -3.6358276602668425 7.073 1.9796362837617967 0.7433 0.5040670354702246 0.1694 0.28903296452977545
0.8 9.660804 4888.0 -0.552 4.603 0.7396703223662346 -3.660895546693254 7.073 1.9819362578929878 0.7433 0.5042 0.1694 0.2888
0.8 9.669727 4889.670400543109 -0.5503295994568908 4.602 0.74 -3.6854643245078074 7.074 1.9842363204344875 0.7433 0.5043670400543109 0.1693 0.28853295994568906
0.8 9.681347 4892.0 -0.549 4.601 0.741 -3.718233449477355 7.0746703832752615 1.9873363066202092 0.7433 0.5046 0.1693 0.28823296167247386
0.8 9.689862 4894.0 -0.5473297796730634 4.601 0.741 -3.7423255863539433 7.075 1.9896361762615493 0.7433 0.5048 0.1692 0.2879329779673063
0.8 9.700961 4896.669948942377 -0.546 4.6 0.742 -3.774758606856307 7.076 1.992735959153902 0.7433 0.5050669948942378 0.1692 0.2876330051057623
0.8 9.709105 4898.0 -0.544329494799406 4.599 0.743 -3.8013981426448717 7.076 1.9951364041604753 0.7433 0.5052670505200594 0.1691 0.2873329494799406
0.8 9.719729 4900.6703464027405 -0.543 4.598 0.743 -3.8336550437761687 7.077 1.9982692424819184 0.7433 0.505467034640274 0.1691 0.28703296535972594
0.8 9.7301 4903.0 -0.541 4.597 0.744 -3.867590795631825 7.078 2.001436349453978 0.7433 0.5057 0.169 0.28673295631825274
0.8 9.740228 4905.669860279441 -0.5393301397205587 4.596330139720559 0.745 -3.900822035928145 7.078669860279441 2.0046358882235533 0.7433 0.5059669860279441 0.169 0.28633301397205585
0.8 9.750127 4908.0 -0.5373299305839114 4.596 0.746 -3.926912249897919 7.079 2.007769048591262 0.7458 0.5107670069416089 0.1661 0.2877329930583912
0.8 9.759805 4910.670563674322 -0.536 4.595 0.746 -3.9482633402922778 7.08 2.0109364509394574 0.7458 0.5109670563674322 0.166 0.28733294363256784
0.8 9.769271 4913.0 -0.534 4.594 0.747 -3.969280887372013 7.081 2.0142361774744026 0.7458 0.5112670221843003 0.166 0.28703297781569964
0.8 9.780821 4916.406288751107 -0.5317291408325954 4.592864570416298 0.7481354295837024 -3.994907626217891 7.082 2.0183688042515495 0.7458 0.511554171833481 0.1659 0.28664582816651907
0.8 9.789845 4918.804162976085 -0.5301305580159434 4.592065279007971 0.7489347209920283 -4.015609273693532 7.082 2.0217258281665185 0.7458 0.5118738883968114 0.1659 0.2863261116031887
0.8 9.800868 4922.406081958094 -0.5277292786946042 4.590864639347302 0.7501353606526979 -4.042241201557574 7.083135360652698 2.0258685147413313 0.7458 0.5121406081958094 0.1657864639347302 0.2858458557389208
0.8 9.809489 4924.803912479139 -0.5261307250139069 4.590065362506953 0.7509346374930466 -4.063741748562952 7.083934637493046 2.0292254774707956 0.7458 0.5123803912479139 0.16570653625069534 0.28552614500278134
0.8 9.82003 4927.803876852908 -0.5231961231470924 4.589065374382365 0.7519346256176359 -4.090828354237932 7.0849346256176355 2.033612352717598 0.7458 0.5126803876852908 0.1657 0.2851261497529457
0.8 9.830321 4931.738394160584 -0.521130802919708 4.587130802919708 0.752934598540146 -4.118021080291971 7.085934598540146 2.0377318540145986 0.7458 0.5130738394160584 0.1656065401459854 0.284632700729927
0.8 9.840374 4934.45186440678 -0.5186611016949151 4.585887033898305 0.754112966101695 -4.14530695762712 7.087112966101695 2.042253533898305 0.7458 0.5133564830508475 0.1655 0.2842435169491525
0.8 9.850199 4937.7823728813555 -0.5161632203389833 4.585054406779661 0.7549455932203389 -4.173366491525422 7.087945593220339 2.046333406779661 0.7458 0.5137727966101695 0.1655 0.28382720338983053
0.8 9.859808 4941.738586616635 -0.5141307066916826 4.584065353345841 0.7559346466541587 -4.201557035647276 7.088934646654159 2.051086303939962 0.7458 0.5140803939962476 0.16540653533458413 0.28333267667292067
0.8 9.869208 4944.803771172899 -0.5121308192180674 4.583065409609034 0.7569345903909663 -4.229568530947057 7.089934590390966 2.0556056567593486 0.7458 0.5143803771172899 0.16530654096090336 0.28283270480451683
0.8 9.880226 4948.564269141531 -0.5086614385150809 4.580887146171694 0.7581128538283064 -4.263595025522045 7.091112853828307 2.0604658375870075 0.7458 0.5148451415313225 0.16528871461716937 0.28233228770301616
0.8 9.889199 4952.72807424594 -0.5061631554524363 4.580054385150812 0.7589456148491879 -4.2930747656612525 7.0919456148491875 2.0653791276102087 0.7458 0.5151782459396752 0.1652054385150812 0.28183263109048723
0.8 9.899727 4955.836789043181 -0.5031632109568195 4.578108807304546 0.7599455963477268 -4.327906752900894 7.092945596347727 2.0706171010081795 0.7458 0.5155782385390907 0.1651054403652273 0.2813272018261366
0.8 9.910006 4960.727742061173 -0.5001633547632965 4.577054451587766 0.761891096824469 -4.363556078316771 7.0939455484122345 2.0764787356321834 0.7458 0.5159782193648939 0.16500544515877655 0.2807326709526593
0.8 9.920047 4963.836657359394 -0.4981088950937375 4.575108895093738 0.7629455524531312 -4.399256222576786 7.095891104906262 2.0816223175109694 0.7458 0.5164727762265656 0.16490544475468688 0.2802272237734344
0.8 9.929862 4968.727634397634 -0.4942178924818933 4.574054473120473 0.7648910537590533 -4.434577098847291 7.096945526879527 2.08757316127716 0.7458 0.5169727634397634 0.16480544731204733 0.279632683872284
0.8 9.939459 4972.781765074066 -0.49116367619445056 4.5721091174629676 0.7659454412685165 -4.471670415188813 7.097945441268516 2.093572647611099 0.7458 0.5173781765074066 0.16470545587314836 0.27903273523889016
0.8 9.950395 4977.48353909465 -0.4886131687242796 4.570806584362139 0.7671934156378603 -4.4987820987654334 7.099193415637861 2.0999156378600827 0.748 0.522458024691358 0.161990329218107 0.27993230452674894
0.8 9.959554 4981.7666479610925 -0.4851866816311259 4.569093340815563 0.768906659184437 -4.521653900112234 7.100906659184437 2.106254638982417 0.748 0.5229719977553311 0.16190466704077813 0.27933266928544703
0.8 9.970001 4986.48317683881 -0.4816134585289516 4.566806729264476 0.7701932707355242 -4.547780164319248 7.102193270735524 2.113005438184663 0.748 0.5235579812206572 0.1617903364632238 0.2786323552425665
0.8 9.980203 4991.483531885074 -0.47761317449194113 4.564806587245971 0.7721934127540294 -4.574646461107218 7.104096706377015 2.1202866152768047 0.748 0.5241483531885074 0.16169032936229855 0.2779323055360897
0.8 9.99017 4996.483358934972 -0.4736133128520223 4.562806656426011 0.7741933435739888 -4.602890803891451 7.10519334357399 2.1274250384024582 0.748 0.524667670250896 0.16159033282130056 0.2772323297491039
nan nan nan nan nan nan nan nan nan nan nan nan nan
