M_Ms log_t_yr Teff L_Ls g R_Rs Log_Li_Li0 logTc logROc Mrad Rrad k2conv k2rad
1.0 5.703957 4396.683919222139 0.49983919222139117 3.463844727000748 3.06825325355273 0.0 6.405580403889305 -0.5263432610321616 0.0 0.0 0.4480316080777861 0.0
1.0 5.738317 4395.0 0.47522157824342376 3.488022737405261 2.9829090503789564 0.0 6.41751136870263 -0.4903102095407933 0.0 0.0 0.4482 0.0
1.0 5.769327 4393.326712935617 0.45226712935617286 3.5100595835794444 2.9084548139397532 0.0 6.428693148257531 -0.458073981098642 0.0 0.0 0.4484673287064383 0.0
1.0 5.797516 4392.0 0.4315198179682914 3.529984145625367 2.8430634174985325 0.0 6.437992072812683 -0.428827745155608 0.0 0.0 0.44864960364063416 0.0
1.0 5.823296 4389.864243485877 0.41364243485876956 3.5482218086271073 2.7847915480621857 0.0 6.446678782570615 -0.4022858331508651 0.0 0.0 0.4488135756514123 0.0
1.0 5.846997 4388.636456211812 0.3963645621181265 3.5646354378818734 2.7320936863543794 0.0 6.454817718940937 -0.3779740325865583 0.0 0.0 0.44893635437881874 0.0
1.0 5.868886 4387.092979402379 0.38046489701189434 3.579535102988106 2.6843946910356826 0.0 6.462721061792863 -0.35556015375688993 0.0 0.0 0.4491 0.0
1.0 5.889182 4386.0 0.3657722342733189 3.5942277657266812 2.6413167028199567 0.0 6.469536659436009 -0.3348965726681128 0.0 0.0 0.4492 0.0
1.0 5.908067 4384.428056516725 0.3521402825836217 3.6068597174163783 2.6019927912341405 0.0 6.475715830449827 -0.31569639561707036 0.0 0.0 0.44935719434832755 0.0
1.0 5.925695 4383.0 0.3394480379473912 3.6194415696420874 2.5654545062526957 0.0 6.481331177231565 -0.29782725312634767 0.0 0.0 0.4495 0.0
1.0 5.942195 4382.259852128347 0.32759852128346845 3.6304014787165317 2.5322758595937116 0.0 6.486960591486613 -0.2811639150096905 0.0 0.0 0.4495740147871653 0.0
1.0 5.95768 4380.299770839301 0.3164988541965056 3.6408009166427955 2.501897020910915 0.0 6.492400458321398 -0.265528372959038 0.0 0.0 0.4496700229160699 0.0
1.0 5.972245 4379.10799599485 0.306079959948505 3.650920040051495 2.473023887855814 0.0 6.4974600200257475 -0.2508227435273921 0.0 0.0 0.4497 0.0
1.0 5.985973 4378.628102710413 0.2962810271041367 3.660347075606277 2.446958773181169 0.0 6.501859486447931 -0.23705624821683272 0.0 0.0 0.44983718972895864 0.0
1.0 5.998937 4377.407692307693 0.28703846153846185 3.668961538461538 2.421707692307693 0.0 6.5061846153846155 -0.2240538461538466 0.0 0.0 0.4499 0.0
1.0 6.011202 4376.3314135381115 0.27831413538111516 3.677685864618885 2.3986167519908994 0.0 6.509674345847554 -0.2117729308873724 0.0 0.0 0.44996685864618885 0.0
1.0 6.022824 4375.011081119477 0.27005540559738617 3.685944594402614 2.3771440545532037 0.0 6.513966756641569 -0.20007867594828838 0.0 0.0 0.45 0.0
1.0 6.033854 4374.446310865405 0.2622315543270254 3.6927684456729746 2.356802041250266 0.0 6.517384222836487 -0.1890964916011058 0.0 0.0 0.45012768445672974 0.0
1.0 6.044336 4373.0 0.2548025477707001 3.7001974522293 2.3374866242038204 0.0 6.52107898089172 -0.17861961783439412 0.0 0.0 0.4502 0.0
1.0 6.05431 4372.549335595138 0.24774667797568573 3.7070279898218828 2.319141362736783 0.0 6.524126661012157 -0.16862281594571688 0.0 0.0 0.45022253322024314 0.0
1.0 6.063814 4371.205824144756 0.24102912072377733 3.7130737913486005 2.301675713881821 0.0 6.527485439638111 -0.15915106022052605 0.0 0.0 0.4502897087927622 0.0
1.0 6.072875 4370.926395939086 0.23455837563451765 3.7193680203045685 2.2860431472081215 -0.0004 6.530220812182741 -0.15017741116751257 0.0 0.0 0.4503073604060914 0.0
1.0 6.081531 4369.853067549482 0.2275306754948227 3.7253223920546596 2.2703266887370566 -0.0004 6.533587729802071 -0.1415282524477 0.0 0.0 0.4504 0.0
1.0 6.089803 4369.270409241389 0.22170409241389033 3.730566316827499 2.255760231034726 -0.0004 6.535918363034444 -0.13331277030358535 0.0 0.0 0.4504 0.0
1.0 6.097715 4368.427225425397 0.2161361271269864 3.7358638728730136 2.2421267051047673 -0.0004 6.538718323723808 -0.1254333005203207 0.0 0.0 0.4504572774574603 0.0
1.0 6.105296 4367.680924287119 0.21080924287118974 3.7411907571288103 2.2290231071779747 -0.0004 6.541276302851524 -0.11790103244837753 0.0 0.0 0.4505 0.0
1.0 6.112558 4367.170880741677 0.20570880741677197 3.7462911925832283 2.2162720185419302 -0.0004 6.543316477033291 -0.11070941845764849 0.0 0.0 0.4505 0.0
1.0 6.119523 4366.3643758765775 0.2008218793828891 3.751178120617111 2.204372510518934 -0.0004 6.545906872370266 -0.10385063113604473 0.0 0.0 0.45056356241234224 0.0
1.0 6.126209 4366.0 0.19613484721054075 3.7552921222315674 2.193123633305298 -0.0006865152789459249 6.548146061115784 -0.09723148303896786 0.0 0.0 0.4506 0.0
1.0 6.132634 4365.527015677491 0.1916350783874576 3.7593649216125424 2.1823241881298983 -0.0009 6.550182460806272 -0.09086546052631524 0.0 0.0 0.4506236492161254 0.0
1.0 6.138808 4364.662793952967 0.1873139697648376 3.7636860302351622 2.1719535274356105 -0.0009 6.552343015117581 -0.08477269736842104 0.0 0.0 0.4506668603023516 0.0
1.0 6.144749 4364.0 0.18315687919463094 3.767843120805369 2.1619765100671144 -0.0009 6.554337248322148 -0.07890276845637595 0.0 0.0 0.4507 0.0
1.0 6.150465 4364.0 0.17916079418344533 3.7718392058165544 2.152385906040269 -0.0009 6.555935682326622 -0.07322832774049236 0.0 0.0 0.4507 0.0
1.0 6.15597 4363.263319600586 0.17531659800293262 3.7753150617973605 2.143528175406745 -0.0010473360798826956 6.557841700998534 -0.0677695691641643 0.0 0.0 0.45073683401997067 0.0
1.0 6.161278 4362.522030584456 0.17161015292228154 3.778650862369947 2.1350033517212474 -0.001195593883108738 6.559694923538859 -0.0625064171496398 0.0 0.0 0.45077389847077715 0.0
1.0 6.166395 4362.0 0.16803822011438138 3.7819617798856187 2.1266917282745155 -0.0013769423908494896 6.561384711954247 -0.05745350816013393 0.0 0.0 0.4508 0.0
1.0 6.171331 4362.0 0.1645956200306873 3.7854043799693127 2.1184294880736494 -0.0016523503975450164 6.562761751987725 -0.05263386804296221 0.0 0.0 0.4508 0.0
1.0 6.176097 4361.454469390601 0.16127234695300494 3.788727653046995 2.1104536326872116 -0.0017 6.564091061218798 -0.04792673267326701 0.0 0.0 0.4508 0.0
1.0 6.180699 4360.906502367029 0.1580650236702872 3.7918414786967416 2.1028495544416606 -0.00174674881648564 6.565467488164857 -0.04337233361180782 0.0 0.0 0.4508093497632971 0.0
1.0 6.185145 4360.596978557505 0.1549697855750486 3.794627192982456 2.0957305068226115 -0.0019015107212475705 6.567015107212476 -0.038977095516569 0.0 0.0 0.4508403021442495 0.0
1.0 6.189445 4360.297619047619 0.15197619047619043 3.7973214285714283 2.088845238095238 -0.002051190476190479 6.568511904761905 -0.034726190476190404 0.0 0.0 0.45087023809523813 0.0
1.0 6.193603 4360.008145363408 0.14908145363408484 3.7999266917293233 2.082187343358395 -0.0021959273182957572 6.569959273182958 -0.030615664160400492 0.0 0.0 0.45089918546365915 0.0
1.0 6.197628 4359.456316082359 0.14628158041179748 3.8027184195882024 2.0760194769059543 -0.0024174735670562 6.571087367835281 -0.026639844184752445 0.0 0.0 0.4509 0.0
1.0 6.20152 4358.957458640345 0.14357458640344758 3.8054254135965526 2.07002154872793 -0.0026382872236897156 6.572212706798276 -0.022795912692895597 2.127067982761986e-05 0.0037351313777300474 0.4509042541359655 2.395929375783101e-05
1.0 6.205294 4358.695120255804 0.1409512025580424 3.8080487974419577 2.0639877658834975 -0.002874391769776185 6.573524398720979 -0.019070707632420192 0.00015243987209788057 0.026768441540387832 0.4509304879744196 0.0001717082719310527
1.0 6.208946 4358.441262338384 0.1384126233838454 3.8105873766161547 2.0581490337828448 -0.0031028638954539124 6.574793688308077 -0.015465925205060491 0.0002793688308077292 0.04905716668983725 0.4509558737661616 0.0003146810510218262
1.0 6.212489 4358.194981231753 0.1359498123175312 3.8130501876824687 2.0524845683303217 -0.0033245168914221917 6.576025093841235 -0.011968733490894308 0.0004025093841234399 0.07068064785207603 0.4509805018768247 0.00045338657027664265
1.0 6.215923 4357.912626753716 0.13347576052229476 3.815436866231421 2.047038894290874 -0.003534949298513682 6.577262119738853 -0.008579649951382141 0.0005961105709126259 0.09157452423947768 0.451 0.00065370120850118
1.0 6.219254 4357.4499236005 0.13069954160300024 3.8177503819974996 2.0419491596055006 -0.0037200305597999837 6.5786502291985 -0.005294457563550285 0.0011050840394499558 0.11156330045839827 0.451 0.0011329691346020584
1.0 6.222488 4357.000694540909 0.1280041672454506 3.8199965272954577 2.0370076399499926 -0.0038997221836366263 6.579997916377275 -0.0021049312404498753 0.0015992360050007236 0.1309699958327557 0.451 0.0015982805945270449
1.0 6.225625 4356.565120799778 0.12582560399888937 3.8217395168008883 2.0322163287975563 -0.004117439600111063 6.5808697584004445 0.0010311302415993056 0.002121855040266551 0.14300266592613067 0.451 0.0020434465426270127
1.0 6.228672 4356.142043876701 0.12371021938350454 3.823431824493196 2.02756248264371 -0.0043289780616495455 6.581715912246598 0.0040772840877534595 0.00262954734795891 0.15467958900305492 0.451 0.0024758311580116714
1.0 6.23163 4355.865727569218 0.12165727569217988 3.82534272430782 2.0230460065227955 -0.004574554160016617 6.582537089723128 0.007020095760182779 0.0033236624800498486 0.16540761224064804 0.4510134272430782 0.002987160918742548
1.0 6.234507 4355.6660884046905 0.11966088404690904 3.827339115953091 2.0186539449031997 -0.004834085073901826 6.5833356463812365 0.00987493581292008 0.004102255221705476 0.1755293178821712 0.4510333911595309 0.003531576920407906
1.0 6.237302 4355.472139338006 0.11772139338005741 3.8292786066199427 2.014387065436126 -0.005086218860592538 6.584111442647977 0.012648407466517917 0.004858656581777613 0.18536253556310897 0.4510527860661994 0.004060476025258347
1.0 6.24002 4355.283533411977 0.11583533411976965 3.8311646658802303 2.0102377350634932 -0.005331406564429945 6.584865866352092 0.015345472208729396 0.005594219693289835 0.19492485601276788 0.4510716466588023 0.004574804385538816
1.0 6.250178 4354.157953127167 0.10878976563583431 3.8382102343641655 1.9947374843988355 -0.006036818749133256 6.5885261406185 0.02546273748439859 0.007963070309249707 0.22100445153238063 0.4511 0.006205203716544134
1.0 6.259319 4353.445345532682 0.102453455326818 3.8439918902058636 1.9807976017189997 -0.00682105080751366 6.591218617869273 0.03464248977611389 0.009863963401954598 0.2357351909613913 0.4511 0.007439811048728034
1.0 6.269532 4352.475346260388 0.09537673130193905 3.850623268698061 1.965228808864266 -0.00787218836565097 6.594049307479224 0.04492997229916898 0.012826426592797787 0.25597828254847643 0.4511 0.009276806648199448
1.0 6.280296 4351.984221453287 0.08792110726643602 3.8580710034602075 1.9488343252595157 -0.009214200692041515 6.597039446366782 0.05581518339100341 0.017347335640138385 0.2819137993079584 0.4510992110726644 0.011967060207612443
1.0 6.289723 4350.679446366782 0.08139723183390975 3.8639424913494813 1.9351341868512104 -0.010388498269896245 6.600301384083045 0.06534004152249177 0.02126166089965415 0.2995935017301046 0.4510339723183391 0.014204749480968957
1.0 6.299337 4350.0 0.07474484571744831 3.8702551542825514 1.9208386605783863 -0.011585927770859303 6.603302061713021 0.07511762833817649 0.025513504912135145 0.3171331949633323 0.451 0.016561386467413914
1.0 6.309952 4348.934624145786 0.06741161731207262 3.8775883826879274 1.905757858769931 -0.012943826879271139 6.606261503416857 0.08598257403189108 0.03043801822323483 0.33454674259681155 0.4508934624145786 0.01922946924829168
1.0 6.319012 4348.246697038724 0.061220273348519455 3.8837797266514804 1.8926872437357631 -0.014457266514806355 6.609013211845102 0.0952695899772208 0.03504712984054663 0.3487180410022777 0.4508246697038724 0.02164409339407741
1.0 6.329247 4347.004417842383 0.05402208921191448 3.8899823286304684 1.8780441784238289 -0.015896023941855394 6.611991164315234 0.10576819153484315 0.0367 0.35190839390052747 0.4508 0.022500044178423828
1.0 6.339183 4346.212639109698 0.04691375198728141 3.8962988871224167 1.8638275039745629 -0.01771093004769475 6.614362082670906 0.11603569157392685 0.04197531796502384 0.36575755166931634 0.4507212639109698 0.02519277424483306
1.0 6.349149 4344.572211886811 0.04000274160383828 3.9029972583961614 1.8500054832076767 -0.01948500930187016 6.617141682169784 0.12636727699990202 0.04861142661314008 0.3823500930187016 0.4505572211886811 0.028547130128267876
1.0 6.359221 4343.283279871692 0.03298295910184427 3.910017040898156 1.8359659182036887 -0.021648456295108313 6.620150160384925 0.1368538893344028 0.056003728949478915 0.3989675220529274 0.4503566559743384 0.03219452686447482
1.0 6.368995 4342.287676850523 0.02601373795365977 3.9162739388968633 1.8220274759073196 -0.023582181669058917 6.623136969448431 0.1470656961246672 0.0581 0.4013630305515685 0.4503 0.033212876768505234
1.0 6.380304 4341.096578835529 0.017676051848703807 3.9234205269868254 1.8062555248618783 -0.026177868678283034 6.6258068423289425 0.15894386952826176 0.06478531661708455 0.41359960688482783 0.45011931576710584 0.036408110922226934
1.0 6.391022 4339.94718969555 0.010683138173301531 3.931264051522249 1.792366276346603 -0.028826744730679386 6.629105620608899 0.1702805737704927 0.0729 0.4279521311475407 0.4498 0.0402394718969555
1.0 6.399075 4339.0042154566745 0.0050252927400472516 3.935978922716627 1.7810505854800944 -0.031089882903981098 6.630991569086651 0.17886163934426166 0.0729 0.4253118032786887 0.4498 0.04023004215456675
1.0 6.411288 4337.790585691824 -0.0034659001572323878 3.9442564858490563 1.7650681996855353 -0.034091067216980984 6.634628242924529 0.19188261595911899 0.08174966588050281 0.4391407330974838 0.4494371757075472 0.044382008647798586
1.0 6.419516 4336.984426857289 -0.009140158284401187 3.9491245851416896 1.7537664028593314 -0.03675139137094711 6.637046719428134 0.2006977789124328 0.0877152412560632 0.44774483022721456 0.4491937707429155 0.047122170028082666
1.0 6.431994 4335.832397089971 -0.01858661018510004 3.9575866101851 1.7378267796298 -0.04031844552905431 6.640251404365043 0.21418047702366722 0.09561175062160433 0.45763745280412577 0.44876647941799425 0.05069822083064745
1.0 6.440402 4334.283819872917 -0.024006630444792038 3.963006630444792 1.7269867391104161 -0.04326074224145853 6.642574270190625 0.2232396537434381 0.10126405746385456 0.4644511925591671 0.44845676397458334 0.053268859010958514
1.0 6.453155 4332.978843441467 -0.03310578279266548 3.9711057827926655 1.709809590973202 -0.04725077574047943 6.646021156558533 0.23706078984485154 0.1097 0.47374287729196063 0.448 0.05701957686882934
1.0 6.461752 4331.774511805131 -0.03912744097434837 3.9770146968769136 1.698970606246173 -0.05020881812614812 6.64745097638974 0.2463039055589574 0.1113686126420356 0.4730391984758792 0.44790980472205216 0.05773396407430079
1.0 6.470425 4330.594270939648 -0.0450286453017621 3.982325780771586 1.6883484384568284 -0.05339546846295153 6.649811458120705 0.25574583248281935 0.12010239504660791 0.48318926991903083 0.447437708375859 0.061575648091447124
1.0 6.479174 4330.0 -0.05097609345286623 3.9879760934528665 1.6776430317848408 -0.05678565607171974 6.6521904373811465 0.2653212713936433 0.1245 0.4866333876663949 0.44714047813094265 0.06349214343928279
1.0 6.492443 4328.605951978357 -0.05997024010821748 3.9967732160973957 1.6614535678052085 -0.061682144064930486 6.655788096043287 0.2799114913763945 0.13325797768008094 0.4941866080486979 0.4466014879945891 0.0673106256340885
1.0 6.501384 4327.39648292188 -0.0660175853905984 4.002215826851538 1.650568346296923 -0.06531055123435904 6.65820703415624 0.28976866418667535 0.1377330131890428 0.4969079134257693 0.44629912073047007 0.0692155393980385
1.0 6.510406 4326.177891753273 -0.07211054123363451 4.008110541233635 1.6396010257794578 -0.0690485355648534 6.660644216493454 0.2997412876231606 0.14528360102577909 0.5035547577270884 0.44570673505196384 0.07243786205965701
1.0 6.519509 4324.951789431277 -0.07826515812797992 4.014216947559256 1.6285661048814875 -0.07325186329147941 6.662096421137448 0.30980255824884223 0.1540783791042774 0.511579547438394 0.4450855368293829 0.07622400322299075
1.0 6.533317 4323.097495467669 -0.08846377492781891 4.022561270395488 1.6118774592090235 -0.07909288927684174 6.665805009064662 0.32528591284496144 0.16093926676962364 0.5146391324783457 0.4445292486403008 0.07907034445712764
1.0 6.542625 4322.851475891545 -0.09474262054227325 4.028742620542273 1.6016632830239081 -0.0835495392012822 6.6682970482169095 0.33566245492186453 0.16978422599171894 0.521561439829037 0.4437960331240818 0.08277893949512487
1.0 6.552014 4321.598748585502 -0.10100625707248855 4.03480563136524 1.5905893629767696 -0.08810437995074198 6.670601877121746 0.3462905744525056 0.17748463023364153 0.5269413765559474 0.4430595620049258 0.08601187712174656
1.0 6.561484 4320.3380150436 -0.1073099247820011 4.040478932303801 1.5798731278705982 -0.09251694734740078 6.6724929774346 0.35694377288158186 0.18214934433868082 0.5283281834520402 0.4426183052652599 0.08790297743460034
1.0 6.571034 4319.070159151193 -0.11364920424403172 4.046649204244032 1.5686314323607429 -0.09769831564986728 6.674859681697613 0.36779663129973456 0.19028082228116694 0.533535172413793 0.4419420954907162 0.09123671618037128
1.0 6.580662 4317.898025443944 -0.120019745560562 4.052019745560562 1.5582664325470446 -0.10264638881526646 6.677407898224224 0.37876415981977224 0.19894441425921025 0.5389427643784787 0.441118420355155 0.09477980519480522
1.0 6.590365 4317.255102040816 -0.12644897959183682 4.058448979591836 1.5473367346938773 -0.10798265306122456 6.679979591836735 0.3898867346938777 0.20363775510204085 0.5398428571428572 0.4406040816326531 0.09667000000000002
1.0 6.600142 4316.210259826782 -0.1329487008660891 4.064158960692872 1.5366820786142574 -0.11325896069287127 6.682579480346435 0.401170739506995 0.21134407728181184 0.5437538307794801 0.43976820786142573 0.09977342571618909
1.0 6.609986 4314.947028771175 -0.1394767410594246 4.070476741059425 1.5261524603388006 -0.11908733530518957 6.6842118849153 0.4125216993815542 0.22068668997042215 0.5491476741059425 0.43885232589405754 0.10355361656359237
1.0 6.619897 4314.280787846195 -0.1454729093842429 4.0764729093842424 1.5154926055391236 -0.12521675181500386 6.686876848615219 0.42411429147620294 0.2255502487227748 0.5497472909384243 0.4382527090615757 0.10548571524603383
1.0 6.629869 4314.0 -0.15191712856563466 4.082917128565635 1.5047325942949845 -0.1314821008516966 6.689566851426254 0.4357374611328916 0.2333973502771393 0.5531337028525077 0.4372949168581858 0.10857193456806812
1.0 6.6399 4313.427144216393 -0.1581557020524669 4.089155702052467 1.493834307462281 -0.13765570205246688 6.69229142313443 0.4475104050564086 0.24347826559739 0.5583537039554165 0.43612614516786735 0.11257984912328385
1.0 6.649986 4312.480453799891 -0.16459773100054675 4.095078184800437 1.4833631765992346 -0.1439938217605249 6.69451954620011 0.45942005194095137 0.25359268726079826 0.5634703663203937 0.4349324084199016 0.11660668398031711
1.0 6.66012 4312.0 -0.17154040334750967 4.100632322678008 1.4727353546439845 -0.15074959528055948 6.696816161339004 0.4714094937577167 0.2571 0.5622033337906436 0.43440919193304983 0.11790919193304981
1.0 6.670305 4311.343657308409 -0.17790708422432214 4.106907084224322 1.462811202317721 -0.1581572325308683 6.6989690280747745 0.4836203628336895 0.26681387183555194 0.5663631303028211 0.43315294888597644 0.1216411533420707
1.0 6.680532 4310.272336293007 -0.183910654827969 4.112910654827969 1.4529063540510543 -0.1650017203107659 6.701455327413984 0.49585790788013334 0.2772119450610434 0.5711012902330744 0.43177233629300776 0.12571022475027754
1.0 6.690803 4310.0 -0.1906312841338745 4.119631284133875 1.4418952527657196 -0.1721285604257103 6.7042367315502025 0.5082651519395036 0.28522066937403684 0.5733814941884889 0.4306737431732251 0.12880775101526382
1.0 6.701112 4310.0 -0.19640582551463384 4.125405825514633 1.431789805349391 -0.17970764598795688 6.706402184567987 0.5207525976753956 0.292727573169024 0.5750416748354572 0.42951883489707327 0.13162283993838397
1.0 6.71146 4309.0 -0.20225628674647547 4.131256286746476 1.4216298080328686 -0.18740754409577054 6.709113905220655 0.5333926400793362 0.3048790677906066 0.580642714457746 0.4277572855422541 0.13630536232910656
1.0 6.721848 4309.0 -0.20887894028476267 4.137878940284763 1.4120637529220095 -0.1953547283417152 6.712057306793228 0.5461228518807105 0.31209040164340823 0.5817464900474604 0.4266535099525396 0.13902800878373575
1.0 6.732271 4309.0 -0.21504578623551274 4.1440457862355125 1.4019313206467308 -0.20346410072971782 6.714022893117757 0.5589984404063524 0.314513320932894 0.5787549434826152 0.42608397481757054 0.1396434969237371
1.0 6.742732 4309.0 -0.22104564106255847 4.150045641062558 1.3926758332733424 -0.21173604492117196 6.71676711539846 0.5719492693110647 0.32680591030163414 0.5838068461593838 0.42426530127420636 0.14432053847815132
1.0 6.753231 4309.0 -0.2270927133130524 4.156092713313052 1.3828609300304213 -0.219834434303926 6.719046356656526 0.585101651455889 0.3343271476169784 0.584804302477184 0.42296291467477903 0.14708807764739976
1.0 6.76377 4309.276676384839 -0.23321341107871738 4.162213411078717 1.3734032069970843 -0.22876478134110814 6.721830029154519 0.5983865014577263 0.3466114285714288 0.5895043440233236 0.42090198250728855 0.15176836734693885
1.0 6.76906 4309.662244897959 -0.23629795918367336 4.165297959183674 1.3683908163265308 -0.2333144897959182 6.722986734693878 0.6050568367346937 0.35038999999999987 0.5899284693877551 0.4202079591836735 0.15311785714285708
1.0 6.779694 4310.0 -0.24164045767933123 4.171520610239108 1.3587190846413375 -0.24196480856681854 6.725760305119554 0.6185573272700606 0.3623254950858154 0.5940846560070415 0.41819175590435664 0.1575565644711752
1.0 6.790398 4310.729829482542 -0.24783863586033808 4.177108806377796 1.349242046209493 -0.250993039049236 6.728189488447627 0.6322260500479812 0.3707253118771684 0.5951838635860338 0.4166133239831697 0.16048142024064369
1.0 6.801174 4311.028789351679 -0.2532015254617511 4.1832303148134296 1.339683317131534 -0.2591454722201447 6.731115157406715 0.6461009347192098 0.38019000972107964 0.597053937037314 0.4147596949076498 0.16396045763852532
1.0 6.812024 4311.840125626262 -0.2588808793838333 4.189721005010095 1.330758618111119 -0.2688815075151428 6.734360502505048 0.6602181858969571 0.38554482913332855 0.5957557989979809 0.41362382412323334 0.16566426381515
1.0 6.82295 4313.162436548223 -0.2651370558375632 4.195299492385787 1.3212131979695436 -0.27840050761421276 6.736649746192893 0.6744263959390855 0.39481065989847675 0.5971324873096446 0.4117751269035534 0.16890355329949225
1.0 6.833946 4313.995529964392 -0.27096870975073856 4.20196423971513 1.3120491703916966 -0.2881477005833773 6.739982119857565 0.6889222213804073 0.4025584286688384 0.5972991059928783 0.41010894007121756 0.1714861428896128
1.0 6.839472 4314.834019832189 -0.2735020594965674 4.204502059496567 1.3078299008390544 -0.2924535011441646 6.740834019832189 0.6962559725400455 0.4103563844393589 0.6003024713958809 0.40859876430205955 0.17433566742944304
1.0 6.850583 4316.5395130942325 -0.2786185392826973 4.210388295829813 1.2985326779817217 -0.3019212733277016 6.744079026188465 0.7110167882651105 0.41905873588818077 0.6009769756547116 0.40668351125105595 0.17728624529606024
1.0 6.861762 4318.267268904291 -0.2838018067128728 4.216935441165019 1.2895300210263998 -0.312143252083171 6.746534537808582 0.7260252394673311 0.43164280040495284 0.6044133634452146 0.4040193676504945 0.18180090335643642
1.0 6.873014 4320.039849388139 -0.28905977408220895 4.223059774082209 1.2799003765296517 -0.32159165359272046 6.75001992469407 0.741273344838406 0.4398852996548478 0.6045657514904299 0.40216015061186067 0.18446774395983684
1.0 6.884334 4322.801548427872 -0.2944046452836152 4.228805419497551 1.271393032074577 -0.33094936798862407 6.752603096855744 0.7567734713224842 0.45272720018960366 0.6078400774213936 0.3992782193079475 0.1890023226418076
1.0 6.89002 4323.699952599147 -0.2970998577974404 4.231949834097014 1.2673502133038395 -0.3363847132248382 6.7543999051982935 0.7645895876125772 0.45690477958603265 0.6078849976299573 0.39824505451098113 0.1903499288987202
1.0 6.901441 4326.2790808999525 -0.3017984681665869 4.2383178554332215 1.2584030636668262 -0.3461767831498325 6.757279080899952 0.7803426998563907 0.4653651507898517 0.6079 0.39615270464337 0.19300311153662042
1.0 6.912923 4329.546647230321 -0.3069110787172012 4.244093294460642 1.2493600583090378 -0.3552217201166181 6.760546647230321 0.7963705539358601 0.47865189504373185 0.6111746355685131 0.3929893586005831 0.19753862973760936
1.0 6.924468 4332.472335563897 -0.3117085033458462 4.249708503345846 1.241055328872205 -0.3636808389097437 6.763472335563898 0.812654659702954 0.49322253957891293 0.6152417006691693 0.38944574832707685 0.20262510200750772
1.0 6.930261 4334.366178647804 -0.314366178647804 4.252640812633657 1.237176098042441 -0.36825066622799807 6.765366178647803 0.8208928771179472 0.49852530021385105 0.6158190080605364 0.3880345204803421 0.20432956078302356
1.0 6.941885 4338.192502701355 -0.3182406283766936 4.259288754052033 1.2285668689219515 -0.3761523813481839 6.7691443770260165 0.8375373867508936 0.5092390075637937 0.6170625633779403 0.38525081040645 0.2077684398636855
1.0 6.953562 4342.075414781297 -0.323075414781297 4.265113122171945 1.2198491704374061 -0.3852206636500751 6.772075414781297 0.8544280542986418 0.5201111613876315 0.6183263951734539 0.3822396681749624 0.21116787330316728
1.0 6.959417 4344.047723625306 -0.3250381789002449 4.268047723625306 1.21592364219951 -0.3883820846355265 6.774028634175184 0.8629660782160653 0.5256059464481795 0.6190124081425796 0.3806694568798041 0.21293340653771428
1.0 6.971157 4349.005978307285 -0.32900358698437104 4.273007173968741 1.2079904347083439 -0.3969090870270733 6.777004782645828 0.880220804509352 0.5366133914083185 0.6203015543598941 0.37749617388333756 0.21640418481509957
1.0 6.982933 4354.041965287972 -0.3320279768586477 4.279041965287972 1.1999440462827045 -0.40456224851049116 6.781020982643986 0.8977216993351175 0.5478391676021067 0.6215825144633452 0.37428601157067615 0.21990769363612814
1.0 6.994744 4360.162515241247 -0.3360541717470824 4.285162515241248 1.1918374847587527 -0.41358418394008006 6.7841083434941645 0.9154712941996167 0.5537033617836613 0.6191379202229577 0.37220790802995996 0.22109209197004004
1.0 7.000664 4363.258166491043 -0.33712908324552165 4.288215138742537 1.1886557780119424 -0.41714422198805773 6.786129083245521 0.9244529855988762 0.5594819107832808 0.6198602388479101 0.37044940288022477 0.22284629434492453
1.0 7.012521 4369.511284876488 -0.3402556424382442 4.2934260707304075 1.1804035009774303 -0.4253964990225697 6.789340856584325 0.9426827261418161 0.5711543984361116 0.6213278212191221 0.3668017504887151 0.22638120668206857
1.0 7.024408 4376.001257861635 -0.343286073674753 4.298715184186882 1.1729987421383645 -0.43281556154537315 6.79342911051213 0.9610888409703511 0.5830020125786168 0.6229145552560648 0.3630850673854446 0.22987202156334244
1.0 7.030365 4379.747798742138 -0.34435651392632516 4.301391284815813 1.169252201257862 -0.4366156244384544 6.795034770889488 0.9704016711590291 0.588996477987421 0.6237173854447439 0.36115827493261465 0.23163824797843655
1.0 7.0423 4387.080336718822 -0.34652008417970537 4.307300210449264 1.162179705371031 -0.44408625674810154 6.799040168359411 0.9892507365724224 0.6011124714063503 0.6254420715527496 0.35713784426754497 0.23515813889651394
1.0 7.054257 4395.867197629191 -0.3487167994072976 4.312433598814596 1.1548496017781071 -0.4503561585478792 6.803433598814595 1.0084361548434895 0.6134140766808668 0.627309279496203 0.3530022411557696 0.23871103908131133
1.0 7.060244 4400.302833858122 -0.3498257084645304 4.3146514169290615 1.1515228746064086 -0.4530729857380996 6.805651416929061 1.018083663641415 0.6196239674013706 0.6282518521948508 0.3508398684941656 0.24042984812002222
1.0 7.072239 4409.32969535921 -0.35103663281769 4.3201831640884505 1.1447802030938599 -0.4598831640884501 6.80914653127076 1.0376410743095754 0.6265590016133622 0.626232969535921 0.3479681218563159 0.24169524532599407
1.0 7.084254 4419.612456747404 -0.3521791618608227 4.325716647443291 1.1379250288350637 -0.46561372549019586 6.81371664744329 1.0576174163783152 0.6377557862360627 0.6272612456747404 0.3438371011149559 0.2446479046520568
1.0 7.090269 4424.815743944637 -0.35275730488273743 4.32802921953095 1.1344561707035754 -0.46856225490196096 6.81602921953095 1.0676771049596316 0.643421587850827 0.6277815743944637 0.3416979719338714 0.24609326220684363
1.0 7.102324 4436.279454722493 -0.3539279454722493 4.332711781888998 1.1283602726387534 -0.47341898734177235 6.820711781888997 1.088139045764363 0.6548938656280433 0.6290207400194743 0.3373666017526775 0.24892706913339835
1.0 7.114401 4448.191451113552 -0.35388085488864474 4.33747658044542 1.1224042744432239 -0.47806466593428537 6.82447658044542 1.1088850394487164 0.6716672126235893 0.634173624288425 0.3310902227104764 0.25397148706681316
1.0 7.120449 4454.231598921402 -0.3532768401078598 4.339892639568561 1.119384200539299 -0.4804203235793467 6.826892639568561 1.1194552981124535 0.675049695395985 0.6330259962049336 0.3295197842804355 0.2543338959352841
1.0 7.132567 4467.402306991804 -0.353 4.344782657087928 1.1132716786400894 -0.48528265708792856 6.8317826570879285 1.1408491247596875 0.6871914398462 0.6348641606799553 0.3245445107760803 0.25733699281594646
1.0 7.144711 4482.121583705705 -0.3518071287540268 4.348771484983892 1.1072285150161074 -0.4886207523641276 6.836771484983893 1.162575246804531 0.7000800789774498 0.6372914060064429 0.31907924763587237 0.26049643562298663
1.0 7.150796 4489.077314766704 -0.35117478956666326 4.351300841733347 1.1046991582666532 -0.4903280681700092 6.839300841733347 1.173641182583393 0.7036211784266857 0.6362796633066612 0.3173719318299908 0.2608126052166684
1.0 7.162985 4505.399893276414 -0.3488923159018143 4.355323052294557 1.0995692636072574 -0.49379074706510134 6.844430736392743 1.1960737033084308 0.7163030309498398 0.63874924226254 0.3116877161152615 0.26374307363927424
1.0 7.169089 4513.868623265741 -0.34824087513340446 4.357277374599787 1.096963500533618 -0.4955496371398078 6.847036499466382 1.2074087726787615 0.7199510992529348 0.6378372251867663 0.30979853788687306 0.2640036499466382
1.0 7.181315 4531.107726027397 -0.34484175342465756 4.361237369863013 1.0916835068493154 -0.49770286027397254 6.852316493150685 1.230484657534246 0.7333861808219174 0.6409690191780821 0.3036885589041098 0.26711363287671225
1.0 7.193567 4550.290150051998 -0.3418563363541822 4.365143663645818 1.0865704204427278 -0.4997005645520725 6.857715495468726 1.2540909968801066 0.7469022582082899 0.644357324320309 0.2972416877135642 0.27005746545832715
1.0 7.199706 4560.322686079335 -0.34003223889466644 4.366967761105334 1.084290298618333 -0.5009774327737335 6.860451641658001 1.2660388352399348 0.7520097310949341 0.6447677462487 0.29459674639726635 0.27078710444213344
1.0 7.212006 4581.0 -0.335 4.371 1.08 -0.5031 6.867 1.2903 0.7605 0.6441 0.2899 0.2715
1.0 7.224347 4604.187892898719 -0.329885913853318 4.373845634458673 1.0761543655413273 -0.5050496623981373 6.872691268917346 1.315199301513387 0.7740677764842838 0.6479463096623982 0.2830047031431899 0.27414228172293365
1.0 7.230531 4616.611597633136 -0.32632291913214995 4.375290177514793 1.0746130966469427 -0.5059354161735701 6.87567708086785 1.3278342169625246 0.7782479132149901 0.6476483629191321 0.2805486627218935 0.274267708086785
1.0 7.242929 4643.17084035637 -0.319428726222008 4.378228509511197 1.0706572357332047 -0.5073599566578377 6.882457019022393 1.3534994582229718 0.7878997832891889 0.6482142547555985 0.27493155550204657 0.27497997832891885
1.0 7.249142 4657.383096556706 -0.31568865880086683 4.379724536479653 1.0684131952805203 -0.5084071755357573 6.8854490729593065 1.366589694196966 0.7931358776787865 0.6489622682398266 0.2718647002167108 0.27550358776787864
1.0 7.261598 4686.76850265198 -0.30761558547531587 4.3827691554467565 1.0652308445532435 -0.5086 6.892461362709098 1.3932762627498991 0.8044381803345578 0.6513153243574052 0.2652078580171356 0.27670766217870263
1.0 7.274086 4718.173656231542 -0.2983366804489073 4.384591848789132 1.0624081512108683 -0.51 6.900071470761961 1.4205532191376253 0.8198143532191375 0.6581061429415239 0.256228529238039 0.27955510927347904
1.0 7.280342 4734.538182431863 -0.29358568897139453 4.385647624673023 1.0613523753269765 -0.51 6.903766686355582 1.4343838832166071 0.8257266981689312 0.6599009619441398 0.252533313644418 0.28018857480381404
1.0 7.292874 4768.454577157804 -0.2826704446381862 4.387465911072362 1.0585340889276371 -0.5114 6.91163068875327 1.4626267306015701 0.8346045510026158 0.6605107933740192 0.24637499564080192 0.2798272711421098
1.0 7.299152 4785.969485614648 -0.27719703574542254 4.388560592850916 1.0574394071490845 -0.5114 6.915462074978204 1.4770217959895386 0.8376696599825634 0.6593613775065388 0.2439666957279859 0.2789515257192676
1.0 7.311731 4822.307768654697 -0.26571632229540715 4.390228367770459 1.0557716322295407 -0.5114 6.923598574393215 1.5062832355860332 0.8513103491834342 0.6658889380131733 0.23487234503293322 0.2805661012361274
1.0 7.324338 4859.5836938123 -0.2538054353959 4.391381324054918 1.0546186759450817 -0.5119719860823773 6.932050592439346 1.5362237634004137 0.8603190803084446 0.6675887248448372 0.22800621591122816 0.2797482508933609
1.0 7.330655 4879.1869475268 -0.24727101749106659 4.391975362046267 1.0540246379537335 -0.5128630430694 6.936802896370134 1.5513717321798002 0.86798217039684 0.67240043257476 0.22271927778822662 0.2807581154786533
1.0 7.34331 4921.967333605553 -0.2321229073091057 4.392 1.054 -0.5129 6.945549203756635 1.582255818701511 0.8761164148632096 0.6734655777868518 0.21590489995916698 0.27911229073091054
1.0 7.349649 4945.262964475297 -0.2237105961616984 4.392 1.054 -0.5129 6.950078909759085 1.5979156594528383 0.8802578603511638 0.6742420988158432 0.21241055532870548 0.2782710596161698
1.0 7.362351 4994.3742155675445 -0.2073973356820432 4.392 1.054 -0.5129 6.9605182208521414 1.6297884399427505 0.8918976879885501 0.6811915556534185 0.2029456897500825 0.2782445337443576
1.0 7.375074 5042.87418767871 -0.19022251104756985 4.392 1.054 -0.5129 6.970860930595269 1.6621883545619958 0.9017219911619441 0.6863900701845591 0.1941529763452043 0.2769402651416688
1.0 7.381444 5067.789259170463 -0.18131587149364647 4.391947374730281 1.0540526252697195 -0.5129 6.976368376888036 1.6785367058259413 0.9084999760249342 0.6922736873651403 0.18828423639415004 0.27717896187964514
1.0 7.394196 5121.409394081728 -0.161711695631752 4.390544480976985 1.0554555190230155 -0.5129 6.987099671207139 1.7115723250352277 0.9154252888680131 0.6937587317989666 0.18107471113198687 0.2741800657585721
1.0 7.400581 5149.717749852738 -0.15201698409581824 4.389942175535048 1.0560578244649519 -0.5129 6.992578244649518 1.7281323483212245 0.9199666797565283 0.6967129393284899 0.1765333202434717 0.27317687021401926
1.0 7.413365 5208.954809752116 -0.13079832704274255 4.389 1.0573251045598286 -0.5129 7.0052510455982855 1.7615527185555433 0.9310856064470059 0.7079028868713658 0.16512179944914845 0.27211728042435995
1.0 7.419769 5239.005202489033 -0.12034601652555393 4.389 1.0579783739671529 -0.5129 7.011783739671529 1.7785377231459747 0.9348745690094867 0.7103199836784657 0.1607448944200757 0.27074541466897895
1.0 7.432604 5301.970241785496 -0.09858152510849234 4.387714817110973 1.059 -0.5129 7.02542219466832 1.8106854928704295 0.9425533168009924 0.7164533168009924 0.15156187228766219 0.26787259764414123
1.0 7.439037 5333.876007439555 -0.08775635461872257 4.387145071295722 1.059 -0.5129 7.032259144451333 1.8262395536267828 0.9466554866707999 0.7205554866707999 0.14649113453192794 0.2666191568505889
1.0 7.451926 5398.453578510908 -0.06715071209662833 4.388 1.0587735712998017 -0.5129 7.048396430502975 1.8541644312240857 0.9538547863710115 0.727315143320714 0.13704707048855216 0.26388864250946453
1.0 7.464849 5461.519001701646 -0.04825467952353909 4.388820760068065 1.0571792399319342 -0.5129 7.066155700510493 1.8760505104934775 0.9596877481565514 0.731372178105502 0.12856837776517283 0.2608971639251276
1.0 7.471325 5492.083837209305 -0.03974988372092968 4.390083372093023 1.055888837209302 -0.5129 7.0753334883720935 1.8848390000000006 0.9625139418604653 0.73333061627907 0.12432769767441822 0.2595722093023255
1.0 7.484301 5548.012616864847 -0.028067713533629635 4.395932286466371 1.0490677135336297 -0.5129 7.092026776799492 1.896006617046383 0.9680080330398476 0.7381513388399746 0.11574472179359153 0.2580973223200508
1.0 7.490802 5573.308055779649 -0.02398859052667967 4.400079866313242 1.044897314740117 -0.5129 7.099102685259883 1.8999228189466406 0.9701330874726289 0.7385114094733204 0.11214409358073037 0.2574022818946641
1.0 7.503829 5610.360003725781 -0.024657600596124967 4.411972801788375 1.0301983979135627 -0.5129 7.111729601341281 1.901651359910581 0.9737873602831594 0.7370135991058125 0.10584959947839066 0.25780720007451563
1.0 7.510355 5625.331821547575 -0.027221214365049658 4.4193318215475745 1.0216018141429106 -0.5129 7.11713272861903 1.9012889392817476 0.9749287578674565 0.7333097556460574 0.10374469640873758 0.25813318215475745
1.0 7.523432 5641.711754684838 -0.04042350936967561 4.437708801817148 0.9997206132879055 -0.5129 7.124141169789892 1.9009426462237364 0.9765994094264622 0.7233879500283933 0.10061244520159016 0.26022764338444054
1.0 7.529983 5645.977220554477 -0.04941003001942376 4.447410030019424 0.9885216316440056 -0.5129 7.127068338336571 1.9013136676673141 0.9776 0.7192788098181181 0.09889136676673142 0.2618546706692565
1.0 7.543113 5643.750176785534 -0.07054116577431993 4.468124558036164 0.9646671380947577 -0.5129 7.130624911607232 1.9019208303869077 0.9776 0.7033128093746848 0.09897916254167087 0.26474159005960185
1.0 7.54969 5639.763713506415 -0.08183614506515763 4.478090716233963 0.9540365693504398 -0.5129 7.132618143246792 1.9019872714415598 0.9776 0.6963364986362262 0.09907218001818364 0.2664690574805535
1.0 7.562868 5625.560865262265 -0.10382426127527183 4.496054008200198 0.93481761628729 -0.5129 7.134128375512512 1.9008560865262265 0.9776 0.6852831330411425 0.09933979640887883 0.26994931429379326
1.0 7.574057 5610.532518026298 -0.12122550544323409 4.50870945850417 0.9213712003393192 -0.5129 7.13491934115651 1.8993532518026297 0.9776 0.6784017319383574 0.0995849957585183 0.2727176940477873
1.0 7.583352 5598.148497282911 -0.13294721082399824 4.516330043251635 0.912765664855274 -0.5129 7.135 1.8975722745924366 0.9763339913496729 0.6689283686370198 0.10195211600310504 0.27399472108239986
1.0 7.591318 5588.269830764867 -0.14138706627588174 4.521700860357379 0.9072991396426208 -0.5129 7.135 1.8959897418927862 0.9762 0.6659853455611232 0.10233431029592513 0.2753759478112887
1.0 7.601487 5576.418506834911 -0.1498738170347002 4.526707676130389 0.902292323869611 -0.5129 7.135 1.8942169295478444 0.9762 0.6639169295478444 0.10250830704521556 0.27692060988433226
1.0 7.610113 5567.738060479666 -0.1556450469238792 4.52982252346194 0.8991774765380605 -0.5129 7.134794369134515 1.8929093013555787 0.9759326798748696 0.6616428362877996 0.10311407716371225 0.27780281543274243
1.0 7.619907 5560.248731317344 -0.16109183176920408 4.532545915884603 0.896454084115398 -0.5129 7.1341135210288495 1.891615689954814 0.9750475773375044 0.6571492387904067 0.10481619742787628 0.27814323948557523
1.0 7.630201 5554.320064841499 -0.1645999639769451 4.534039985590779 0.894960014409222 -0.5129 7.133480007204611 1.8905680115273775 0.9749 0.6563480007204611 0.1052039985590778 0.27866799351585014
1.0 7.640556 5549.138596308269 -0.16724611534049436 4.535 0.894 -0.5129 7.1328769423297524 1.889627719261654 0.9749 0.6563738346021483 0.10531230576702472 0.27917383460214834
1.0 7.64936 5545.9251225362395 -0.1681642507039316 4.535 0.894 -0.5129 7.132417874648034 1.888985024507248 0.9749 0.6566492752111794 0.10535821253519657 0.27944927521117946
1.0 7.659376 5542.635154221149 -0.16909121144471276 4.535 0.894 -0.5129 7.132 1.8882996674108161 0.9748087885552873 0.6566628502437469 0.10554593831154038 0.2796635154221149
1.0 7.669919 5540.713791061096 -0.16957155223472598 4.535 0.894 -0.5129 7.132 1.8877712925418015 0.974328447765274 0.6554139641897125 0.10631448357556153 0.27947137910610964
1.0 7.679717 5538.952634742536 -0.16998421158084553 4.534984211580846 0.8940157884191545 -0.5129 7.131984211580845 1.8872794750550992 0.9739 0.6543173672610699 0.10700157884191544 0.2793031576838309
1.0 7.689565 5537.768743738729 -0.16958958124624327 4.534589581246244 0.8944104187537568 -0.5129 7.131589581246243 1.8867664556201162 0.9739 0.6547514606291324 0.10704104187537568 0.27938208375075135
1.0 7.69925 5536.604448006412 -0.16920148266880386 4.534201482668804 0.8947985173311962 -0.5129 7.131201482668804 1.886261927469445 0.9739 0.6551783690643157 0.10707985173311961 0.2794597034662393
1.0 7.709159 5535.653411915075 -0.169 4.533826705957537 0.8951732940424625 -0.5129 7.130826705957538 1.8857920471490448 0.9739 0.655607952850955 0.1071 0.2795173294042463
1.0 7.719013 5534.953703046226 -0.169 4.533476851523113 0.8955231484768871 -0.5129 7.130476851523113 1.8853722218277356 0.9739 0.6560277781722644 0.1071 0.2795523148476887
1.0 7.729013 5534.243627068096 -0.169 4.5331218135340485 0.8958781864659519 -0.5129 7.130121813534048 1.8849461762408577 0.9739 0.6564538237591422 0.1071 0.2795878186465952
1.0 7.739224 5533.570246886192 -0.169 4.532785123443096 0.8962148765569042 -0.5129 7.13 1.8845851234430957 0.9739 0.6568363642125946 0.1071 0.27962148765569045
1.0 7.749093 5532.944696225399 -0.169 4.5324723481127 0.8965276518873008 -0.5129 7.13 1.8842723481126993 0.9739 0.6571804170760308 0.1071 0.27965276518873006
1.0 7.759024 5532.315215668875 -0.169 4.532157607834438 0.8968423921655627 -0.5129 7.13 1.8839576078344373 0.9739 0.657526631382119 0.1071 0.2796842392165563
1.0 7.769006 5532.0 -0.16885715915247954 4.531714318304959 0.897285681695041 -0.5129 7.129857159152479 1.8839285567627684 0.9739 0.6578142726780163 0.1071 0.2796714318304959
1.0 7.779002 5532.0 -0.1685721048279009 4.5311442096558014 0.8978557903441983 -0.5129 7.129572104827901 1.8841851056548893 0.9739 0.6580423161376793 0.1071 0.2796144209655802
1.0 7.78911 5532.0 -0.16828385661733256 4.530567713234666 0.8984322867653349 -0.5129 7.129283856617332 1.8844445290444007 0.9739 0.6582729147061339 0.1071 0.2795567713234665
1.0 7.798976 5532.0 -0.16800250948184905 4.530005018963698 0.8989949810363019 -0.5129 7.1290025094818485 1.884697741466336 0.9739 0.6584979924145208 0.1071 0.2795005018963698
1.0 7.809045 5532.0 -0.1677417861023439 4.53 0.8992582138976561 -0.5129 7.129 1.884777464169297 0.9739 0.6586807497283593 0.1071 0.2794741786102344
1.0 7.819059 5532.0 -0.1674827184767424 4.53 0.8995172815232576 -0.5129 7.129 1.8848551844569774 0.9739 0.6588620970662803 0.1071 0.27944827184767423
1.0 7.829017 5532.0 -0.16722509960159362 4.53 0.8997749003984065 -0.5129 7.129 1.884932470119522 0.9739 0.6590424302788844 0.1071 0.2794225099601593
1.0 7.839033 5532.0 -0.1669688801590307 4.529968880159031 0.9 -0.5129 7.1289688801590305 1.8850093359522908 0.9739 0.6592186719045816 0.1071 0.27939688801590307
1.0 7.84897 5532.0 -0.1667337182885271 4.5297337182885276 0.9 -0.5129 7.128733718288527 1.8850798845134418 0.9739 0.6593597690268838 0.1071 0.2793733718288527
1.0 7.858986 5532.0 -0.1664966868610375 4.529496686861037 0.9 -0.5129 7.1284966868610375 1.8851509939416888 0.9739 0.6595019878833775 0.1071 0.2793496686861037
1.0 7.869011 5532.0 -0.16625944244604315 4.529259442446043 0.9 -0.5129 7.128259442446043 1.885222167266187 0.9739 0.6596443345323741 0.1071 0.27932594424460433
1.0 7.879364 5532.0 -0.16601443581976524 4.529014435819765 0.9 -0.5129 7.1280144358197655 1.8852956692540703 0.9739 0.6597913385081409 0.1071 0.2793014435819765
1.0 7.890986 5532.240363207753 -0.16575963679224692 4.5287596367922465 0.9002403632077531 -0.5129 7.128 1.8855163268869777 0.9739 0.6599201816038766 0.1071 0.2792759636792247
1.0 7.901732 5532.47492033003 -0.16552507966996988 4.528525079669969 0.9004749203300302 -0.5129 7.128 1.885727428297027 0.9739 0.6600374601650151 0.1071 0.27925250796699697
1.0 7.912677 5532.7138211027195 -0.1652861788972803 4.52828617889728 0.9007138211027197 -0.5129 7.128 1.8859424389924477 0.9739 0.6601569105513598 0.1071 0.279228617889728
1.0 7.919654 5532.866110795827 -0.16513388920417338 4.528133889204173 0.9008661107958267 -0.5129 7.128 1.886079499716244 0.9739 0.6602330553979133 0.1071 0.27921338892041736
1.0 7.933642 5533.47818322036 -0.16468121118642692 4.527840605593213 0.9011593944067866 -0.5129 7.128 1.8866941226610383 0.9739 0.6603159394406787 0.1071 0.2791203027966067
1.0 7.940643 5533.9044323578355 -0.16439704509477618 4.527698522547388 0.9013014774526119 -0.5129 7.128 1.887134580103097 0.9739 0.6603301477452612 0.1071 0.27904926127369406
1.0 7.954667 5534.758270081585 -0.1638278199456103 4.527413909972805 0.9015860900271949 -0.5129 7.128 1.8880168790843042 0.9739 0.6603586090027195 0.1071 0.27890695498640256
1.0 7.961691 5535.185919551894 -0.16354272029873768 4.527271360149369 0.9017286398506312 -0.5129 7.128 1.8884587835369566 0.9739 0.6603728639850631 0.1071 0.2788356800746844
1.0 7.975766 5536.066944333505 -0.16297322226659822 4.5269866111332995 0.9020133888667009 -0.5129 7.128 1.8893415054867728 0.9739 0.6604 0.10709866111332991 0.27869330556664956
1.0 7.982818 5536.737528765143 -0.1627049884939427 4.526852494246971 0.9021475057530287 -0.5129 7.128 1.8897572678343888 0.9739 0.6604 0.10708524942469713 0.27862624712348566
1.0 7.98988 5537.40906411061 -0.16243637435575586 4.526718187177878 0.902281812822122 -0.5129 7.128 1.8901736197485783 0.9739 0.6604 0.10707181871778779 0.278559093588939
1.0 8.004033 5538.754892451646 -0.1618980430193416 4.526449021509671 0.9025509784903293 -0.5129 7.128 1.8910080333200205 0.9739 0.6604 0.10704490215096708 0.2784245107548354
1.0 8.01113 5539.429755995512 -0.16162809760179533 4.526314048800898 0.9026859511991023 -0.5129 7.128 1.8914264487172172 0.9739 0.6604 0.10703140488008976 0.27835702440044885
1.0 8.025363 5540.783191647173 -0.1610867233411308 4.526043361670565 0.9029566383294346 -0.5129 7.128 1.8922655788212475 0.9739 0.6604 0.10700433616705654 0.2782216808352827
1.0 8.032498 5541.522999030486 -0.16073850048475705 4.525912833494919 0.903087166505081 -0.5129 7.128087166505081 1.892835832525405 0.9739 0.6603825666989838 0.1069912833494919 0.2781302667959352
1.0 8.039644 5542.292793278035 -0.16035360336098248 4.525784534453661 0.9032154655463392 -0.5129 7.128215465546339 1.8934773277316959 0.9739 0.6603569068907321 0.10697845344536608 0.27802762756292865
1.0 8.053988 5543.837983410535 -0.1595810082947323 4.525527002764911 0.9034729972350892 -0.5129 7.128472997235089 1.8947649861754463 0.9739 0.6603054005529821 0.10695270027649108 0.2778216022119286
1.0 8.061181 5544.612840676506 -0.15919357966174733 4.525397859887249 0.903602140112751 -0.5129 7.128602140112751 1.8954107005637544 0.9739 0.6602795719774498 0.1069397859887249 0.2777182879097993
1.0 8.075616 5546.167833674459 -0.15841608316277067 4.52513869438759 0.9038613056124098 -0.5129 7.12886130561241 1.8967065280620488 0.9739 0.6602277388775181 0.10691386943875902 0.27751095551007215
1.0 8.082861 5546.94829257783 -0.15802585371108485 4.525008617903695 0.903991382096305 -0.5129 7.128991382096305 1.8973569104815253 0.9739 0.660201723580739 0.10690086179036949 0.27740689432295595
1.0 8.090124 5547.810380433855 -0.15765269409977647 4.524884231366593 0.9041157686334078 -0.5129 7.129 1.898048304347084 0.9740157686334078 0.6605936133535867 0.10670319332320667 0.2773884231366592
1.0 8.104706 5549.552525131846 -0.15690606065778023 4.524635353552593 0.9043646464474067 -0.5129 7.129 1.899442020105477 0.9742646464474066 0.6614397979211823 0.1062801010394088 0.2773635353552593
1.0 8.112025 5550.426942704511 -0.1565313102694954 4.524510436756499 0.9044895632435016 -0.5129 7.129 1.9001415541636086 0.9743895632435016 0.6618645150279052 0.10606774248604739 0.27735104367564983
1.0 8.119365 5551.303869194928 -0.15615548463074536 4.524385161543582 0.9046148384564182 -0.5129 7.129 1.900843095355942 0.9745148384564182 0.6622904507518219 0.10585477462408904 0.2773385161543582
1.0 8.134104 5553.064771039921 -0.1554008124114625 4.5241336041371545 0.9048663958628459 -0.5129 7.129 1.9022518168319367 0.9747663958628459 0.6631457459336758 0.1054271270331621 0.2773133604137154
1.0 8.141506 5553.949104811319 -0.1550218122237204 4.52400727074124 0.9049927292587598 -0.5129 7.129 1.9029592838490552 0.9748927292587598 0.6635752794797835 0.10521236026010823 0.277300727074124
1.0 8.156373 5555.650453892372 -0.15429266261755487 4.523764220872518 0.9052357791274818 -0.5129 7.129 1.9042732072884012 0.9749 0.6635292662617555 0.10517642208725184 0.2771113766980146
1.0 8.163838 5556.503624608151 -0.15392701802507838 4.523642339341693 0.9053576606583073 -0.5129 7.129 1.904931367554859 0.9749 0.6634927018025079 0.10516423393416928 0.2770138714733542
1.0 8.171329 5557.3597668495295 -0.15356009992163008 4.52352003330721 0.90547996669279 -0.5129 7.129 1.905591820141066 0.9749 0.663456009992163 0.105152003330721 0.27691602664576803
1.0 8.186386 5559.0806230407525 -0.15282259012539182 4.5232741967084635 0.9057258032915361 -0.5129 7.129 1.9069193377742948 0.9749 0.6633822590125392 0.10512741967084639 0.27671935736677117
1.0 8.193951 5559.94522270115 -0.1524520474137931 4.523150682471264 0.9058493175287357 -0.5129 7.129 1.9075863146551726 0.9749 0.6633452047413793 0.10511506824712644 0.2766205459770115
1.0 8.201545 5560.813136755486 -0.1520800842476489 4.523026694749216 0.9059733052507837 -0.5129 7.129 1.908255848354232 0.9749 0.6633080084247649 0.10510266947492163 0.2765213557993731
1.0 8.209166 5561.376199978004 -0.15181190001099815 4.523 0.9060940499945009 -0.5129 7.129 1.9087479849796536 0.9749 0.6632811900010999 0.1050905950005499 0.27645297500274957
1.0 8.224492 5562.3393875595075 -0.15133030622024604 4.523 0.906334846889877 -0.5129 7.129 1.9096389334925448 0.9749 0.6632330306220247 0.1050665153110123 0.27633257655506155
1.0 8.2322 5562.8238094489925 -0.1510880952755039 4.523 0.9064559523622481 -0.5129 7.129 1.9100870237403178 0.9749 0.6632088095275503 0.1050544047637752 0.276272023818876
1.0 8.23994 5563.310242430908 -0.15084487878454597 4.523 0.9065775606077271 -0.5129 7.129 1.91053697424859 0.9749 0.6631844878784546 0.1050422439392273 0.2762112196961365
1.0 8.255523 5564.289581598504 -0.15035520920074785 4.523 0.9068223953996261 -0.5129 7.129 1.9114428629786164 0.9749 0.6631355209200748 0.10501776046003738 0.276088802300187
1.0 8.263369 5564.7826763241 -0.15010866183794988 4.523 0.906945669081025 -0.5129 7.129 1.9118989755997926 0.9749 0.663110866183795 0.10500543309189748 0.2760271654594875
1.0 8.271256 5565.134622106719 -0.14986537789328105 4.52293268894664 0.907 -0.5129 7.129 1.9122817398440706 0.9749 0.663106731105336 0.105 0.2759798066839922
1.0 8.279185 5565.375628808949 -0.14962437119105151 4.522812185595526 0.907 -0.5129 7.129 1.9126070988920805 0.9749 0.6631187814404474 0.105 0.27594365567865775
1.0 8.295178 5565.861745619234 -0.14913825438076564 4.5225691271903825 0.907 -0.5129 7.129 1.9132633565859662 0.9749 0.6631430872809617 0.105 0.2758707381571149
1.0 8.30325 5566.10709889208 -0.14889290110791953 4.52244645055396 0.907 -0.5129 7.129 1.9135945835043087 0.9749 0.6631553549446041 0.105 0.2758339351661879
1.0 8.311377 5566.354123922856 -0.148645876077144 4.522322938038572 0.907 -0.5129 7.129 1.9139280672958556 0.9749 0.6631677061961428 0.105 0.2757968814115716
1.0 8.319562 5566.602911898357 -0.14839708810164287 4.522198544050822 0.907 -0.5129 7.129 1.914263931062782 0.9749 0.6631801455949179 0.105 0.2757595632152464
1.0 8.336125 5567.117246925577 -0.1479413765372114 4.521941376537212 0.9070586234627886 -0.5129 7.129 1.9149348339644139 0.9749 0.6632175870388366 0.105 0.2756824129611634
1.0 8.344514 5567.398351372181 -0.14780082431390945 4.521800824313909 0.9071991756860905 -0.5129 7.129 1.9152581040780083 0.9749 0.6632597527058272 0.105 0.27564024729417286
1.0 8.352981 5567.682069497035 -0.14765896525148275 4.521658965251483 0.9073410347485172 -0.5129 7.129 1.9155843799215897 0.9749 0.6633023104245551 0.105 0.27559768957544484
1.0 8.361531 5567.968568843615 -0.14751571557819254 4.521515715578192 0.9074842844218075 -0.5129 7.129 1.9159138541701572 0.9749 0.6633452853265422 0.105 0.27555471467345777
1.0 8.370171 5568.258083972791 -0.14737095801360453 4.521370958013605 0.9076290419863955 -0.5129 7.129 1.9162467965687096 0.9749 0.6633887125959186 0.105 0.2755112874040814
1.0 8.387747 5568.8470328050125 -0.14707648359749356 4.5210764835974935 0.9079235164025065 -0.5129 7.129 1.9169240877257647 0.9749 0.6634770549207519 0.105 0.275422945079248
1.0 8.396696 5569.083560468884 -0.14691643953111597 4.521 0.908083560468884 -0.5129 7.129 1.9172587648908797 0.9749 0.6635250681406651 0.1049916439531116 0.2753832879062232
1.0 8.405768 5569.256475745735 -0.14674352425426473 4.521 0.9082564757457353 -0.5129 7.129 1.917587303916897 0.9749 0.6635769427237206 0.10497435242542646 0.27534870485085294
1.0 8.41497 5569.431868864957 -0.1465681311350424 4.521 0.9084318688649576 -0.5129 7.129 1.9179205508434194 0.9749 0.6636295606594872 0.10495681311350423 0.27531362622700845
1.0 8.424315 5569.609987610788 -0.14639001238921184 4.521 0.9086099876107882 -0.5129 7.129 1.9182589764604976 0.9749 0.6636829962832363 0.10493900123892118 0.27527800247784234
1.0 8.433811 5569.790984465834 -0.14620901553416563 4.521 0.9087909844658344 -0.5129 7.129 1.9186028704850853 0.9749 0.6637372953397502 0.10492090155341656 0.2752418031068331
1.0 8.443476 5569.975202515963 -0.14602479748403696 4.521 0.9089752025159631 -0.5129 7.129 1.9189528847803299 0.9749 0.6637925607547889 0.10490247974840369 0.2752049594968074
1.0 8.45332 5570.365046469395 -0.14581747676530285 4.520817476765303 0.909 -0.5129 7.129182523234697 1.9192372802051063 0.9749 0.6638547569704091 0.1049 0.27516349535306056
1.0 8.463358 5570.793975002671 -0.14560301249866467 4.520603012498665 0.909 -0.5129 7.129396987501335 1.919516083751736 0.9749 0.6639190962504006 0.1049 0.27512060249973297
1.0 8.473605 5571.231834205747 -0.14538408289712637 4.5203840828971265 0.909 -0.5129 7.129615917102873 1.9198006922337356 0.9749 0.6639847751308621 0.1049 0.2750768165794253
1.0 8.484082 5571.679521418652 -0.14516023929067404 4.520160239290673 0.909 -0.5129 7.129839760709326 1.9200916889221236 0.9749 0.6640519282127978 0.1049 0.27503204785813484
1.0 8.49481 5572.0 -0.1449235922077307 4.51992359220773 0.9090764077922693 -0.5129 7.13 1.92039933012995 0.9749 0.6641305631169078 0.1049 0.27498471844154615
1.0 8.505806 5572.0 -0.14466331337136365 4.519663313371363 0.9093366866286364 -0.5129 7.13 1.9207376926172273 0.9749 0.6642346746514546 0.1049 0.27493266267427274
1.0 8.517106 5572.0 -0.1443958387577816 4.519395838757782 0.9096041612422184 -0.5129 7.13 1.921085409614884 0.9749 0.6643416644968874 0.1049 0.27487916775155635
1.0 8.52873 5572.0 -0.14412069496058894 4.519120694960589 0.9098793050394111 -0.5129 7.13 1.9214430965512344 0.9749 0.6644517220157644 0.1049 0.2748241389921178
1.0 8.540717 5572.178909090909 -0.1438210909090909 4.519 0.9101789090909091 -0.5129 7.13 1.9217968 0.9749 0.6645715636363636 0.1049 0.27478210909090905
1.0 8.553118 5572.501012987013 -0.14349898701298702 4.519 0.910501012987013 -0.5129 7.13 1.9221511142857144 0.9749 0.6647004051948052 0.1049 0.2747498987012987
1.0 8.565988 5572.835298701299 -0.14316470129870126 4.519 0.9108352987012988 -0.5129 7.13 1.9225188285714288 0.9749 0.6648341194805195 0.1049 0.2747164701298701
1.0 8.579052 5573.19011396092 -0.14280988603908035 4.51880988603908 0.911 -0.5129 7.13 1.9229471481491955 0.9749 0.6649760455843678 0.1049 0.27468098860390805
1.0 8.591956 5573.555015128807 -0.14244498487119306 4.518444984871193 0.911 -0.5129 7.13 1.9234215196674491 0.9749 0.6651220060515228 0.1049 0.2746444984871193
1.0 8.604698 5573.915335237395 -0.14208466476260495 4.518084664762605 0.911 -0.5129 7.13 1.9238899358086134 0.9749 0.665266134094958 0.1049 0.2746084664762605
1.0 8.617271 5574.292944738371 -0.14170705526162877 4.517707055261629 0.9112929447383713 -0.5129 7.130292944738371 1.9243808281598827 0.9749 0.6653878834215113 0.1049 0.27454141105232577
1.0 8.629671 5574.672161228172 -0.14132783877182786 4.517327838771828 0.9116721612281722 -0.5129 7.130672161228172 1.9248738095966238 0.9749 0.6655016483684516 0.1049 0.27446556775436554
1.0 8.641893 5575.049393271729 -0.1409506067282712 4.517 0.9120493932717288 -0.5129 7.131 1.9253691505804202 0.9749 0.6656197573086915 0.1049 0.2743901213456542
1.0 8.653935 5575.445394455589 -0.14055460554441115 4.517 0.9124453944555889 -0.5129 7.131 1.9259235522378244 0.9749 0.6657781577822356 0.1049 0.2743109211088822
1.0 8.665794 5575.835377684239 -0.1401646223157618 4.517 0.9128353776842383 -0.5129 7.131 1.9264695287579336 0.9749 0.6659341510736954 0.1049 0.27423292446315234
1.0 8.677466 5576.0 -0.13976542210648554 4.516765422106486 0.913 -0.5129 7.131 1.9270049512615688 0.9749 0.6660703733680544 0.10487654221064854 0.2741765422106486
1.0 8.688953 5576.0 -0.13936119224407928 4.516361192244079 0.913 -0.5129 7.131 1.9275304500826969 0.9749 0.6661916423267762 0.10483611922440793 0.27413611922440795
1.0 8.700252 5576.03880328422 -0.139 4.516 0.91303880328422 -0.5129 7.131 1.928054324597908 0.9749 0.666311640985266 0.1048 0.274092239343156
1.0 8.711363 5576.455366850373 -0.139 4.516 0.9134553668503731 -0.5129 7.131 1.9286375135905223 0.9749 0.6664366100551119 0.1048 0.2740089266299254
1.0 8.722287 5576.8649195816 -0.139 4.516 0.9138649195815994 -0.5129 7.131 1.929210887414239 0.9749 0.6665594758744798 0.1048 0.2739270160836801
1.0 8.733023 5577.283855306618 -0.13871614469338217 4.515716144693382 0.9142838553066178 -0.5129 7.131283855306618 1.929797397429265 0.9752690118986032 0.668303131839707 0.10414713279477897 0.2740986987146325
1.0 8.743576 5577.70380834892 -0.13829619165108045 4.51529619165108 0.9147038083489196 -0.5129 7.131703808348919 1.9303853316884874 0.9758149508535954 0.6708228500935174 0.10318124079748502 0.2743926658442437
1.0 8.753944 5578.123142339915 -0.137876857660085 4.514876857660084 0.915 -0.5129 7.132 1.9309723992758812 0.9762 0.6726369427019745 0.1025 0.274575371532017
1.0 8.764131 5578.552014482381 -0.1374479855176188 4.514447985517619 0.915 -0.5129 7.132 1.9315728202753337 0.9762 0.6727656043447143 0.1025 0.2744895971035238
1.0 8.774138 5578.973308634699 -0.13702669136530124 4.514026691365301 0.915 -0.5129 7.132 1.9321626320885783 0.9762 0.6728919925904097 0.1025 0.27440533827306024
1.0 8.785851 5579.491919012521 -0.136508080987479 4.514 0.915491919012521 -0.5129 7.132 1.9329378785187814 0.9762 0.6730475757037564 0.1025 0.27430161619749577
1.0 8.7995 5580.103031152212 -0.13589696884778857 4.513896968847789 0.9161030311522115 -0.5129 7.132103031152211 1.933844243613096 0.9762 0.6732309093456634 0.10248969688477885 0.27418969688477884
1.0 8.815334 5580.842557563869 -0.13515744243613095 4.513157442436131 0.9168425575638691 -0.5129 7.132842557563869 1.9348795805894168 0.9762 0.6734527672691607 0.1024157442436131 0.2741157442436131
1.0 8.833602 5581.730066160255 -0.13426993383974511 4.513 0.917 -0.5129 7.133 1.9361950992403825 0.9762 0.6737190198480765 0.1024 0.273953986767949
1.0 8.853335 5582.729898917338 -0.13327010108266205 4.512270101082661 0.917729898917338 -0.5139218584842732 7.133 1.937621858484273 0.9762 0.6740189696752014 0.1024 0.2737540202165324
1.0 8.872209 5583.729719586081 -0.13227028041391883 4.511270280413918 0.9187297195860812 -0.5143 7.133729719586081 1.9390945793791217 0.9762 0.6743189158758244 0.1024 0.2736270280413919
1.0 8.890297 5584.729534779692 -0.13127046522030866 4.511 0.919 -0.5143 7.134 1.940521348691568 0.9762 0.6746188604339074 0.1024 0.2734540930440617
1.0 8.907662 5585.729389846297 -0.13027061015370284 4.510270610153703 0.9197293898462973 -0.5143 7.134 1.9419940847694457 0.9762 0.6749188169538892 0.1024 0.27325412203074056
1.0 8.924359 5586.7292259274955 -0.13 4.51 0.92 -0.5143 7.1347292259274955 1.9434938388912426 0.9762 0.675145845185499 0.1023270774072505 0.273054154814501
1.0 8.940438 5587.729094678645 -0.12927090532135455 4.509270905321355 0.9207290946786455 -0.5143 7.135 1.9449936420179683 0.9762 0.6754187284035936 0.1023 0.27292709053213543
1.0 8.955943 5588.728948225334 -0.1282710517746663 4.509 0.9217289482253337 -0.5143 7.135 1.9464934223380006 0.9762 0.6757186844676001 0.1023 0.27275421035493325
1.0 8.970913 5589.728792987188 -0.12727120701281194 4.508271207012812 0.922 -0.5143 7.135728792987188 1.9479203101820632 0.9762 0.6760186378961565 0.1023 0.2726271207012812
1.0 8.985385 5590.728730822873 -0.12627126917712683 4.507271269177126 0.9227287308228732 -0.5143 7.136 1.9493930962343098 0.9762 0.676318619246862 0.1023 0.2724542538354254
1.0 8.999389 5591.728674351585 -0.1252713256484149 4.507 0.923 -0.5143 7.136 1.9508930115273777 0.9762 0.6766186023054755 0.1023 0.272254265129683
1.0 9.012955 5592.728516205769 -0.12427148379423138 4.506271483794231 0.9237285162057687 -0.5143 7.136 1.952392774308653 0.9762 0.6769185548617306 0.1023 0.2720542967588463
1.0 9.026112 5593.72840830715 -0.12327159169285003 4.506 0.92472840830715 -0.5143 7.13672840830715 1.953892612460725 0.9762 0.6771456816614301 0.102227159169285 0.27185431833857
1.0 9.038882 5594.728349253967 -0.12227165074603302 4.505271650746033 0.925 -0.5143 7.137 1.9553925238809504 0.9762 0.6774185047761901 0.1022 0.2717271650746033
1.0 9.051288 5596.456657730116 -0.122 4.505 0.9257283288650581 -0.5143 7.137728328865058 1.956965326184093 0.9762 0.6776456657730116 0.1022 0.2715543342269884
1.0 9.063348 5597.728153717628 -0.1212718462823726 4.504271846282372 0.926 -0.5143 7.138 1.9584922305764412 0.9762 0.6779184461152883 0.1022 0.2713543692564745
1.0 9.07508 5598.728037784457 -0.12027196221554311 4.5032719622155435 0.9267280377844569 -0.5143 7.138 1.960064860455131 0.9762 0.6781456075568915 0.1022 0.2711543924431086
1.0 9.086506 5599.728050070522 -0.11927194992947815 4.503 0.927728050070522 -0.5143 7.138728050070522 1.9615920751057827 0.9762 0.6784184150211565 0.1022 0.2709543899858956
1.0 9.097639 5600.727996381727 -0.11827200361827231 4.502272003618272 0.928 -0.5143 7.139 1.9631647942107644 0.9762 0.6787183989145182 0.10212720036182722 0.2707544007236545
1.0 9.108494 5601.72794731472 -0.11727205268527967 4.502 0.9287279473147204 -0.5143 7.139 1.9646919209720806 0.9762 0.6789455894629441 0.1021 0.27062720526852796
1.0 9.119084 5602.727851711026 -0.11627214828897336 4.501272148288973 0.9297278517110267 -0.5143 7.139727851711027 1.9662645627376425 0.9762 0.679218355513308 0.1021 0.27045442965779465
1.0 9.129419 5603.727697701597 -0.11527230229840281 4.500272302298403 0.93 -0.5143 7.14 1.9678643163225555 0.9762 0.6794455395403194 0.1021 0.27025446045968055
1.0 9.139517 5604.7277257325095 -0.11427227426749055 4.5 0.9307277257325095 -0.5143 7.14072772573251 1.969464361172015 0.9762 0.6797183177197528 0.1021 0.2700544548534981
1.0 9.149385 5605.727643519935 -0.1132723564800652 4.4992723564800645 0.931 -0.5143 7.141 1.9710642296318956 0.9762 0.6800182930559805 0.1021 0.26985447129601303
1.0 9.159035 5606.727737226277 -0.11227226277372264 4.499 0.9317277372262774 -0.5143 7.141 1.9726643795620438 0.9762 0.6803183211678833 0.10202722627737226 0.2696544525547445
1.0 9.168474 5607.7276214833755 -0.11127237851662404 4.498272378516624 0.932727621483376 -0.5143 7.141727621483376 1.9742641943734014 0.9762 0.6806182864450128 0.102 0.26952723785166244
1.0 9.17771 5608.72751034633 -0.111 4.49727248965367 0.933 -0.5143 7.142 1.9758640165541275 0.9762 0.6808455020692659 0.102 0.269354497930734
1.0 9.186756 5609.72751528627 -0.1102724847137297 4.497 0.9337275152862703 -0.5143 7.142 1.9774640244580324 0.9762 0.681118254585881 0.102 0.26915449694274596
1.0 9.195617 5611.454834316841 -0.10927258284157965 4.49627258284158 0.9347274171584204 -0.5143 7.1427274171584205 1.9790638674534726 0.9762 0.6814182251475261 0.102 0.2689545165683159
1.0 9.204302 5612.727451661456 -0.10827254833854351 4.496 0.935 -0.5143 7.143 1.9806639226583305 0.9762 0.6816454903322913 0.10192725483385436 0.2687545096677087
1.0 9.212816 5613.72744449693 -0.10727255550307034 4.49527255550307 0.9357274444969297 -0.5143 7.14372744449693 1.9823366556447803 0.9762 0.681918233349079 0.1019 0.26855451110061407
1.0 9.221166 5614.72760115607 -0.10627239884393061 4.494272398843931 0.9367276011560695 -0.5143 7.144 1.983964161849711 0.9762 0.6822182803468209 0.1019 0.2683544797687861
1.0 9.229357 5615.727395411606 -0.10527260458839403 4.494 0.937 -0.5143 7.144 1.98563657219973 0.9772183535762483 0.6869553306342782 0.10014697705802962 0.26880917678812416
1.0 9.237398 5616.727284089489 -0.10427271591051111 4.4932727159105115 0.9377272840894889 -0.5143 7.144727284089488 1.9872636545431823 0.9776 0.6889181852268467 0.09947545431821023 0.2688545431821022
1.0 9.245293 5617.7272148676175 -0.1032727851323829 4.493 0.938 -0.5143 7.145 1.9889362652749492 0.9776 0.6891454429735234 0.09945545570264766 0.26865455702647656
1.0 9.253047 5618.727190254018 -0.1022728097459824 4.492272809745982 0.9387271902540175 -0.5143 7.145727190254018 1.99063622343183 0.9776 0.6894181570762052 0.09943545619491966 0.2684545619491965
1.0 9.260665 5620.454425537528 -0.10127278723123616 4.491272787231236 0.9397272127687638 -0.5143 7.146 1.9922635404300222 0.9776 0.6897181638306291 0.09941545574462472 0.2682545574462472
1.0 9.26815 5621.0 -0.1002728859060402 4.491 0.94 -0.5143 7.146 1.9939360939597317 0.9776 0.6900181342281879 0.0994027288590604 0.26812728859060403
1.0 9.275509 5622.454197952218 -0.09927290102389075 4.490272901023891 0.9407270989761092 -0.5143 7.146727098976109 1.9956360682593857 0.9776 0.6903181296928328 0.09938545802047781 0.2679545802047782
1.0 9.282747 5623.727133934768 -0.09827286606523238 4.49 0.9417271339347676 -0.5143 7.147 1.997336127689105 0.9776 0.6906181401804303 0.09936545732130465 0.26775457321304647
1.0 9.289865 5624.727067456957 -0.09727293254304245 4.4892729325430425 0.942 -0.5143 7.147 1.9990360146768278 0.9776 0.6908454134913915 0.09934545865086085 0.26755458650860847
1.0 9.296869 5625.727090205077 -0.09627290979492333 4.488272909794923 0.9427270902050766 -0.5143 7.147727090205077 2.0007360533486303 0.9776 0.691118127061523 0.09932545819589847 0.26735458195898465
1.0 9.30376 5626.727007724821 -0.09527299227517849 4.488 0.9437270077248214 -0.5143 7.148 2.0024359131321963 0.9776 0.6914181023174465 0.09931272992275178 0.2671545984550357
1.0 9.310545 5627.727057430432 -0.09427294256956785 4.487272942569568 0.944 -0.5143 7.148727057430432 2.004135997631735 0.9776 0.6917181172291297 0.09928818827708703 0.26695458851391357
1.0 9.317225 5628.726999398677 -0.09327300060132285 4.487 0.9447269993986771 -0.5143 7.149 2.005908598917619 0.9776 0.6920180998196032 0.09927273000601322 0.2667546001202646
1.0 9.323805 5629.726995269342 -0.09227300473065778 4.486273004730657 0.9457269952693421 -0.5143 7.149726995269343 2.007635891957882 0.9776 0.6923180985808027 0.09925546009461315 0.26655460094613154
1.0 9.330286 5630.726991013325 -0.09127300898667512 4.485273008986676 0.9467269910133248 -0.5143 7.15 2.009335884722652 0.9776 0.692545398202665 0.0992354601797335 0.266354601797335
1.0 9.33667 5632.453687686743 -0.09027315615662845 4.485 0.947 -0.5143 7.15 2.011108318918069 0.9776 0.6928180531530115 0.09921546312313258 0.2661546312313257
1.0 9.342963 5633.7268666241225 -0.08927313337587765 4.484273133375877 0.9477268666241223 -0.5143 7.150726866624122 2.012835673261008 0.9776 0.6931180599872367 0.09919546266751755 0.26595462667517555
1.0 9.349167 5634.726978475482 -0.089 4.483273021524519 0.9487269784754814 -0.5143 7.151 2.0146085612558666 0.9776 0.6934180935426444 0.09917546043049037 0.2657546043049037
1.0 9.355283 5635.726899720991 -0.08827310027900868 4.483 0.949 -0.5143 7.151726899720991 2.0164084194977843 0.9776 0.6937180699162974 0.09915546200558017 0.26555462005580177
1.0 9.361314 5636.7268641810915 -0.08727313581890803 4.482273135818908 0.949726864181092 -0.5143 7.152 2.0182083555259656 0.9776 0.6940180592543276 0.09913546271637816 0.2653546271637816
1.0 9.367263 5637.727088607595 -0.08627291139240521 4.481272911392405 0.9507270886075947 -0.5143 7.152 2.020008759493671 0.9776 0.6943181265822784 0.0991154582278481 0.26515458227848104
1.0 9.373129 5638.726821758467 -0.08527317824153273 4.481 0.951 -0.5143 7.152726821758467 2.021808279165241 0.9776 0.6946180465275402 0.09909546356483065 0.26495463564830657
1.0 9.378919 5639.726815739296 -0.08427318426070382 4.480273184260704 0.9517268157392962 -0.5143 7.153 2.023608268330733 0.9776 0.6949180447217889 0.09907546368521408 0.2647546368521408
1.0 9.384633 5640.726729891113 -0.08327327010888669 4.479273270108886 0.9527267298911133 -0.5143 7.153726729891114 2.025408113804004 0.9776 0.695218018967334 0.09906273270108887 0.26455465402177736
1.0 9.390273 5641.726819718811 -0.08227318028118863 4.479 0.9537268197188113 -0.5143 7.154 2.0272082754938605 0.9776 0.6955180459156434 0.09903819540843566 0.2643546360562377
1.0 9.39584 5643.454020915976 -0.08127298954201227 4.478272989542012 0.954 -0.5143 7.154727010457988 2.029008618824378 0.9776 0.6958181031373963 0.09902272989542012 0.26415459790840246
1.0 9.401335 5644.726725082147 -0.08027327491785333 4.477273274917853 0.9547267250821466 -0.5143 7.155 2.030808105147864 0.9776 0.696118017524644 0.0989981982475356 0.2639546549835707
1.0 9.406763 5645.726617375231 -0.07927338262476893 4.477 0.955726617375231 -0.5143 7.155 2.032607911275416 0.9776 0.6964179852125694 0.09897546765249537 0.26375467652495377
1.0 9.412124 5646.72655811342 -0.0782734418865804 4.476273441886581 0.9567265581134196 -0.5143 7.155726558113419 2.0344804604154976 0.9784718697361036 0.7010773161145435 0.09736430656934268 0.26413593486805176
1.0 9.41742 5647.726600985222 -0.07727339901477831 4.476 0.957 -0.5143 7.156 2.0363805418719214 0.9788 0.7030179802955665 0.09674546798029557 0.26415467980295565
1.0 9.422652 5648.726558005753 -0.07627344199424745 4.475273441994247 0.9577265580057525 -0.5143 7.156726558005753 2.0382078044103547 0.9788 0.7033179674017258 0.09672546883988495 0.2639546883988495
1.0 9.42782 5649.726460881382 -0.07527353911861755 4.4742735391186175 0.9587264608813825 -0.5143 7.157 2.040080275674627 0.9788 0.7036179382644148 0.09670547078237235 0.2637547078237235
1.0 9.432929 5650.726630007855 -0.07427336999214466 4.473273369992144 0.959 -0.5143 7.157726630007856 2.041980597014925 0.9788 0.7039179890023566 0.09668546739984289 0.2635546739984289
1.0 9.437979 5651.7266587207 -0.07327334127930084 4.473 0.9597266587206992 -0.5143 7.158 2.0438806515693284 0.9788 0.7042906634882796 0.09666546682558601 0.26328200238379024
1.0 9.44297 5653.452974276527 -0.07227351286173622 4.472273512861737 0.9607264871382637 -0.5143 7.158 2.045780325562701 0.9788 0.7046179461414791 0.09664547025723473 0.2631273512861736
1.0 9.447905 5654.726570441147 -0.07054685911770646 4.471273429558853 0.9617265704411467 -0.5143 7.1587265704411465 2.047680483838179 0.9788 0.704917971132344 0.09662546859117706 0.26288202886765594
1.0 9.452783 5655.726506271849 -0.06927349372815121 4.471 0.962 -0.5143 7.159 2.049580361916513 0.9788 0.7052179518815547 0.09660546987456303 0.26265469874563024
1.0 9.46238 5657.7265657839425 -0.06727343421605718 4.469273434216057 0.9637265657839428 -0.5143 7.16 2.0533804749894915 0.9788 0.7058906263135771 0.09656546868432114 0.26225468684321146
1.0 9.47177 5659.7265893470785 -0.06527341065292118 4.468273410652921 0.9657265893470788 -0.5143 7.161 2.0572531786941575 0.9788 0.7065179768041236 0.09652546821305842 0.2618546821305842
1.0 9.480959 5662.452830188679 -0.06327358490566026 4.467 0.9667264150943397 -0.5143 7.162 2.0611528301886795 0.9788 0.7072179245283019 0.09648547169811321 0.26138207547169806
1.0 9.48996 5664.726478494624 -0.06127352150537625 4.4652735215053765 0.9687264784946237 -0.5143 7.162726478494624 2.0651529569892477 0.9788 0.7078905913978495 0.09644547043010752 0.26095470430107526
1.0 9.503119 5667.726391133688 -0.0582736088663126 4.463273608866313 0.9707263911336874 -0.5143 7.164 2.0711527822673745 0.9788 0.7089179173401062 0.09638547217732625 0.2603547217732625
1.0 9.511676 5669.726330664154 -0.056273669335845676 4.462 0.9727263306641543 -0.5143 7.165 2.0751526613283087 0.9788 0.7096178991992463 0.09634547338671691 0.2598547338671691
1.0 9.520068 5672.45292987512 -0.05427353506243994 4.46027353506244 0.974 -0.5143 7.166 2.0792529298751203 0.97952646493756 0.7142134966378484 0.09491792267050908 0.25996323246878
1.0 9.532358 5675.72628458498 -0.05027371541501978 4.45827371541502 0.9767262845849802 -0.5143 7.1677262845849805 2.0854251976284583 0.9798 0.7167178853754941 0.09433547430830039 0.259454743083004
1.0 9.540363 5677.726220432813 -0.04827377956718702 4.456273779567187 0.978726220432813 -0.5143 7.168726220432813 2.0897250629089075 0.9798 0.7174904881731252 0.09429547559134374 0.2590547559134374
1.0 9.5521 5680.726473629783 -0.04527352637021723 4.454273526370217 0.9807264736297827 -0.5143 7.17 2.0960255946225437 0.9798 0.7186179420889348 0.09423547052740434 0.2583547052740434
1.0 9.559752 5683.726315789474 -0.043273684210526235 4.452273684210526 0.9827263157894738 -0.5143 7.171 2.1003252631578953 0.9798 0.7193905263157895 0.09418547368421053 0.25788210526315786
1.0 9.570983 5686.726438023225 -0.03927356197677571 4.4502735619767755 0.9857264380232242 -0.5143 7.172726438023224 2.1068255198487713 0.9798 0.7204905752092897 0.0941254712395355 0.2571820685930327
1.0 9.581931 5689.726315789474 -0.03627368421052618 4.448273684210527 0.9877263157894738 -0.5143 7.174 2.1134978947368426 0.9798 0.7216905263157896 0.09405821052631579 0.25648210526315784
1.0 9.589079 5691.7262742889325 -0.034273725711067425 4.446273725711067 0.9897262742889326 -0.5143 7.175 2.1179978034356517 0.9798 0.722490509715573 0.09401547451422135 0.2560547451422135
1.0 9.599586 5695.726197345643 -0.030273802654356592 4.444273802654356 0.9927261973456434 -0.5143 7.176726197345643 2.12477025389498 0.9805261973456434 0.7279024235429892 0.09253212925562605 0.2558630986728217
1.0 9.609844 5698.726225634968 -0.027273774365032276 4.441273774365032 0.9957262256349677 -0.5143 7.178 2.131670318960426 0.9808 0.7306904902539871 0.09192547548730065 0.2552821323095097
1.0 9.619865 5701.726035681887 -0.023273964318112753 4.4392739643181125 0.9987260356818872 -0.5143 7.179726035681887 2.1388424856365296 0.9808 0.7319904142727549 0.09186547928636225 0.25458218929543386
1.0 9.629661 5705.726035868894 -0.020273964131106763 4.436273964131106 1.0017260358688933 -0.5143 7.181 2.146042486085344 0.9808 0.7332904143475574 0.09179547928262213 0.25385479282622136
1.0 9.63924 5708.725979772439 -0.01627402022756046 4.434 1.0047259797724395 -0.5143 7.183 2.1533149494310986 0.9808 0.7345903919089758 0.09172822060682681 0.25308220606826815
1.0 9.651694 5712.726651480638 -0.011273348519361775 4.4302733485193615 1.0087266514806381 -0.5143 7.185 2.1633166287015957 0.9808 0.7364633257403191 0.09163820045558085 0.25208200455580854
1.0 9.660804 5716.452491694352 -0.007547508305647699 4.427273754152823 1.011726245847176 -0.5143 7.186726245847177 2.170988239202658 0.9817 0.7428631229235881 0.08993547508305648 0.2519547508305648
1.0 9.669727 5719.726255088195 -0.004273744911804619 4.424273744911805 1.0147262550881953 -0.5143 7.188726255088195 2.178688263229308 0.9817 0.7442631275440976 0.08986547489823608 0.2511821234735414
1.0 9.681347 5723.726132404181 0.0007261324041812502 4.4212738675958185 1.0194522648083626 -0.5143 7.190726132404182 2.1894605574912895 0.9817 0.7462630662020906 0.08976821602787456 0.25008216027874564
1.0 9.689862 5726.726110124334 0.0047261101243338205 4.418273889875667 1.0227261101243337 -0.5143 7.192726110124333 2.1976331083481346 0.9817 0.7478356660746003 0.08969821669626998 0.24935477797513322
1.0 9.700961 5731.725947521866 0.010451895043731525 4.414274052478134 1.0274518950437315 -0.5143 7.194725947521866 2.208732653061224 0.9822807580174926 0.753783090379008 0.08838588921282821 0.2486903790087463
1.0 9.709105 5734.726327515781 0.014452655031562808 4.411273672484218 1.0307263275157814 -0.5143 7.196726327515782 2.217406349795766 0.9825 0.7568631637578906 0.08785547344968438 0.24805473449684373
1.0 9.719729 5738.72602739726 0.01972602739725979 4.407273972602741 1.0357260273972597 -0.5143 7.199 2.2292054794520535 0.9825 0.7591356164383559 0.0877582191780822 0.24688219178082205
1.0 9.7301 5742.726315789474 0.025452631578947164 4.402547368421053 1.0407263157894735 -0.5143 7.2017263157894735 2.241424210526316 0.9825 0.7614357894736842 0.0876582105263158 0.2457821052631579
1.0 9.740228 5747.451497005988 0.030725748502994248 4.398274251497005 1.0464514970059884 -0.5143 7.204 2.254022395209582 0.9825 0.7638354491017966 0.08755822754491017 0.24468227544910173
1.0 9.750127 5751.726010616579 0.03672601061657874 4.3942739893834215 1.0517260106165787 -0.5143 7.2067260106165785 2.26699583503471 0.9833 0.7720356063699473 0.08574547978766843 0.24408219681502638
1.0 9.759805 5755.726210350585 0.04245242070116899 4.389273789649415 1.057452420701169 -0.5143 7.209 2.280469115191987 0.9833 0.7747083472454092 0.08563821368948246 0.24288213689482466
1.0 9.769271 5759.726109215017 0.04845221843003353 4.384273890784984 1.0627261092150166 -0.5143 7.211726109215016 2.2941687713310572 0.9833 0.7774082764505117 0.0855382167235495 0.241682167235495
1.0 9.780821 5764.7257993867715 0.05572579938677162 4.3782742006132285 1.0704515987735432 -0.5143 7.215725799386772 2.311640297853701 0.9839532194480944 0.7858709154621101 0.08402194918966305 0.24059031975470865
1.0 9.789845 5767.725849731664 0.062451699463327764 4.373274150268336 1.0767258497316639 -0.5143 7.218725849731664 2.325640474060824 0.9842 0.7906080948121647 0.08339822450805008 0.23958224508050083
1.0 9.800868 5772.0 0.0697260211106008 4.3672739788894 1.0847260211106007 -0.5143 7.2237260211106005 2.3434410738871025 0.9842 0.7946808168884807 0.08327547957778798 0.23808219366681976
1.0 9.809489 5775.0 0.07572578380907798 4.361548432381844 1.091451567618156 -0.5143 7.227725783809078 2.357440243331773 0.9842 0.7980532054281702 0.08318548432381845 0.23688226485727662
1.0 9.82003 5778.0 0.0834522781774571 4.3552738609112716 1.0994522781774572 -0.5143 7.2327261390887285 2.374768872901677 0.9842 0.8025535251798557 0.08307547721822543 0.2354547721822543
1.0 9.830321 5779.909090909091 0.09063636363636374 4.348363636363636 1.1085454545454547 -0.5143 7.237727272727273 2.3931727272727277 0.9851 0.8146272727272728 0.08102454545454545 0.23468181818181816
1.0 9.840374 5781.891434262949 0.09856573705179371 4.34137998007968 1.117511454183268 -0.5143 7.241782868525897 2.4125469123506 0.9851 0.8198177290836659 0.08093488545816732 0.23337056772908354
1.0 9.850199 5783.891175871205 0.1065647034848176 4.333435296515183 1.1265102914204197 -0.5143 7.247673527613613 2.432511758712044 0.9851 0.8253952924393723 0.0808448970857958 0.23197617689015693
1.0 9.859808 5784.0 0.11361994581075385 4.326380054189245 1.136457065443934 -0.5143 7.25367423926636 2.4518521363067927 0.9851 0.8312796686119212 0.08077380054189245 0.23067058149228858
1.0 9.869208 5784.0 0.1215654489295983 4.319380232186601 1.146456811161998 -0.5143 7.2615654489295975 2.469922260091596 0.9851 0.8373686548088187 0.08072271594419 0.22946518266056026
1.0 9.880226 5781.135483870968 0.12868387096774236 4.310406451612902 1.1575032258064522 -0.5143 7.27345806451613 2.4893283870967755 0.9851 0.8453387096774199 0.08070090322580645 0.22834967741935477
1.0 9.889199 5777.217337944884 0.13467399308267342 4.303380341403548 1.167456655137789 -0.5143 7.2825109896240106 2.5068437130425085 0.9851 0.8525087916992081 0.08070945665513779 0.22763803414035477
1.0 9.899727 5773.181040220595 0.14359265950366157 4.293452600551487 1.1804116192830667 -0.5143 7.2868189597794055 2.5401656841304585 0.9842407340496339 0.8549049538841876 0.0825621954930115 0.22588146809926768
1.0 9.910006 5770.135580013636 0.154502873283334 4.281542320054545 1.1962769065939405 -0.5143 7.286045193337879 2.5805606311483356 0.9842 0.8652164312846976 0.08260225966689394 0.22427230934060596
1.0 9.920047 5767.135779084837 0.16550214335559818 4.269543116339348 1.2132305851859244 -0.5143 7.284090519389891 2.6190620277140884 0.9842 0.8766795135081253 0.08255226298474728 0.22257694148140755
nan nan nan nan nan nan nan nan nan nan nan nan nan
nan nan nan nan nan nan nan nan nan nan nan nan nan
nan nan nan nan nan nan nan nan nan nan nan nan nan
nan nan nan nan nan nan nan nan nan nan nan nan nan
nan nan nan nan nan nan nan nan nan nan nan nan nan
nan nan nan nan nan nan nan nan nan nan nan nan nan
nan nan nan nan nan nan nan nan nan nan nan nan nan
nan nan nan nan nan nan nan nan nan nan nan nan nan
