M_Ms log_t_yr Teff L_Ls g R_Rs Log_Li_Li0 logTc logROc Mrad Rrad k2conv k2rad
1.4 5.703957 4647.673575129534 0.7319689119170986 3.4740310880829015 3.5878652849740935 0.0 6.481683937823835 -0.5846176165803111 0.0 0.0 0.4486336787564767 0.0
1.4 5.738317 4650.4510518721045 0.7084894812789545 3.4990594668489408 3.4858600288600274 0.0 6.494255259360522 -0.547640168603326 0.0 0.0 0.44884510518721044 0.0
1.4 5.769327 4653.606758599788 0.6869662070010611 3.521427034399151 3.396471586604032 0.0 6.505213517199575 -0.5144526898014856 0.0 0.0 0.449 0.0
1.4 5.797516 4655.435823827152 0.6670775855556397 3.54192241444436 3.3178745183954073 0.0 6.515179119135755 -0.4843548840371687 0.0 0.0 0.4491435823827151 0.0
1.4 5.823296 4656.881523378582 0.6490662895927604 3.5608152337858217 3.2472651583710412 0.0 6.524407616892911 -0.45697052036199115 0.0 0.0 0.4492881523378582 0.0
1.4 5.846997 4657.331579738464 0.6323421013076806 3.5776578986923195 3.184363144446114 0.0 6.532663159476928 -0.43187894183075287 0.0 0.0 0.4494331579738464 0.0
1.4 5.868886 4658.0 0.616907046476762 3.593092953523238 3.1274839580209903 0.0 6.540237181409295 -0.4087698650674667 0.00018557721139428367 0.06116006296850943 0.44956185907046475 0.00013998707646175465
1.4 5.889182 4658.0 0.6027102705935118 3.6076317835251905 3.0758149200179403 0.0 6.5473158917625955 -0.38722858424278683 0.0036237404694273914 0.2315669606817157 0.4496 0.0024013731499476607
1.4 5.908067 4659.0 0.5896103160405488 3.6213896839594515 3.028875074537866 -0.0004 6.553433810375671 -0.3672066487775793 0.010351460942158528 0.32588446630888407 0.4497 0.005809627906976704
1.4 5.925695 4659.0 0.5765904294843214 3.6335119631445982 2.9853617179372858 -0.0004 6.5592047852578395 -0.3483627730717785 0.02 0.40237473621637676 0.4497 0.01011
1.4 5.942195 4659.0 0.5652461082283171 3.6449785025945145 2.946187546330615 -0.0004 6.564876945885842 -0.3306568569310599 0.026590808005930403 0.43653313565604196 0.4497 0.012831616011860673
1.4 5.95768 4658.579087284005 0.5542117855560479 3.656209127159947 2.9095307930881704 -0.0004 6.569683650863978 -0.31395467434647767 0.034678289765175 0.47322924235711117 0.4497 0.016070270270270266
1.4 5.972245 4658.0 0.544043497493365 3.665965202005308 2.875139191978768 -0.0004 6.573982601002654 -0.2981643762901801 0.041959982306104225 0.5001486287230898 0.4496008699498673 0.01890442789737534
1.4 5.985973 4658.0 0.5344560475875738 3.676048836013807 2.8433486083571986 -0.0006524418006903451 6.578019534405523 -0.2832772343394277 0.056095417492840416 0.546726973635898 0.44944951163986196 0.024136604244694347
1.4 5.998937 4658.0 0.5254417582417582 3.6846465934065935 2.8143252747252747 -0.0009 6.581823296703297 -0.2691538021978021 0.0607 0.5567738901098901 0.4494 0.02582
1.4 6.011202 4658.0 0.5164732763032829 3.693526723696717 2.786567156540177 -0.0009 6.586263361848358 -0.25570991445492436 0.0694825254076186 0.577987343715727 0.44922946552606563 0.02894078087299845
1.4 6.022824 4657.0 0.5082002618753184 3.7017997381246817 2.7608009020149855 -0.0009799883610969598 6.58979988361097 -0.24296044227831554 0.08345970029824672 0.6109994326034768 0.4489600058194515 0.03378589728668067
1.4 6.033854 4657.0 0.5009767813089537 3.7090232186910463 2.7359349876650705 -0.0013 6.593009287476418 -0.2307647075896096 0.0917 0.6265832825424467 0.4488 0.036609953562617904
1.4 6.044336 4656.7378437047755 0.49337843704775675 3.7166215629522434 2.7141353111432704 -0.0013 6.596048625180897 -0.21918900868306784 0.09440020984081055 0.6275090882778583 0.4487213531114327 0.037509682344428405
1.4 6.05431 4656.016136034732 0.48616136034732277 3.7238386396526773 2.6924840810419686 -0.0013 6.598935455861071 -0.20814688133140385 0.10183379884225753 0.6399224602026048 0.4485048408104197 0.040014007959478994
1.4 6.063814 4656.0 0.47930610923220873 3.7296938907677912 2.6720877167734054 -0.0013677556307116505 6.601677556307116 -0.19757446930992353 0.114044707490825 0.661537569259552 0.44814918327696623 0.044080841188745654
1.4 6.072875 4656.0 0.47278599697776535 3.736214003022235 2.6531793912355197 -0.0016285601208893851 6.604285601208894 -0.18746829531553633 0.12076042311290167 0.6705353241706838 0.447953579909333 0.04627811901849307
1.4 6.081531 4656.0 0.46745783132530105 3.7424277108433737 2.634716867469879 -0.0017 6.605885542168675 -0.17779277108433703 0.1318096385542173 0.6875228915662658 0.44754578313253013 0.04985542168674713
1.4 6.089803 4655.0 0.46164951102862434 3.747350488971376 2.617983581983011 -0.001717524448568785 6.609105146691412 -0.1684462274252264 0.13336100364051698 0.6857925476479408 0.44748948533085875 0.05033566136055398
1.4 6.097715 4655.0 0.4560017131843815 3.7529982868156186 2.601604968234706 -0.001999914340780927 6.6107994860446855 -0.1595227068313227 0.13917823542008712 0.6921180812334927 0.44732005139553144 0.05219943464915412
1.4 6.105296 4655.0 0.45059530583214796 3.758404694167852 2.586066856330014 -0.0022 6.612561877667141 -0.15098058321479374 0.14619366998577527 0.7005893314366999 0.4470595305832148 0.05444147937411095
1.4 6.112558 4654.8418374659595 0.44557653719363605 3.763423462806364 2.5715714490468677 -0.0022 6.614632650136162 -0.14278521570875702 0.1552290741006165 0.712255095313172 0.4466367349863838 0.057310864984950624
1.4 6.119523 4654.3426974344275 0.4410842769098464 3.7679157230901534 2.5575955281639664 -0.0022 6.616629210262291 -0.1348488892073953 0.160370216425398 0.7168471836032682 0.44643707897377094 0.058923087286799576
1.4 6.126209 4654.0 0.4364682220434428 3.7722254223652456 2.544323732904263 -0.002322542236524573 6.618612711182623 -0.12722487530168883 0.16705546259050774 0.7239826226870486 0.4461774577634754 0.06101952855993592
1.4 6.132634 4654.0 0.43163234750462065 3.7765630314232905 2.531897042513862 -0.0026 6.620586136783734 -0.11987730129389945 0.17623194085027788 0.7348560998151576 0.44580231053604435 0.06388325878003716
1.4 6.138808 4654.0 0.4276380776340108 3.781127911275416 2.5199142329020328 -0.0026 6.622297966728281 -0.11280173752310488 0.18216628465804105 0.7402768946395568 0.4455170055452865 0.0657035046210722
1.4 6.144749 4654.0 0.4237822834218799 3.7852177165781202 2.5083468502656396 -0.0027848097148433417 6.623739238859374 -0.10598203404532115 0.18840708012577284 0.7461222704109295 0.44521519028515666 0.06762169359210679
1.4 6.150465 4654.0 0.4200637536593302 3.78893624634067 2.4971912609779903 -0.0030946871950558183 6.624978748780223 -0.09941263146481664 0.19479055621814986 0.752195869023094 0.4449053128049442 0.06958631681665389
1.4 6.15597 4653.55611197767 0.4160050077990313 3.792551104178639 2.4863466874640836 -0.0031 6.626331664066989 -0.09304117888514907 0.19947204662999748 0.7555847713652409 0.4446780559888351 0.07100936950989244
1.4 6.161278 4653.1203513668825 0.4120831623019454 3.7960371890649376 2.4758884328051876 -0.0031 6.627638945899352 -0.08689695427304789 0.20396038092110685 0.7588093998850671 0.4444601756834414 0.07237330022165674
1.4 6.166395 4653.0 0.40874099740131187 3.7997108031184257 2.4662229922039356 -0.003280720207895049 6.629355401559213 -0.08095307511446635 0.2098535453532975 0.7639017448335599 0.44412891968815743 0.07416413562677876
1.4 6.171331 4653.0 0.40562939453124963 3.8033088378906252 2.457011718749999 -0.0035 6.6311235351562505 -0.07520703124999936 0.2155 0.7686788085937497 0.4438 0.07587691162109375
1.4 6.176097 4653.0 0.4021386718749997 3.8062177734375 2.4477031249999994 -0.0035 6.632287109375 -0.06962187499999943 0.2155 0.7656535156249997 0.4438 0.07584782226562499
1.4 6.180699 4653.0 0.39886197564276066 3.8091380243572392 2.438870433017592 -0.0035569012178619675 6.633426759133965 -0.06422268267929662 0.21843041271989133 0.7666450608930984 0.44362929634641407 0.07671481393775359
1.4 6.185145 4653.0 0.3958538565629226 3.812146143437077 2.4305981055480372 -0.0037073071718538714 6.634554803788904 -0.058996075778077965 0.2261763193504744 0.7741653585926936 0.44317807848443835 0.0790536265223277
1.4 6.189445 4653.0 0.39294451962110943 3.8150554803788905 2.422597428958051 -0.003852774018944528 6.635645805142084 -0.05394110284167765 0.2336678619756432 0.7814387009472265 0.44274167794316643 0.08131563599458741
1.4 6.193603 4652.769756585529 0.39015805268422765 3.817841947315772 2.414934644881626 -0.0039 6.636690730243415 -0.049053567855951254 0.23849453151050404 0.7850433144381463 0.4424618539513171 0.08274993997999348
1.4 6.197628 4652.434228076026 0.3874738246082026 3.820526175391797 2.4075530176725572 -0.0039 6.637697315771924 -0.044322615871957134 0.24198402800933658 0.7868551683894632 0.44226053684561517 0.083769946648883
1.4 6.20152 4652.109786595532 0.38487829276425434 3.8231217072357455 2.4004153051016996 -0.0039 6.638670640213405 -0.039747990996998245 0.24535821940646937 0.7886071523841284 0.44206587195731906 0.08475624874958336
1.4 6.205294 4652.0 0.38242721802586066 3.8255727819741394 2.39359621047241 -0.004057278197413937 6.639629112789656 -0.03530608116758356 0.24973993086672708 0.7916535398796575 0.4417798105236205 0.0860525425681733
1.4 6.208946 4652.0 0.3800894891819228 3.8279105108180773 2.387050569709384 -0.004291051081807719 6.640564204327231 -0.031004660094737978 0.25455565228523896 0.7953003968762005 0.44145252848546923 0.08748323262066324
1.4 6.212489 4652.0 0.3778323819878592 3.830167618012141 2.3806639485367405 -0.004466721029265191 6.641500407719489 -0.02679820603424872 0.2585180665035786 0.7978506931231312 0.4411832381987859 0.08865040771948893
1.4 6.215923 4652.0 0.3756544350819968 3.832345564918003 2.3744412430914195 -0.004591175138171611 6.642433813536287 -0.022691220440336862 0.261722759807919 0.799437483011688 0.4409654435081997 0.08958381353628708
1.4 6.219254 4652.0 0.3735418138987041 3.834458186101296 2.368405182567726 -0.004711896348645478 6.643339222614841 -0.018707420494699215 0.26483133097762107 0.8009766784452299 0.44075418138987044 0.09048922261484109
1.4 6.222488 4652.0 0.37141944812628 3.8365805518737197 2.3625486203157 -0.0048 6.6441935172912405 -0.014842089408362066 0.26809661404988594 0.802748282925654 0.440532268948066 0.09144221110977238
1.4 6.225625 4652.0 0.36915146403181104 3.838848535968189 2.3568786600795275 -0.0048 6.644949511989396 -0.011099915652488218 0.27198998674539104 0.8052808651644777 0.44026767080371126 0.09258376310398844
1.4 6.228672 4652.0 0.3669485480178331 3.841051451982167 2.351371370044583 -0.0048 6.645683817327389 -0.007465104229424667 0.2757716592360531 0.807740788046753 0.4400106639354139 0.09369256416435733
1.4 6.23163 4652.0 0.3649491381144924 3.8430508618855077 2.346197701638647 -0.004870057459033838 6.646525430942754 -0.003920876782294065 0.2774 0.8076790806554586 0.4399 0.09415248563524155
1.4 6.234507 4652.0 0.3631123643328369 3.8448876356671633 2.3412996382208986 -0.004992509044477541 6.647443817833581 -0.0004616194935094676 0.2774 0.8057198552883593 0.4399 0.09412187273888062
1.4 6.237302 4652.0 0.36132794211534386 3.846672057884656 2.3365411789742505 -0.005111470525643741 6.648336028942328 0.0028990423494356906 0.2774 0.8038164715897002 0.4399 0.09409213236858907
1.4 6.24002 4652.0 0.3595582591493568 3.848441740850643 2.331864094955489 -0.005231552917903084 6.6491262116716126 0.006169891196835248 0.27870629080118764 0.803453867457963 0.4398053412462908 0.09445052818991119
1.4 6.250178 4652.0 0.35257080291970805 3.855429197080292 2.3137839416058394 -0.0057 6.651214598540146 0.018436934306569282 0.29883678832116783 0.8194505109489051 0.43834277372262775 0.10031459854014596
1.4 6.259319 4652.0 0.34683841433719725 3.8611615856628028 2.2976075776760507 -0.005709233466445871 6.654069250998344 0.029588545826433454 0.3086377617609812 0.8240923346644586 0.43758153306710823 0.10316694263173255
1.4 6.269532 4652.0 0.3398881645956408 3.8681118354043593 2.2806831330209825 -0.006109319617029936 6.6570372784681195 0.04202367080871846 0.31889198411081665 0.8280764208596454 0.4367850886127521 0.10605405377877362
1.4 6.280296 4652.0 0.33332782615167095 3.87475619557937 2.2621515219170947 -0.006633608692416454 6.659252065193123 0.05519476073528285 0.3298654238297237 0.8322092282503535 0.43591597826895884 0.10913526084691517
1.4 6.289723 4652.0 0.3277152638237699 3.881070328198259 2.2467169755153673 -0.006914236808811505 6.661356776066087 0.06684082756567744 0.33709159782689624 0.8331212696286374 0.43521440797797123 0.11109965766168052
1.4 6.299337 4652.5090345505405 0.32141868904513476 3.8870722764043246 2.230801239888107 -0.007203613820216233 6.664036138202163 0.07869726317381148 0.34983701519619004 0.8392538973312167 0.434134641264081 0.11470330384818943
1.4 6.309952 4653.0 0.3146350071736014 3.8933649928263985 2.2134962697274037 -0.007695624103299831 6.6671824964132 0.09184385939741706 0.36608985652797654 0.8480336154949781 0.4327678766140603 0.11931461979913902
1.4 6.319012 4653.0 0.30942223502304167 3.8994722062211977 2.1991611463133647 -0.0079 6.668894441244239 0.10309219470046041 0.3703 0.845727793778802 0.43231055587557604 0.1203211117511521
1.4 6.329247 4653.688301340094 0.3028052879391527 3.905506410720753 2.182857370517929 -0.008519471206084733 6.6717532053603765 0.11597644331763818 0.38447900760593945 0.852014183266932 0.4309233973198117 0.12429214777254605
1.4 6.339183 4654.0 0.2967154518950437 3.9121056851311953 2.1669674927113705 -0.0088 6.674642274052478 0.12854389212827988 0.3968943002915452 0.8565780466472304 0.4297252040816326 0.12766016034985422
1.4 6.349149 4654.640454378893 0.2908763649688532 3.918123635031147 2.1515504580432396 -0.009376408941004014 6.67692136313668 0.14117986075485492 0.4074865884939535 0.8591415903261268 0.42863931843166 0.13049777207768404
1.4 6.359221 4655.0 0.2849526618492848 3.924047338150715 2.136381654623212 -0.0097 6.679523669075357 0.15402796047780548 0.4232133166199673 0.8661899424863588 0.4270334316472497 0.1348711546969473
1.4 6.368995 4655.605042639971 0.27915965888023736 3.930445383759733 2.121294104560623 -0.009942017055988132 6.682420170559881 0.1665672376714867 0.43478908416759354 0.8693915980719318 0.4257924360400445 0.1379781535038932
1.4 6.380304 4656.892186101998 0.2724312555920071 3.937568744407993 2.104078138980018 -0.010546093050999116 6.684892186101998 0.1811620190873846 0.4402 0.8658390694900088 0.42502156277960035 0.13922156277960035
1.4 6.391022 4657.7495313085865 0.26600374953130834 3.943996250468692 2.088009373828271 -0.010899812523434584 6.687998125234346 0.19506689163854576 0.4608121109861277 0.8757934383202104 0.42282635920509926 0.14482148481439847
1.4 6.399075 4658.710645355851 0.26115741857659835 3.948842581423402 2.076604191797346 -0.011284258142340164 6.68971064535585 0.20558261459589858 0.4677 0.8757467732207479 0.4219578709288299 0.1465578709288299
1.4 6.411288 4659.780498900599 0.2545365076958073 3.9562439912047918 2.05917052088862 -0.012102449010539057 6.693121995602396 0.22160263098036187 0.47847088482826555 0.8756268481310182 0.4205731518689818 0.14930979604215625
1.4 6.419516 4660.813577421815 0.24974569031273858 3.9612543096872614 2.0476778032036616 -0.0123 6.69562715484363 0.23247812356979358 0.49264601067887037 0.8812882532417998 0.41889827612509545 0.1531102364607168
1.4 6.431994 4662.727042577675 0.24295535097813575 3.9689081703107023 2.029593095512083 -0.013077169159953975 6.698590563866513 0.24912527042577687 0.507116593785961 0.8837089298043729 0.41704566168009205 0.15682232451093212
1.4 6.440402 4664.023450846405 0.23891792203758358 3.9740820779624166 2.01780066780556 -0.01321055288088211 6.701035176269607 0.2603040223637208 0.5228090464357819 0.8901706864419942 0.41508358440751675 0.16102462338872492
1.4 6.453155 4666.0040637699285 0.23198780869021565 3.9810162550797124 2.000963426070647 -0.014102031884964058 6.704008127539856 0.2775353547983746 0.5320377930603315 0.8877105658018132 0.41369471709909345 0.16310975304782746
1.4 6.461752 4667.349952815351 0.22777516514627236 3.986399811261403 1.9890254010695185 -0.014669990563070152 6.7065249292230265 0.2892445894935516 0.545201973891161 0.8916648159798679 0.41187507077697383 0.1665148631645172
1.4 6.470425 4668.71406102548 0.22300078641082105 3.9918562441019185 1.9774304812834227 -0.01494281220509594 6.70857109153822 0.3011123309216734 0.5604117804340987 0.8969848379993708 0.40982890846178044 0.17047077697389112
1.4 6.479174 4670.649583498612 0.2187008330027765 3.9968490281634272 1.9656523601745335 -0.015274930583101956 6.711199444664816 0.3131125981753277 0.5707481951606509 0.8982099722332407 0.40830027766759214 0.17300456961523214
1.4 6.492443 4673.3219453376205 0.21224879421221862 4.003858520900321 1.9482829581993568 -0.015996583601286175 6.71532194533762 0.3314672829581994 0.5793901929260451 0.894405345659164 0.4067922025723473 0.17482974276527333
1.4 6.501384 4675.478135048232 0.20721768488746 4.009608360128618 1.9367832797427658 -0.016643440514469424 6.717478135048231 0.3439731832797422 0.5980771704180057 0.9018082636655945 0.40406102893890683 0.17971710610932456
1.4 6.510406 4678.165947046843 0.20366810590631368 4.014387209775967 1.9261149490835032 -0.016849784114052944 6.720165947046843 0.3566624928716903 0.6040382077393073 0.8992531568228106 0.40298426883910393 0.18097061507128304
1.4 6.519509 4680.390712830957 0.19921857433808526 4.0195783299389 1.9142495315682275 -0.01751721384928721 6.722390712830957 0.3695661344195527 0.6233195112016305 0.9066690427698578 0.40009207331975544 0.18593925865580477
1.4 6.533317 4683.79015288509 0.19241969422982078 4.0275103567318755 1.8970492355745519 -0.018165025480848272 6.725790152885089 0.3891898816373502 0.640690662502055 0.9087930050961697 0.39725388788426763 0.19009015288508962
1.4 6.542625 4686.803998334028 0.1887940024989588 4.032406997084548 1.886186005830904 -0.01870049979175343 6.728803998334027 0.4025973927530194 0.6465043898375674 0.9055285964181591 0.3960161016243232 0.19114619741774255
1.4 6.552014 4689.932361516035 0.1841014577259475 4.037881632653061 1.8752367346938774 -0.019091545189504372 6.731932361516035 0.4162057725947522 0.6655874052478136 0.9122545772594752 0.3929659475218659 0.19599516034985423
1.4 6.561484 4693.115481593545 0.18010564800806855 4.0426732223903175 1.8640958144225919 -0.019411548159354513 6.734336611195159 0.4300523449319214 0.6748012355017651 0.9113874684820978 0.39118648512355014 0.1979692889561271
1.4 6.571034 4696.344269279932 0.17656966340008523 4.04760247123988 1.8528811248402217 -0.020043033659991476 6.737258201959949 0.4440975713677034 0.6899512569237324 0.9147721346399659 0.3884504047720494 0.20160984235193863
1.4 6.580662 4699.6260758415 0.17246740519812512 4.053345632722625 1.8422152535151253 -0.02045325948018749 6.739719556881125 0.45837342991052454 0.702832347677887 0.9164130379207499 0.38607109501491255 0.2045634682573499
1.4 6.590365 4703.702142304052 0.1690382861567581 4.058442570764862 1.8313744300094639 -0.020796171384324193 6.742961713843242 0.4728834552181024 0.7159247268347245 0.9180068140755399 0.38357871461756854 0.2074914996128367
1.4 6.600142 4708.432675515194 0.16565385958784495 4.0635192106182325 1.8208750436604961 -0.021434614041215504 6.745346140412155 0.4876057107928745 0.7291586011177086 0.9196644166957736 0.3809317411805798 0.21050287286063568
1.4 6.609986 4712.730614739783 0.16221550820817326 4.06867673768774 1.809700401676563 -0.021778449179182674 6.7487844917918265 0.5025625392944462 0.7426541302829199 0.9212976336011177 0.3782670188613343 0.2135114303178484
1.4 6.619897 4717.920497661696 0.15871966822553604 4.07310041471808 1.799159004676608 -0.022210041471807995 6.752280331774464 0.5177694432189183 0.7562932939204094 0.923040165887232 0.3754757345804288 0.21657029030265598
1.4 6.629869 4723.244515783842 0.15587774210807903 4.078244515783842 1.7892183877296233 -0.022582967718922795 6.755122257891921 0.5332090957731416 0.7702064829677197 0.9248855805243447 0.37256551631888696 0.21960522561084375
1.4 6.6399 4728.649963950973 0.1531750180245133 4.083649963950974 1.7787000720980533 -0.023004163662581116 6.758433309300649 0.5488848954578228 0.784350739005047 0.9267774873828407 0.36953168709444845 0.22266831290555159
1.4 6.649986 4734.152006597032 0.14993485431555792 4.088108576140737 1.768761132490379 -0.02321085761407368 6.76108686091259 0.5647800164925788 0.7986409290819135 0.9287477735019242 0.3664218251786695 0.22567383177570102
1.4 6.66012 4740.651731720726 0.14714925783397456 4.092751236943376 1.7585472787245735 -0.02367512369433757 6.7648009895547005 0.581029329301815 0.8132188840021997 0.9307905442550852 0.3630791094007695 0.2288308411214955
1.4 6.670305 4747.251180883579 0.14521394831897744 4.098358155043067 1.7490697415948873 -0.024057210336204508 6.767679077521533 0.5974386496248962 0.828020505696027 0.9329539594331759 0.3596851069741594 0.2319469852736872
1.4 6.680532 4753.948295241664 0.1433004870738103 4.103248782315474 1.7395024353690516 -0.02452487823154742 6.7713990258523795 0.6140857624578503 0.8363281004121398 0.930225852379168 0.3574305357811913 0.23306478081678536
1.4 6.690803 4761.5683971201215 0.1413579007199697 4.10728419856006 1.7297895035998485 -0.0246 6.77528419856006 0.631068368700265 0.8503904793482376 0.9317526241000379 0.35406211633194395 0.23582735884804842
1.4 6.701112 4769.454580298965 0.13938635492525875 4.112034112686853 1.7207385971636644 -0.024922729014948252 6.778420467612111 0.6482387121502489 0.8657864315829817 0.9343784208509006 0.35025339210425455 0.238981832119586
1.4 6.71146 4778.26909654905 0.1373846452113223 4.117038386971695 1.7117309034509502 -0.02540383869716943 6.782230709577355 0.6656535866614962 0.875180651415277 0.9322346645986818 0.34764234199302063 0.24024614191547108
1.4 6.721848 4787.418930848455 0.13617567435017172 4.121297302599313 1.7034053948013737 -0.0255 6.786297302599313 0.6834256988719949 0.8879932614026474 0.9327540559097597 0.34423242766061823 0.2424608141245707
1.4 6.732271 4796.712498759059 0.1351430556934379 4.125427777226249 1.694287501240941 -0.025842777722624843 6.789570832919686 0.7014108309341807 0.9021401369999009 0.9342854164598432 0.3404293060657202 0.2450423607664053
1.4 6.742732 4806.1596140315605 0.135 4.129626495125138 1.6857470097497238 -0.02635331189064227 6.793626495125138 0.7197659161724794 0.9165207458035981 0.9359505980500553 0.3364548296311188 0.2475758970750829
1.4 6.753231 4816.738475628371 0.13402615243716287 4.1338953902513484 1.67818306706014 -0.0264 6.797895390251348 0.7384423323496498 0.938835107357282 0.9438907805026971 0.33064645364811207 0.2523770835453345
1.4 6.76377 4827.604257983719 0.13406042579837196 4.138181277395116 1.6705770194113962 -0.02643021289918598 6.802181277395116 0.7573574514715092 0.9554773638071384 0.94764893550407 0.32583685034439575 0.255530212899186
1.4 6.76906 4833.125026090586 0.13461250260905863 4.139837507827176 1.6667124817365897 -0.02670625130452931 6.803837507827176 0.7670187956585258 0.9598387706115631 0.9462687434773535 0.3243462429555417 0.25580625130452933
1.4 6.779694 4845.782066194353 0.135 4.143927355398118 1.658877128053294 -0.0269 6.807927355398117 0.7866071798667653 0.9743166860526594 0.9482273553981179 0.3199335412921645 0.25812233266363543
1.4 6.790398 4858.625883865438 0.13587508035140344 4.14762524105421 1.6517495178915795 -0.0269 6.812500321405613 0.8065263981144195 0.9922387615170337 0.9530628455110347 0.31449961431326356 0.26135022498392957
1.4 6.801174 4872.529605987232 0.1370882676645387 4.151132401496808 1.6457351970063838 -0.0273 6.817176535329078 0.8269723420647135 1.0026929011666286 0.9518118423948928 0.3107793308386533 0.2622191613471272
1.4 6.812024 4887.071151261759 0.1394849186202777 4.15464655816037 1.638868523219352 -0.0273 6.821969837240555 0.8479349559504251 1.0202377407794532 0.9565454755860834 0.3051109825294909 0.26507478721815736
1.4 6.82295 4902.570180677914 0.14193213379124967 4.157909511721667 1.633158354487084 -0.0273 6.826864267582499 0.8693073017769138 1.0330448335075402 0.957279640137375 0.3006244213827089 0.26646154248170817
1.4 6.833946 4921.108233117484 0.14466604995374657 4.160666049953747 1.6271119333950046 -0.02741100832562443 6.8318880666049955 0.8912852913968551 1.050831729879741 0.9625335800185013 0.29448954671600364 0.26914440333024975
1.4 6.839472 4930.054116558742 0.1465830249768732 4.162583024976874 1.6245559666975025 -0.0277305041628122 6.834444033302498 0.9024676456984271 1.0558158649398703 0.9617667900092507 0.2924447733580019 0.2692722016651249
1.4 6.850583 4950.544758868075 0.15066385013949798 4.165221283379832 1.6194467915504185 -0.0278 6.839774491829415 0.9253098764447995 1.0743260103626948 0.9680876683937825 0.28591402152251877 0.2719548983658828
1.4 6.861762 4971.045565302144 0.15601072124756313 4.167005360623781 1.6149919590643276 -0.0278 6.846010721247564 0.9487469054580886 1.0882367202729037 0.9704142056530212 0.28038606237816793 0.27320509259259246
1.4 6.873014 4994.092399403876 0.16152309985096897 4.169507699950323 1.6109846000993542 -0.0278 6.851523099850969 0.9728762543467472 1.1063931445603585 0.9771723298559367 0.27337228017883725 0.2755569299552907
1.4 6.884334 5016.968469038876 0.16746131442319886 4.17129226288464 1.6074154742307205 -0.0278 6.857461314423198 0.997614600481196 1.1218796505001902 0.981558452576928 0.26697707990376085 0.276870773711536
1.4 6.89002 5029.21703958692 0.17105843373493992 4.1720166953528395 1.6059749569707402 -0.0278 6.86105008605852 1.0102195438898456 1.1275310585197937 0.9817425731497419 0.2644424010327021 0.27680834767642
1.4 6.901441 5054.771772805508 0.17793855421686744 4.173982444061963 1.6030263339070567 -0.0278 6.8669473321858865 1.036069139414802 1.1429621858864027 0.9867552323580034 0.25766056798623066 0.27779122203098106
1.4 6.912923 5082.144186879084 0.18704806229302812 4.174338673588115 1.6016613264118857 -0.0278 6.874032041528685 1.0627409827262158 1.1562171753333936 0.9897675109639311 0.25136155016557754 0.2778709388704914
1.4 6.924468 5111.047112740605 0.1964284142988085 4.175 1.6006190650779102 -0.0278 6.880666544454629 1.0902185884509625 1.1725806782768105 0.9966665444546288 0.2437429880843263 0.27870474793767186
1.4 6.930261 5126.445554537121 0.20120724106324456 4.175 1.6000880843263063 -0.0278 6.8843834097158565 1.104183382218148 1.1809170760769931 1.0003834097158568 0.2397606324472962 0.27912953253895506
1.4 6.941885 5159.051021396069 0.21301810436634686 4.174998354148514 1.601001645851486 -0.0278 6.892011520960403 1.1328431213089354 1.1976296253267493 1.010021396069319 0.2314850227514767 0.2798023041920805
1.4 6.953562 5194.283328272092 0.2255198906771939 4.1738618281202555 1.6022763437594898 -0.0278 6.899967203158214 1.162551017309444 1.2174515031885818 1.024243546917704 0.22137752808988773 0.2811861828120255
1.4 6.959417 5212.656139285354 0.23203927523028692 4.173269156797247 1.603461686405507 -0.0278 6.9041159024192735 1.1777826703107612 1.225393298916895 1.0295775888247802 0.21699176029962516 0.2811269156797247
1.4 6.971157 5251.005435941163 0.2466150074610953 4.172032082711575 1.6069037518652738 -0.0278 6.9127754210189725 1.2088011404817727 1.2400342570880405 1.0387754210189721 0.20841816243871264 0.2803256661692603
1.4 6.982933 5292.120393338058 0.2627816265060242 4.1691102055279945 1.6123346917080086 -0.0278 6.922002037562013 1.2411071314670448 1.2514152994330263 1.044226523742027 0.20100857547838405 0.2780444897236003
1.4 6.994744 5335.013393415946 0.2805572662410812 4.165240455626487 1.6188988609337838 -0.0278 6.931278633120541 1.27429678307673 1.270015471273 1.063557266241081 0.18952766303667562 0.2779341594692703
1.4 7.000664 5356.73400138903 0.28962764163111543 4.1635212818732015 1.6227659490028778 -0.0278 6.9358616926282375 1.2913340113106482 1.2778861593412052 1.071765949002878 0.18427234844726603 0.27725106657406473
1.4 7.012521 5402.819936034114 0.30997132196161986 4.157537846481876 1.632924307036247 -0.0278 6.9466318763326225 1.326375788912579 1.2911770575692958 1.084848614072494 0.174475692963753 0.27454908315565035
1.4 7.024408 5450.76616915423 0.3321575456053071 4.1506141514648975 1.646288004422333 -0.0278 6.957836926478718 1.3627488114980657 1.3067010503040355 1.10722277501382 0.16261144278606954 0.2722489220563847
1.4 7.030365 5475.531221628164 0.3437478059114286 4.146750731362857 1.6534985372742859 -0.0278 6.963356098053061 1.3813323918087348 1.3134914153132244 1.1169614647432655 0.15707980429738774 0.27062165842832653
1.4 7.0423 5527.4407077700835 0.36948137157929395 4.137911858445983 1.6711762831080335 -0.0278 6.975349159248268 1.4198305308275627 1.3296189910979226 1.1492644246620503 0.14301151774920343 0.26771694691724374
1.4 7.054257 5581.252273522209 0.39827011192724654 4.126508919202519 1.6935245715285059 -0.0278 6.987948670863938 1.4598002535851686 1.3434571528506467 1.1825580622595304 0.12917677509618783 0.26339508569429887
1.4 7.060244 5608.998950682057 0.41345225603357816 4.120226652675761 1.7055655823714586 -0.0278 6.99475445960126 1.4801652675760757 1.3501582371458551 1.200357817418678 0.12205687303252885 0.2609868835257083
1.4 7.072239 5669.608283002587 0.44567126833477033 4.105953408110441 1.7335150992234676 -0.0278 7.008757549611734 1.5231257981018107 1.3631193270060393 1.24771786022433 0.10617942191544481 0.25553917169974133
1.4 7.084254 5733.091971940762 0.48044212782540824 4.090175077942323 1.7645459859703811 -0.0278 7.024272992985191 1.5672059236165226 1.3742878312548712 1.301851617303194 0.0898064136788781 0.2490563815276697
1.4 7.090269 5766.079665492958 0.49807834507042276 4.082537852112676 1.780924295774648 -0.0278 7.032462147887324 1.5897440801056342 1.3794426276408451 1.3318100792253524 0.08133590008802809 0.24557277728873234
1.4 7.102324 5839.054419863717 0.5349079622888081 4.067284514141697 1.8117405955381314 -0.0278 7.048953981144404 1.636273238121908 1.3871410062540839 1.3934100625408383 0.06515058060300567 0.23751589657425556
1.4 7.114401 5918.809603515012 0.570711476095826 4.055082435401193 1.8378145203473166 -0.0278 7.067345433622764 1.6836125536143949 1.3923180562820379 1.448608431844335 0.05118160163196987 0.22862522230358823
1.4 7.120449 5961.53137516689 0.5883644859813086 4.050158878504673 1.8486822429906542 -0.0278 7.077042723631509 1.7073180240320431 1.394236448598131 1.474608811748999 0.04477656875834437 0.22404686248331102
1.4 7.132567 6051.607385811465 0.6223174927113696 4.042619630709426 1.86410583090379 -0.0278 7.098556754130223 1.7531339067055385 1.397217638483965 1.537148785228376 0.03163142371234231 0.21514278911564647
1.4 7.144711 6148.691406634509 0.6522369327689728 4.04 1.8694679594448274 -0.0278 7.122172851658627 1.7942188896544928 1.3987320405551729 1.5852816222069093 0.021529636775273343 0.2063757161137909
1.4 7.150796 6199.475329801596 0.6654886257401051 4.040829541913369 1.8674791731588247 -0.0278 7.134626882725666 1.8125979017347031 1.3992553027942245 1.607871195595719 0.01700225719331077 0.20232576088085621
1.4 7.162985 6305.337375964716 0.6856823694497339 4.05029217199559 1.8482450636463876 -0.0278 7.15880394908289 1.84185277137416 1.3997170592362433 1.6370725669038784 0.010377123584243909 0.19582215094717867
1.4 7.169089 6359.169608519864 0.6930078887683657 4.05704141603392 1.8329171679321596 -0.0278 7.171037471649737 1.8535209052361692 1.3999 1.6449921112316344 0.007788241199093009 0.19319566117739886
1.4 7.181315 6459.589515814132 0.6949451386177279 4.083959098008589 1.7786708317063675 -0.0278 7.192876805935181 1.8639356110894183 1.3999205486138226 1.6344244435767294 0.004563921417415144 0.1911027430691136
1.4 7.193567 6531.622448010636 0.676064286392555 4.121841325610104 1.7020984711803238 -0.0278 7.207515050802393 1.8583008166365966 1.4 1.5851757667837805 0.0032017454182888556 0.1930622448010636
1.4 7.199706 6554.9402715791475 0.6597418098945967 4.14399325800019 1.658960497578577 -0.0278 7.212761561105308 1.8508391130946729 1.4 1.5496160858418 0.0029580741619979075 0.19539402715791476
1.4 7.212006 6555.907028335182 0.6099949581526682 4.193868105273771 1.567082887970154 -0.0278 7.216227387314712 1.8320212261772717 1.4 1.4569459513965934 0.0036031624483210396 0.20338266612886943
1.4 7.224347 6527.448535313003 0.5562851123595525 4.240429073033707 1.485305276886038 -0.0278 7.217 1.817205979133227 1.399953059791332 1.3675500601926194 0.005137879915730266 0.2125735754414122
1.4 7.230531 6508.190197959362 0.5311121479026776 4.261029301473794 1.4505657975058868 -0.0278 7.216843899886631 1.8113614546088779 1.3998921949943315 1.3277072468823587 0.006146075869887484 0.21700732536844852
1.4 7.242929 6470.792116434202 0.49367798665858054 4.287436143117041 1.4062350515463913 -0.0278 7.214778532443906 1.8045349181322012 1.3998 1.272792116434202 0.008295099332929072 0.2235979624014555
1.4 7.249142 6456.474711946636 0.4823747725894488 4.295725166767737 1.393424742268042 -0.0278 7.2140249848392966 1.8029524681625229 1.3998 1.258474711946635 0.008972538629472369 0.22563254093389923
1.4 7.261598 6442.0 0.4741593970097616 4.299840602990238 1.3862789447670827 -0.0278 7.213 1.80348729148647 1.3998 1.2471992462622021 0.009800760904485359 0.22716413567280364
1.4 7.274086 6442.0 0.477245520820462 4.296754479179538 1.3916796614358085 -0.0278 7.213 1.8071134869640428 1.3998 1.2510569010255777 0.009796131718769308 0.22646975781539605
1.4 7.280342 6444.181455536097 0.47986981903093995 4.294441817474217 1.3954930920412534 -0.0278 7.213 1.8091842187195954 1.3998 1.2554280015567232 0.009610199552442097 0.22589487254329635
1.4 7.292874 6454.448826759861 0.4876325511732405 4.2887296555167245 1.4041784822765855 -0.0278 7.213454068896655 1.8141611582626063 1.3998 1.2679947578632056 0.008910487768347448 0.22431889665501742
1.4 7.299152 6460.717423864204 0.4918116159094694 4.286117740056581 1.4078351639207856 -0.0278 7.213976451988684 1.8168775503411552 1.3998 1.2737409718755204 0.00857511782326508 0.22353532201697449
1.4 7.311731 6473.297756822403 0.4990272896128019 4.282486355193599 1.4141488784112017 -0.0278 7.2148784112016004 1.8220069438491213 1.3998878411201598 1.2827841120160024 0.007939841691670233 0.22209454207743962
1.4 7.324338 6486.428703532458 0.5047059367486593 4.28065544664324 1.4176891067135196 -0.0278 7.21634455335676 1.8278765304235252 1.3999 1.290050490105419 0.0073181954873312235 0.22082435731459216
1.4 7.330655 6493.242986961676 0.5074519952587913 4.279887001185302 1.4191694982220466 -0.0278 7.217112998814698 1.8309762939549588 1.3999 1.293451995258791 0.0070146819438956735 0.220198301066772
1.4 7.34331 6508.957272675961 0.5131662809730767 4.27845842975673 1.4213123553649036 -0.0278 7.21854157024327 1.8382620082406729 1.3999 1.2991662809730766 0.006479681943895695 0.21891258678105774
1.4 7.349649 6517.553129264965 0.5161843764216548 4.277703905894586 1.4224441411581206 -0.0278 7.219444141158121 1.8423617599272115 1.3999 1.3023324234743616 0.006180383440566692 0.21823351530512766
1.4 7.362351 6537.365178397348 0.5227883927991162 4.276052901800221 1.4249206472996685 -0.0278 7.221920647299669 1.8521852342886853 1.3999 1.3097619418990056 0.0054688006758952384 0.21674761162019887
1.4 7.375074 6561.804783764194 0.5309349279213982 4.275008134009825 1.4269837319803496 -0.0278 7.22398373198035 1.8641048320850448 1.3999 1.3199186599017478 0.004633661754046866 0.21491464121768541
1.4 7.381444 6575.678270356045 0.5353521769314689 4.273756520876723 1.4282434791232768 -0.0278 7.225243479123277 1.8710391351780225 1.3999621739561638 1.3249739164931074 0.0042514693047704015 0.2139673906575424
1.4 7.394196 6606.791066923875 0.5446321412672502 4.272894643122124 1.431105356877875 -0.0278 7.228105356877875 1.8868376762130876 1.4 1.3355267843893752 0.0034556500964534904 0.2119841074343375
1.4 7.400581 6623.028901734104 0.5502572254335261 4.272 1.432 -0.0278 7.2290643063583815 1.8952951589595377 1.4 1.3401929190751445 0.0031127015895953754 0.21094212427745665
1.4 7.413365 6658.890010626991 0.5594245483528159 4.272 1.432 -0.0278 7.230808182784272 1.9125176408076507 1.4 1.347616365568544 0.002516294367693967 0.20899590860786404
1.4 7.419769 6675.978277734677 0.5629968968192396 4.272 1.4310031031807604 -0.0278 7.23199689681924 1.919891311093871 1.4 1.3510031031807603 0.0022201923972071432 0.20820093095422812
1.4 7.432604 6705.472219671228 0.5686164018734503 4.2749246028101755 1.427150794379649 -0.0278 7.2349246028101755 1.9301642850583158 1.4 1.3536917990632749 0.0018164973826797636 0.20717671962530995
1.4 7.439037 6717.87859307558 0.5697979612452934 4.27669694186794 1.4236061162641198 -0.0278 7.23669694186794 1.933354495362292 1.4 1.3531010193773534 0.0016794364955459665 0.20694040775094133
1.4 7.451926 6732.103743224932 0.5679555386178861 4.282074102303524 1.414881436314363 -0.0278 7.239029640921409 1.9361118563685638 1.4 1.347881436314363 0.001526 0.20710592818428186
1.4 7.464849 6739.341405319571 0.5646585946804287 4.287341405319571 1.4063171893608575 -0.0278 7.241170702659785 1.9369682810639144 1.4 1.339658594680429 0.0015181476776498612 0.20755121079793568
1.4 7.471325 6741.046966292135 0.5629530337078651 4.289070449438202 1.4029295505617978 -0.0278 7.242 1.9373117415730337 1.4 1.3379295505617979 0.00148 0.2078046966292135
1.4 7.484301 6743.8206454084075 0.5605896772957962 4.292410322704204 1.3987690318873887 -0.0278 7.242410322704204 1.9380051613521019 1.4 1.3337690318873887 0.00148 0.20808206454084074
1.4 7.490802 6745.028091728092 0.5599719082719083 4.293056183456184 1.3969438165438166 -0.0278 7.2430280917280925 1.9383056183456182 1.4 1.3319438165438167 0.00148 0.20820280917280917
1.4 7.503829 6746.163230845001 0.5589183845774995 4.2950816154225 1.394836769154999 -0.0278 7.244 1.9385163230845 1.4 1.329836769154999 0.00148 0.20830816154225007
1.4 7.510355 6747.081545064378 0.5584592274678112 4.295540772532189 1.3939184549356223 -0.0278 7.244 1.9386081545064378 1.4 1.3289184549356223 0.00148 0.2083540772532189
1.4 7.523432 6748.795723744153 0.558 4.296397861872077 1.3926021381279232 -0.0278 7.244397861872077 1.9387795723744154 1.4 1.328 0.0014613004920123918 0.2084
1.4 7.529983 6749.591568972848 0.558 4.296795784486424 1.3922042155135759 -0.0278 7.244795784486424 1.9388591568972848 1.4 1.328 0.0014425981291380674 0.2084
1.4 7.543113 6750.5150540469285 0.558 4.297 1.3914849459530714 -0.0278 7.245 1.9390030108093859 1.4 1.3274849459530715 0.001433 0.2084
1.4 7.54969 6750.861850777748 0.558 4.297 1.3911381492222514 -0.0278 7.245 1.9390723701555497 1.4 1.3271381492222516 0.001433 0.2084
1.4 7.562868 6752.458421585781 0.558 4.297486140528593 1.3905138594714062 -0.0278 7.245486140528594 1.9393916843171564 1.4 1.3265138594714063 0.001433 0.2084
1.4 7.574057 6754.001173994008 0.558 4.298 1.39 -0.0278 7.246 1.9397001173994008 1.4 1.3260011739940087 0.0014329436482875889 0.2084
1.4 7.583352 6754.377459315036 0.558 4.298 1.39 -0.0278 7.246 1.9397377459315035 1.4 1.3263774593150353 0.00141488195287831 0.2084
1.4 7.591318 6754.699943324427 0.558 4.298 1.39 -0.0278 7.246 1.9397699943324427 1.4 1.326699943324427 0.0013994027204274951 0.2084
1.4 7.601487 6755.197620242277 0.558 4.298 1.3899011898788616 -0.0278 7.246098810121139 1.9398395240484552 1.4 1.3269011898788616 0.0013849011898788618 0.20839011898788617
1.4 7.610113 6755.8159271736795 0.558 4.298 1.3895920364131602 -0.0278 7.24640796358684 1.939963185434736 1.4 1.3265920364131603 0.0013845920364131603 0.20835920364131605
1.4 7.619907 6756.5179557021 0.558 4.298 1.38924102214895 -0.0278 7.24675897785105 1.94010359114042 1.4 1.32624102214895 0.0013842410221489498 0.208324102214895
1.4 7.630201 6757.114120355567 0.558 4.298 1.389 -0.0278 7.247 1.9402114120355567 1.4 1.326 0.001384 0.2083
1.4 7.640556 6757.445226066381 0.558 4.298 1.389 -0.0278 7.247 1.940244522606638 1.4 1.326 0.001384 0.2083
1.4 7.64936 6757.72673786532 0.558 4.298 1.389 -0.0278 7.247 1.940272673786532 1.4 1.326 0.001384 0.2083
1.4 7.659376 6758.0 0.558 4.298 1.389 -0.0278 7.247 1.9402788677726344 1.4 1.326 0.001384 0.2083
1.4 7.669919 6758.0 0.558 4.298 1.389 -0.0278 7.247 1.9401273051378625 1.4 1.326 0.001384 0.2083
1.4 7.679717 6758.0 0.558 4.298 1.389 -0.0278 7.247 1.9399864523734223 1.4 1.326 0.001384 0.2083
1.4 7.689565 6758.0 0.558 4.298 1.389 -0.0278 7.247 1.9398448808257382 1.4 1.326 0.001384 0.2083
1.4 7.69925 6758.171080756999 0.5581710807569992 4.298 1.389 -0.0278 7.247171080756999 1.9399026484541995 1.4 1.326 0.001384 0.2082828919243001
1.4 7.709159 6758.429383243835 0.5584293832438351 4.298 1.389 -0.0278 7.247429383243835 1.940057629946301 1.4 1.326 0.001384 0.2082570616756165
1.4 7.719013 6758.6862520202285 0.5586862520202284 4.298 1.389 -0.0278 7.2476862520202285 1.9402117512121368 1.4 1.326 0.001384 0.20823137479797715
1.4 7.729013 6758.94692664616 0.5589469266461603 4.298 1.389 -0.0278 7.2479469266461605 1.940368155987696 1.4 1.326 0.001384 0.20820530733538398
1.4 7.739224 6759.389601105657 0.559 4.298 1.389 -0.0278 7.248 1.9405558404422627 1.4 1.326389601105657 0.0013742599723585755 0.20818051994471715
1.4 7.749093 6759.859934232474 0.559 4.298 1.389 -0.0278 7.248 1.9407439736929895 1.4 1.326859934232474 0.0013625016441881517 0.2081570032883763
1.4 7.759024 6760.3332221322025 0.559 4.298 1.389 -0.0278 7.248 1.940933288852881 1.4 1.3273332221322023 0.001350669446694943 0.2081333388933899
1.4 7.769006 6760.808940570939 0.559 4.298 1.389 -0.0278 7.248 1.9411235762283754 1.4 1.3278089405709383 0.0013387764857265402 0.2081095529714531
1.4 7.779002 6761.262985658123 0.5591314928290616 4.298 1.3891314928290615 -0.0278 7.248131492829062 1.9413183435461554 1.4 1.328 0.001334 0.20808685071709385
1.4 7.78911 6761.706990841405 0.5593534954207025 4.298 1.3893534954207023 -0.0278 7.2483534954207025 1.9415181458786321 1.4 1.328 0.001334 0.20806465045792977
1.4 7.798976 6762.140365904548 0.5595701829522743 4.298 1.3895701829522742 -0.0278 7.248570182952274 1.941713164657047 1.4 1.328 0.001334 0.20804298170477256
1.4 7.809045 6762.582657969296 0.5597913289846479 4.298 1.3897913289846477 -0.0278 7.248791328984647 1.941912196086183 1.4 1.328 0.001334 0.20802086710153522
1.4 7.819059 6763.020939202841 0.5600104696014205 4.29798953039858 1.39 -0.0278 7.249 1.9421115165615623 1.4 1.328020939202841 0.001333445111124717 0.20799895303985794
1.4 7.829017 6763.427396477479 0.5602136982387396 4.297786301761261 1.39 -0.0278 7.249 1.9423350680626135 1.4 1.328427396477479 0.001322673993346803 0.20797863017612603
1.4 7.839033 6763.83622114737 0.5604181105736852 4.297581889426315 1.39 -0.0278 7.249 1.9425599216310536 1.4 1.3288362211473703 0.0013118401395946862 0.2079581889426315
1.4 7.84897 6764.2418212616585 0.5606209106308292 4.297379089369171 1.39 -0.0278 7.249 1.942783001693912 1.4 1.3292418212616584 0.0013010917365660528 0.20793790893691708
1.4 7.858986 6764.65064593155 0.5608253229657748 4.297174677034225 1.39 -0.0278 7.249 1.9430078552623522 1.4 1.3296506459315496 0.0012902578828139352 0.2079174677034225
1.4 7.869011 6765.028019342138 0.561028019342138 4.297 1.390028019342138 -0.0278 7.249028019342138 1.9432308212763518 1.4 1.33 0.001281 0.2078943961315724
1.4 7.879364 6765.225894000497 0.5612258940004969 4.297 1.3902258940004968 -0.0278 7.249225894000497 1.9434484834005465 1.4 1.33 0.001281 0.20785482119990062
1.4 7.890986 6765.448022782439 0.5614480227824392 4.297 1.3904480227824392 -0.0278 7.249448022782439 1.943692825060683 1.4 1.33 0.001281 0.20781039544351215
1.4 7.901732 6765.653408765123 0.561653408765123 4.297 1.390653408765123 -0.0278 7.2496534087651225 1.9439187496416352 1.4 1.33 0.001281 0.2077693182469754
1.4 7.912677 6765.86259819193 0.5618625981919306 4.297 1.3908625981919307 -0.0278 7.249862598191931 1.9441488580111237 1.4 1.33 0.001281 0.20772748036161387
1.4 7.919654 6765.995948089677 0.5619959480896772 4.297 1.3909959480896772 -0.0278 7.249995948089677 1.9442955428986448 1.4 1.33 0.001281 0.20770081038206456
1.4 7.933642 6766.496835271842 0.562248417635921 4.297 1.391248417635921 -0.0278 7.25 1.944573259399513 1.4 1.330248417635921 0.001281 0.2076751582364079
1.4 7.940643 6766.749328284194 0.5623746641420972 4.297 1.3913746641420972 -0.0278 7.25 1.9447121305563069 1.4 1.3303746641420973 0.001281 0.2076625335857903
1.4 7.954667 6767.255107745019 0.5626275538725092 4.297 1.3916275538725091 -0.0278 7.25 1.9449903092597602 1.4 1.3306275538725092 0.001281 0.20763724461274907
1.4 7.961691 6767.508430258768 0.5627542151293842 4.297 1.391754215129384 -0.0278 7.25 1.9451296366423225 1.4 1.330754215129384 0.001281 0.2076245784870616
1.4 7.975766 6767.98475191886 0.563 4.296992375959429 1.39200762404057 -0.0278 7.25000762404057 1.945397712787829 1.4 1.3310076240405702 0.001281 0.2076
1.4 7.982818 6767.743112664473 0.563 4.296871556332237 1.392128443667763 -0.0278 7.250128443667763 1.945361466899671 1.4 1.331128443667763 0.001281 0.2076
1.4 7.98988 6767.501130756579 0.563 4.296750565378289 1.3922494346217105 -0.0278 7.25024943462171 1.9453251696134868 1.4 1.3312494346217105 0.001281 0.2076
1.4 8.004033 6767.0161732456145 0.563 4.296508086622807 1.392491913377193 -0.0278 7.250491913377193 1.9452524259868422 1.4 1.331491913377193 0.001281 0.2076
1.4 8.01113 6766.772992050439 0.563 4.296386496025219 1.3926135039747807 -0.0278 7.2506135039747805 1.9452159488075658 1.4 1.3316135039747807 0.001281 0.2076
1.4 8.025363 6766.285293311404 0.563 4.296142646655702 1.3928573533442983 -0.0278 7.250857353344299 1.9451427939967105 1.4 1.3318573533442983 0.001281 0.2076
1.4 8.032498 6766.040810032895 0.563 4.296020405016447 1.3929795949835526 -0.0278 7.250979594983553 1.9451061215049343 1.4 1.3319795949835527 0.001281 0.2076
1.4 8.039644 6766.097557379466 0.5630975573794662 4.295902442620534 1.3930975573794662 -0.0278 7.251 1.9452463360691994 1.4 1.3320975573794662 0.001281 0.20758048852410677
1.4 8.053988 6766.332546976622 0.5633325469766222 4.295667453023378 1.3933325469766222 -0.0278 7.251 1.9455988204649335 1.4 1.3323325469766223 0.001281 0.20753349060467555
1.4 8.061181 6766.450385806262 0.5634503858062613 4.295549614193739 1.3934503858062612 -0.0278 7.251 1.945775578709392 1.4 1.3324503858062613 0.001281 0.20750992283874772
1.4 8.075616 6766.686866204682 0.563686866204682 4.295313133795318 1.393686866204682 -0.0278 7.251 1.9461302993070233 1.4 1.332686866204682 0.001281 0.20746262675906357
1.4 8.082861 6766.805556920758 0.5638055569207581 4.295194443079242 1.3938055569207581 -0.0278 7.251 1.9463083353811372 1.4 1.3328055569207582 0.001281 0.20743888861584836
1.4 8.090124 6766.924542520601 0.5639245425206009 4.295075457479399 1.3939245425206008 -0.0278 7.251 1.9464868137809015 1.4 1.3329245425206009 0.001281 0.20741509149587983
1.4 8.104706 6767.0 0.5641571914786335 4.294842808521366 1.394314382957267 -0.0278 7.251157191478634 1.9468515063658138 1.4 1.3334715744359007 0.0012745551493760243 0.20736856170427329
1.4 8.112025 6767.0 0.5642725167023824 4.294727483297617 1.3945450334047649 -0.0278 7.251272516702382 1.947036026723812 1.4 1.3338175501071472 0.00126982681520232 0.2073454966595235
1.4 8.119365 6767.0 0.5643881728223874 4.294611827177612 1.3947763456447748 -0.0278 7.251388172822388 1.94722107651582 1.4 1.3341645184671624 0.0012650849142821126 0.2073223654355225
1.4 8.134104 6767.0 0.5646204147233077 4.294379585276692 1.3952408294466154 -0.0278 7.251620414723308 1.9475926635572924 1.4 1.3348612441699232 0.0012555629963443837 0.20727591705533846
1.4 8.141506 6767.0 0.5647370477751166 4.294262952224883 1.3954740955502332 -0.0278 7.251737047775117 1.9477792764401864 1.4 1.3352111433253497 0.0012507810412202196 0.20725259044497668
1.4 8.156373 6767.0 0.5649713065675028 4.294028693432497 1.3959426131350057 -0.0278 7.251971306567502 1.9481540905080046 1.4 1.3359139197025085 0.0012411764307323834 0.2072057386864994
1.4 8.163838 6767.0 0.5651719918940744 4.293828008105925 1.3962579878411117 -0.0278 7.252085995947037 1.9483633922993706 1.4 1.3361719918940744 0.00124 0.20717420121588884
1.4 8.171329 6767.0 0.5654002681659581 4.293599731834042 1.3966004022489371 -0.0278 7.252200134082979 1.9485802547576603 1.4 1.3364002681659581 0.00124 0.20713995977510627
1.4 8.186386 6767.0 0.5658591062150508 4.2931408937849485 1.3972886593225762 -0.0278 7.252429553107525 1.9490161509042983 1.4 1.336859106215051 0.00124 0.20707113406774239
1.4 8.193951 6767.0 0.5660896375188553 4.292910362481145 1.3976344562782832 -0.0278 7.252544818759428 1.9492351556429126 1.4 1.3370896375188555 0.00124 0.2070365543721717
1.4 8.201545 6767.0 0.5663210525513858 4.292678947448614 1.3979815788270786 -0.0278 7.252660526275693 1.9494549999238164 1.4 1.337321052551386 0.00124 0.20700184211729214
1.4 8.209166 6767.0 0.5665532903658331 4.2924467096341665 1.3983299355487497 -0.0278 7.252776645182917 1.9496756258475414 1.4 1.3375532903658334 0.00124 0.20696700644512503
1.4 8.224492 6767.0 0.5670197448269737 4.291980255173026 1.3990296172404606 -0.0278 7.253 1.9501217193096712 1.4 1.3380296172404607 0.00124 0.20689703827595393
1.4 8.2322 6767.0 0.5672479204286432 4.291752079571356 1.399371880642965 -0.0278 7.253 1.9503727124715076 1.4 1.338371880642965 0.00124 0.2068628119357035
1.4 8.23994 6767.0 0.5674770433083686 4.291522956691631 1.399715564962553 -0.0278 7.253 1.9506247476392053 1.4 1.338715564962553 0.00124 0.2068284435037447
1.4 8.255523 6767.0 0.5679383381190609 4.2910616618809385 1.4004075071785915 -0.0278 7.253 1.951132171930967 1.4 1.3394075071785916 0.00124 0.20675924928214084
1.4 8.263369 6767.0 0.5681705988573458 4.290829401142654 1.4007558982860187 -0.0278 7.253 1.9513876587430803 1.4 1.3397558982860187 0.00124 0.20672441017139812
1.4 8.271256 6767.0 0.5684040732956395 4.29059592670436 1.4011061099434592 -0.0278 7.253 1.9516444806252033 1.4 1.3401061099434592 0.00124 0.20668938900565406
1.4 8.279185 6767.0 0.5686387910363814 4.290361208963619 1.401458186554572 -0.0278 7.253 1.9519026701400195 1.4 1.3404581865545722 0.00124 0.2066541813445428
1.4 8.295178 6766.941860286788 0.5691162794264243 4.289883720573576 1.4021744191396364 -0.0278 7.253116279426425 1.952433721340388 1.4 1.3411744191396364 0.00124 0.20658255808603634
1.4 8.30325 6766.818066099226 0.5693638678015489 4.289636132198451 1.4025458017023233 -0.0278 7.253363867801549 1.9527184479717812 1.4 1.3415458017023234 0.00124 0.20654541982976765
1.4 8.311377 6766.693428418066 0.5696131431638678 4.289386856836132 1.4029197147458017 -0.0278 7.253613143163868 1.953005114638448 1.4 1.3419197147458017 0.00124 0.20650802852541983
1.4 8.319562 6766.567901234568 0.5698641975308641 4.2891358024691355 1.4032962962962963 -0.0278 7.253864197530865 1.9532938271604938 1.4 1.3422962962962963 0.00124 0.2064703703703704
1.4 8.336125 6766.313886971858 0.570372226056284 4.288627773943716 1.4040583390844261 -0.0278 7.254372226056284 1.9538780599647265 1.4 1.3430583390844262 0.00124 0.20639416609155742
1.4 8.344514 6766.1852311939265 0.5706295376121463 4.288370462387854 1.4044443064182195 -0.0278 7.254629537612146 1.9541739682539683 1.4 1.3434443064182195 0.00124 0.20635556935817806
1.4 8.352981 6766.055379188712 0.5708892416225749 4.288110758377425 1.4048338624338625 -0.0278 7.254889241622575 1.9544726278659612 1.4 1.3438338624338626 0.00124 0.20631661375661375
1.4 8.361531 6765.825726433902 0.571174273566098 4.287825726433902 1.405348547132196 -0.0278 7.2550871367830485 1.9548178419576223 1.4 1.344348547132196 0.00124 0.20627385896508532
1.4 8.370171 6765.520862370106 0.5714791376298936 4.287520862370107 1.4059582752597872 -0.0278 7.255239568814947 1.955198922037367 1.4 1.3449582752597873 0.00124 0.20622812935551596
1.4 8.387747 6764.900689825515 0.5720993101744852 4.286900689825514 1.4071986203489706 -0.0278 7.2555496550872425 1.9559741377181066 1.4 1.3461986203489706 0.00124 0.2061351034738272
1.4 8.396696 6764.584922637216 0.5724150773627846 4.286584922637215 1.4078301547255694 -0.0278 7.255707538681392 1.956368846703481 1.4 1.3468301547255694 0.00124 0.20608773839558228
1.4 8.405768 6764.26481537023 0.57273518462977 4.286264815370229 1.4084703692595402 -0.0278 7.255867592314885 1.9567689807872126 1.4 1.3474703692595402 0.00124 0.20603972230553447
1.4 8.41497 6763.966148015161 0.5730677039696788 4.285898444045482 1.4091354079393577 -0.0278 7.2560338519848395 1.9571812447636148 1.4 1.3481354079393577 0.00124 0.20598984440454815
1.4 8.424315 6763.779732694993 0.5734405346100139 4.285339198084979 1.4098810692200279 -0.0278 7.256220267305007 1.9576286415320168 1.4 1.348881069220028 0.00124 0.2059339198084979
1.4 8.433811 6763.590305206463 0.5738193895870736 4.284770915619389 1.4106387791741473 -0.0278 7.256409694793537 1.9580832675044884 1.4 1.3496387791741473 0.00124 0.20587709156193895
1.4 8.443476 6763.397506483144 0.5742049870337124 4.284192519449432 1.4114099740674249 -0.0278 7.256602493516856 1.958545984440455 1.4 1.350409974067425 0.00124 0.20581925194494313
1.4 8.45332 6763.201137043687 0.5745977259126271 4.283603411131059 1.4121954518252544 -0.0278 7.256798862956313 1.9590172710951526 1.4 1.3511954518252545 0.00124 0.20576034111310593
1.4 8.463358 6763.000897666068 0.5749982046678636 4.283002692998205 1.4129964093357272 -0.0278 7.256999102333931 1.9594978456014363 1.4 1.3519964093357273 0.00124 0.20570026929982047
1.4 8.473605 6762.5459522008105 0.57545404779919 4.2825459522008105 1.41390809559838 -0.0278 7.257227023899595 1.9600675597489874 1.4 1.35290809559838 0.00124 0.20560919044016202
1.4 8.484082 6762.079665316658 0.5759203346833415 4.282079665316658 1.414840669366683 -0.0278 7.25746016734167 1.9606504183541769 1.4 1.3538406693666831 0.00124 0.20551593306333168
1.4 8.49481 6761.602207485869 0.5763977925141305 4.28160220748587 1.415795585028261 -0.0278 7.257698896257065 1.961247240642663 1.4 1.3547955850282611 0.00124 0.2054204414971739
1.4 8.505806 6761.112822110464 0.5768871778895367 4.281112822110463 1.4167743557790735 -0.0278 7.2579435889447685 1.9618589723619209 1.4 1.3557743557790736 0.00124 0.20532256442209268
1.4 8.517106 6760.35426438447 0.5774304904103533 4.28035426438447 1.4180762260258835 -0.0278 7.258215245205177 1.962516588492424 1.4 1.3568609808207068 0.00124 0.205235426438447
1.4 8.52873 6759.497900346259 0.5780013997691609 4.279497900346258 1.419503499422902 -0.0278 7.25850069988458 1.963201679722993 1.4 1.358002799538322 0.00124 0.20514979003462586
1.4 8.540717 6758.614793349869 0.5785901377667543 4.278614793349868 1.4209753444168858 -0.0278 7.258795068883377 1.9639081653201051 1.4 1.3591802755335087 0.00124 0.20506147933498683
1.4 8.553118 6757.346298485011 0.5791089502524981 4.2777820994950035 1.4224358010099925 -0.0278 7.259 1.9643237348232512 1.4 1.3603268507574944 0.001244466960352423 0.20498910497475017
1.4 8.565988 6755.27205329322 0.5794546577844633 4.277090684431073 1.4238186311378533 -0.0278 7.259 1.9640817395508756 1.4 1.36136397335339 0.001258640969162997 0.20495453422155366
1.4 8.579052 6753.16654131299 0.5798055764478349 4.27638884710433 1.4252223057913398 -0.0278 7.259 1.9638360964865156 1.4 1.362416729343505 0.0012730286343612346 0.2049194423552165
1.4 8.591956 6751.669495727244 0.5803305042727563 4.2755042435908654 1.4266610085455127 -0.0278 7.259165252136379 1.9640966051273077 1.4 1.3636610085455128 0.001281 0.20485042435908654
1.4 8.604698 6750.92624026599 0.58107375973401 4.274389360398985 1.42814751946802 -0.0278 7.259536879867005 1.964988511680812 1.4 1.36514751946802 0.001281 0.2047389360398985
1.4 8.617271 6750.192842768396 0.5818071572316038 4.273289264152594 1.4296143144632076 -0.0278 7.259903578615802 1.9658685886779246 1.4 1.3666143144632077 0.001281 0.20462892641525943
1.4 8.629671 6749.141508543377 0.5825723276377481 4.272141508543378 1.4314308190943705 -0.0278 7.260286163818874 1.9668154095471853 1.4 1.3678584914566223 0.0012958805185814526 0.20448553447245035
1.4 8.641893 6747.987727744737 0.5833415148368419 4.270987727744736 1.433353787092105 -0.0278 7.260670757418421 1.9677768935460522 1.4 1.369012272255263 0.00131587938575789 0.2043316970326316
1.4 8.653935 6746.893343240231 0.584106656759769 4.269840014860346 1.4352133135195382 -0.0278 7.261053328379885 1.9687333209497113 1.4 1.3702133135195382 0.001333 0.20418400148603463
1.4 8.665794 6746.092303015975 0.5849076969840251 4.268638454523963 1.4368153939680504 -0.0278 7.261453848492012 1.9697346212300315 1.4 1.3718153939680504 0.001333 0.20406384545239623
1.4 8.677466 6745.303894086257 0.5856961059137424 4.267455841129387 1.438392211827485 -0.0278 7.2618480529568705 1.9707201323921781 1.4 1.373392211827485 0.001333 0.20394558411293862
1.4 8.688953 6744.243722943723 0.5865041847041846 4.266495815295816 1.4402604617604617 -0.0278 7.262252092352092 1.971730230880231 1.4 1.3750083694083695 0.001333 0.2038243722943723
1.4 8.700252 6743.020887445888 0.5873194083694083 4.265680591630591 1.442298520923521 -0.0278 7.262659704184704 1.9727492604617605 1.4 1.3766388167388168 0.001333 0.20370208874458873
1.4 8.711363 6741.613586643639 0.5880644022260603 4.264806793321819 1.444257608904241 -0.0278 7.26306440222606 1.9735098368835156 1.4 1.3782576089042409 0.0013362845135290733 0.203593559777394
1.4 8.722287 6739.0979850316635 0.5884836691613893 4.263548992515831 1.4459346766455574 -0.0278 7.263483669161389 1.972922863174055 1.4 1.3799346766455574 0.001357667127230857 0.20355163308386107
1.4 8.733023 6736.625676453656 0.5888957205910573 4.262312838226827 1.4475828823642294 -0.0278 7.263895720591058 1.9723459911725196 1.4 1.3815828823642293 0.0013786817501439251 0.20351042794089425
1.4 8.743576 6735.04365160083 0.5896375655994467 4.26104365160083 1.4495939139986167 -0.0278 7.264318782799723 1.9729969569993082 1.4 1.3832751311988933 0.001384 0.20337248688011064
1.4 8.753944 6733.778284040519 0.5904811439729873 4.259778284040519 1.4517028599324684 -0.0278 7.2647405719864935 1.9740514299662342 1.4 1.3849622879459746 0.001384 0.20320377120540253
1.4 8.764131 6732.508661823496 0.5913275587843357 4.258672441215665 1.4536551175686716 -0.0278 7.265163779392168 1.9751094484804197 1.4 1.3868188969608393 0.001384 0.20305086618234963
1.4 8.774138 6731.218157589305 0.5921878949404635 4.257812105059537 1.4553757898809272 -0.0278 7.265593947470232 1.9761848686755794 1.4 1.3889697373511587 0.001384 0.20292181575893048
1.4 8.785851 6729.6919976450345 0.5932053349033105 4.256691997645034 1.4575133372582763 -0.0278 7.266102667451655 1.9774669353743037 1.4 1.3912053349033104 0.0013889280376794524 0.20276919976450344
1.4 8.7995 6727.837597934876 0.5944416013767493 4.254837597934876 1.4606040034418732 -0.0278 7.266720800688375 1.979074081789774 1.4 1.3924416013767493 0.0014185984330419832 0.2025837597934876
1.4 8.815334 6725.6195031410625 0.5959203312392918 4.252619503141062 1.4643008280982297 -0.0278 7.267460165619646 1.9809504140491148 1.4 1.3953008280982295 0.001432 0.20236195031410623
1.4 8.833602 6722.9634268037125 0.5976910487975252 4.2499634268037125 1.4683820975950506 -0.0278 7.268345524398763 1.983198363436783 1.4 1.399727621993813 0.001432 0.20209634268037122
1.4 8.853335 6719.9639296340765 0.5996907135772823 4.246963929634076 1.472726783943206 -0.0278 7.269345356788641 1.9858324633293314 1.4 1.4040360703659236 0.001448231769066136 0.20179639296340765
1.4 8.872209 6716.964575726198 0.6016902828492016 4.244309717150799 1.4777257071230039 -0.0278 7.270345141424601 1.9885318818464222 1.4 1.407380565698403 0.001479 0.20149645757261977
1.4 8.890297 6712.585548738923 0.6033449216087253 4.241965235173824 1.4827246080436265 -0.0278 7.271 1.9894721881390593 1.4 1.411379686434901 0.0014948663940013637 0.20123101567825494
1.4 8.907662 6706.965719014126 0.6046895206572492 4.238965719014126 1.4877238016431233 -0.0278 7.271344760328625 1.9887963768544241 1.4 1.4150342809858738 0.0015401694544594845 0.2009965719014126
1.4 8.924359 6703.966285924834 0.6066891427167772 4.235966285924834 1.4927228567919433 -0.0278 7.2723445713583885 1.9914303426676492 1.4 1.4187228567919432 0.001569 0.2006966285924834
1.4 8.940438 6700.966743119266 0.6086888379204893 4.232966743119266 1.4977220948012233 -0.0278 7.273344418960244 1.9941299311926608 1.4 1.4237220948012235 0.0015693444189602448 0.2003966743119266
1.4 8.955943 6697.6229205175605 0.61068853974122 4.22996719038817 1.5027213493530498 -0.0278 7.27468853974122 1.996829528650647 1.4 1.42837707948244 0.0015844593345656186 0.200096719038817
1.4 8.970913 6693.967616314819 0.6126882557901209 4.226967616314818 1.5077206394753022 -0.0278 7.276344127895061 1.999563558106169 1.4 1.4327206394753023 0.0016123441278950604 0.19979676163148186
1.4 8.985385 6690.623728813559 0.6146881355932204 4.223967796610169 1.512720338983051 -0.0278 7.27734406779661 2.0023289830508477 1.4 1.4373762711864408 0.0016271067796610186 0.19949677966101695
1.4 8.999389 6686.624471343153 0.6166877643284235 4.220968353507365 1.5177194108210588 -0.0278 7.2783438821642115 2.0050628700597932 1.4 1.4417194108210587 0.0016543438821642119 0.19919683535073648
1.4 9.012955 6682.625545358808 0.6186872273205957 4.217969159019106 1.523061681961787 -0.0278 7.279343613660298 2.0078964796148635 1.4 1.4463744546411914 0.0016687445464119138 0.19889691590191064
1.4 9.026112 6677.25102753005 0.6203436215587437 4.214969135323769 1.5287181077937184 -0.0278 7.28 2.008631686700271 1.4 1.450374486234975 0.0017156172935246228 0.19863127568825126
1.4 9.038882 6670.625049892233 0.6216874750538836 4.211968787419175 1.5337186876347089 -0.0278 7.280343737526942 2.007362465075437 1.4 1.4540312125808252 0.001774593039035681 0.19839687874191747
1.4 9.051288 6666.625164257556 0.6236874178712221 4.208968873193167 1.539062253613666 -0.0278 7.281343708935611 2.0101623850197106 1.4 1.458062253613666 0.001812 0.19809688731931668
1.4 9.063348 6662.2822526173595 0.6256870989530563 4.205969351570415 1.5450612968591688 -0.0278 7.2826870989530565 2.0129962934819314 1.4 1.4630306484295845 0.0018374226612630834 0.19779693515704155
1.4 9.07508 6657.6272333044235 0.6280295750216824 4.202970424978317 1.5507159583694707 -0.0278 7.284343191673894 2.0159295750216826 1.4 1.467059150043365 0.001886 0.19749704249783176
1.4 9.086506 6653.627237908613 0.6306863810456933 4.199627237908613 1.55605914313708 -0.0278 7.2853431905228465 2.0189638906208245 1.4 1.4723727620913867 0.0019100233365992663 0.19719704284314601
1.4 9.097639 6649.2832480818415 0.6326867007672633 4.195969948849105 1.5620601023017897 -0.0278 7.286343350383631 2.0221330562659845 1.4 1.4770601023017897 0.0019563433503836315 0.19689699488491053
1.4 9.108494 6644.626837718887 0.6346865811405564 4.192970128289165 1.5680597434216692 -0.0278 7.287343290570278 2.025467187938946 1.4 1.4830597434216692 0.001957 0.19656268377188874
1.4 9.119084 6640.627266621894 0.6366863666890533 4.189627266621893 1.57405910006716 -0.0278 7.288686366689054 2.029004096709201 1.4 1.48802955003358 0.0019803364674278122 0.196197044996642
1.4 9.129419 6636.971605423462 0.6390283945765377 4.185971605423463 1.5800567891530755 -0.0278 7.29034279819218 2.032905472587935 1.4 1.4920567891530754 0.002025 0.19586288072312832
1.4 9.139517 6633.971747436155 0.6416855017092298 4.182971747436156 1.5860565051276894 -0.0278 7.29168550170923 2.037142378845767 1.4 1.4980565051276893 0.002025 0.19546289965815405
1.4 9.149385 6630.971807799156 0.6440281922008441 4.179629077065541 1.5923991151353027 -0.0278 7.29368546146723 2.04174510752135 1.4 1.504056384401688 0.002025 0.19506290770655416
1.4 9.159035 6627.970977917981 0.6470290220820187 4.175970977917981 1.5990580441640374 -0.0278 7.295343007360673 2.0465807360672974 1.4 1.5093720294426916 0.002047295478443738 0.19466279705573084
1.4 9.168474 6624.971308833011 0.649685794111326 4.172628411777349 1.605400279389641 -0.0278 7.296685794111326 2.0514801955727484 1.4 1.514057382333978 0.00209 0.1942628411777348
1.4 9.17771 6621.6297881681485 0.6520276588738887 4.1689723411261115 1.6120553177477774 -0.0278 7.298685105915926 2.056447020085611 1.4 1.5203978707057402 0.0020903425529579626 0.19386297881681486
1.4 9.186756 6617.287571444581 0.6550274571332515 4.165630057155664 1.618397399977587 -0.0278 7.300684971422167 2.0614781799843107 1.4 1.5267124285554192 0.0021125765997982815 0.19346300571556646
1.4 9.195617 6611.944857567783 0.6576850474774055 4.1616299050451895 1.6257401899096222 -0.0278 7.3023425237387025 2.066275609198033 1.4 1.5317126186935137 0.0021752364717995713 0.19309724287838917
1.4 9.204302 6605.600793280448 0.6596854876341578 4.157629024731684 1.633399206719552 -0.0278 7.303685487634158 2.0708080727951472 1.4 1.537056462902473 0.0022369073728418106 0.19279717685487632
1.4 9.212816 6597.916121356337 0.6616853063652587 4.153629387269483 1.6407412254610345 -0.0278 7.305685306365259 2.0751048780487804 1.4 1.5427132659131466 0.0023164051160023715 0.19253146936347412
1.4 9.221166 6588.916686878487 0.6636851806936697 4.149287048265826 1.6487407227746782 -0.0278 7.30768518069367 2.079307397526073 1.4 1.5483981324278435 0.002420777589134123 0.19233148193063304
1.4 9.229357 6579.234552644587 0.6653423133959466 4.1446307464162135 1.6570808205635197 -0.0278 7.3093423133959465 2.0836377162629756 1.4 1.5543692535837865 0.0025386433514582325 0.19213153732081067
1.4 9.237398 6568.234072022159 0.6666847141777892 4.140288214555527 1.6660812138000514 -0.0278 7.310684714177789 2.0877351926466887 1.4 1.558711785444473 0.0027254172752455507 0.19196576429111054
1.4 9.245293 6556.547237533649 0.6683425201897193 4.135629919241122 1.6750826817074735 -0.0278 7.312342520189719 2.0913618125881297 1.4 1.5637126009485964 0.002914996154339193 0.19186574798102807
1.4 9.253047 6543.547364300626 0.6696850208768268 4.131287447807933 1.6840825939457202 -0.0278 7.313685020876827 2.0947357907098123 1.4 1.5693975730688936 0.0030929117954070994 0.1918
1.4 9.260665 6530.205683176207 0.6713424512016996 4.126287743991503 1.693424512016995 -0.0278 7.315342451201699 2.098601314566458 1.4 1.5753698048067981 0.003300516531669062 0.1918
1.4 9.26815 6515.867621234635 0.6723421585843576 4.121289207078212 1.703079427259219 -0.0278 7.316684317168715 2.1024002026205593 1.4 1.5800529515061459 0.0035695925975955576 0.1918
1.4 9.275509 6499.851284584983 0.6734099143610012 4.115950428194995 1.7130991436100116 -0.0278 7.318409914361001 2.1064166831357043 1.4 1.5848198287220023 0.0039011459156784592 0.19184099143610012
1.4 9.282747 6491.575771896661 0.6763030875866419 4.110696912413358 1.7236061751732838 -0.0278 7.317272684310018 2.097487602394453 1.4 1.5917577189666048 0.004062301197227459 0.19155453686200372
1.4 9.289865 6485.218390804597 0.6796954022988506 4.105609195402299 1.7337816091954026 -0.0278 7.31769540229885 2.0942166666666666 1.4 1.601086206896552 0.004117353448275865 0.1910456896551724
1.4 9.296869 6475.952110514201 0.6810039907904832 4.100984036838067 1.743031926323866 -0.0278 7.319007981580967 2.0991147659247877 1.3999996009209517 1.6040239447428994 0.004377917881811145 0.1909
1.4 9.30376 6462.993826130482 0.6820670782579679 4.096664608710161 1.751670782579678 -0.0278 7.321067078257967 2.103048189554481 1.3999 1.6101341565159357 0.004635374103120386 0.19090670782579677
1.4 9.310545 6445.966243194193 0.6832166969147005 4.090916515426497 1.7631669691470049 -0.0278 7.322433393829401 2.1072584392014515 1.3999 1.612866787658802 0.0051140784029037895 0.19102166969147005
1.4 9.317225 6428.967020023557 0.6844640753828034 4.085143698468786 1.7747126030624265 -0.0278 7.324464075382803 2.111531448763251 1.3999 1.6178563015312135 0.005585995288574806 0.19114640753828033
1.4 9.323805 6411.407407407409 0.6858148148148148 4.079740740740741 1.7863333333333324 -0.0278 7.325814814814814 2.115907407407407 1.3999 1.623259259259259 0.00605214814814811 0.19136296296296293
1.4 9.330286 6393.4889428918605 0.686292588092345 4.07382964763062 1.7983407047387594 -0.0278 7.327292588092345 2.1204485054678006 1.3999 1.6265851761846897 0.0067031054678006645 0.19155851761846898
1.4 9.33667 6374.194710915221 0.687 4.068298677728805 1.8103030852994548 -0.0278 7.328900440757065 2.1251112781954884 1.3999 1.6316017630282598 0.007256521648949933 0.191880088151413
1.4 9.342963 6355.646266471452 0.688 4.061994436310396 1.8226796486090764 -0.0278 7.330668521229868 2.1300718594436305 1.3998331478770132 1.6353426061493403 0.007961461786237146 0.19213370424597362
1.4 9.349167 6336.552165354332 0.6886053149606297 4.05618405511811 1.835631889763779 -0.0278 7.33260531496063 2.1352343503937004 1.3998 1.6386053149606297 0.008751864173228291 0.19252106299212596
1.4 9.355283 6317.329798903106 0.689 4.050517733089579 1.8474468007312623 -0.0278 7.334741133455211 2.1408269469835473 1.3998 1.641223400365631 0.00963815210237664 0.19294822669104209
1.4 9.361314 6298.1341256366695 0.6891082342954163 4.044783531409167 1.8595411714770818 -0.0278 7.337108234295416 2.1468705857385406 1.3997 1.6451082342954164 0.010477882003395724 0.19341082342954163
1.4 9.367263 6278.76223776224 0.69 4.038755244755246 1.8719930069930055 -0.0278 7.338748251748251 2.1532958041958032 1.3997 1.648496503496503 0.011351958041957934 0.19384965034965027
1.4 9.373129 6259.80734433209 0.69 4.033602448110697 1.8847951037786066 -0.0278 7.341 2.1600373070782335 1.3996 1.6533975518893032 0.012225657264502466 0.19433975518893032
1.4 9.378919 6240.896161107615 0.691 4.027958464443046 1.8970623033354315 -0.0278 7.344 2.1672477658904974 1.3995 1.6539584644430456 0.01339017621145379 0.19480415355569541
1.4 9.384633 6222.875265768964 0.691 4.022175053153793 1.9084748405386218 -0.0278 7.346 2.175814883061656 1.3995 1.6582997873848293 0.014368249468462074 0.19536498936924146
1.4 9.390273 6206.12211784799 0.692 4.016780529461998 1.9206584116140077 -0.0278 7.349219470538003 2.1851511528608043 1.3994 1.6578778821520104 0.01568438941076005 0.19582194705380027
1.4 9.39584 6188.912955465587 0.693 4.011637651821863 1.9330870445344124 -0.0278 7.352362348178137 2.1950609311740887 1.3993 1.662275303643725 0.016624068825910866 0.19623623481781374
1.4 9.401335 6174.022167487686 0.694 4.005511083743843 1.9454889162561573 -0.0278 7.356 2.2066800492610827 1.3992 1.667555418719214 0.017494236453201733 0.1965
1.4 9.406763 6162.006163328198 0.696 4.000006163328198 1.957987673343604 -0.0278 7.360993836671802 2.221287057010784 1.3991 1.671993836671802 0.01829 0.1965
1.4 9.412124 6155.0 0.6997041666666668 3.995 1.970704166666667 -0.0278 7.366704166666667 2.239697083333334 1.3991 1.676 0.01894 0.1961
1.4 9.41742 6156.0 0.706 3.989 1.983111801242235 -0.0278 7.374111801242234 2.2634900621117993 1.3991 1.693 0.01828 0.1950888198757765
1.4 9.422652 6178.175824175811 0.7180879120879055 3.983 1.9970879120879055 -0.0278 7.3860879120879055 2.30135824175823 1.3993 1.7144395604395273 0.016416593406595934 0.1922824175824189
nan nan nan nan nan nan nan nan nan nan nan nan nan
nan nan nan nan nan nan nan nan nan nan nan nan nan
nan nan nan nan nan nan nan nan nan nan nan nan nan
nan nan nan nan nan nan nan nan nan nan nan nan nan
nan nan nan nan nan nan nan nan nan nan nan nan nan
nan nan nan nan nan nan nan nan nan nan nan nan nan
nan nan nan nan nan nan nan nan nan nan nan nan nan
nan nan nan nan nan nan nan nan nan nan nan nan nan
nan nan nan nan nan nan nan nan nan nan nan nan nan
nan nan nan nan nan nan nan nan nan nan nan nan nan
nan nan nan nan nan nan nan nan nan nan nan nan nan
nan nan nan nan nan nan nan nan nan nan nan nan nan
nan nan nan nan nan nan nan nan nan nan nan nan nan
nan nan nan nan nan nan nan nan nan nan nan nan nan
nan nan nan nan nan nan nan nan nan nan nan nan nan
nan nan nan nan nan nan nan nan nan nan nan nan nan
nan nan nan nan nan nan nan nan nan nan nan nan nan
nan nan nan nan nan nan nan nan nan nan nan nan nan
nan nan nan nan nan nan nan nan nan nan nan nan nan
nan nan nan nan nan nan nan nan nan nan nan nan nan
nan nan nan nan nan nan nan nan nan nan nan nan nan
nan nan nan nan nan nan nan nan nan nan nan nan nan
nan nan nan nan nan nan nan nan nan nan nan nan nan
nan nan nan nan nan nan nan nan nan nan nan nan nan
nan nan nan nan nan nan nan nan nan nan nan nan nan
nan nan nan nan nan nan nan nan nan nan nan nan nan
nan nan nan nan nan nan nan nan nan nan nan nan nan
nan nan nan nan nan nan nan nan nan nan nan nan nan
nan nan nan nan nan nan nan nan nan nan nan nan nan
nan nan nan nan nan nan nan nan nan nan nan nan nan
nan nan nan nan nan nan nan nan nan nan nan nan nan
nan nan nan nan nan nan nan nan nan nan nan nan nan
nan nan nan nan nan nan nan nan nan nan nan nan nan
nan nan nan nan nan nan nan nan nan nan nan nan nan
nan nan nan nan nan nan nan nan nan nan nan nan nan
nan nan nan nan nan nan nan nan nan nan nan nan nan
nan nan nan nan nan nan nan nan nan nan nan nan nan
nan nan nan nan nan nan nan nan nan nan nan nan nan
nan nan nan nan nan nan nan nan nan nan nan nan nan
nan nan nan nan nan nan nan nan nan nan nan nan nan
nan nan nan nan nan nan nan nan nan nan nan nan nan
nan nan nan nan nan nan nan nan nan nan nan nan nan
nan nan nan nan nan nan nan nan nan nan nan nan nan
nan nan nan nan nan nan nan nan nan nan nan nan nan
nan nan nan nan nan nan nan nan nan nan nan nan nan
nan nan nan nan nan nan nan nan nan nan nan nan nan
nan nan nan nan nan nan nan nan nan nan nan nan nan
nan nan nan nan nan nan nan nan nan nan nan nan nan
nan nan nan nan nan nan nan nan nan nan nan nan nan
nan nan nan nan nan nan nan nan nan nan nan nan nan
nan nan nan nan nan nan nan nan nan nan nan nan nan
nan nan nan nan nan nan nan nan nan nan nan nan nan
nan nan nan nan nan nan nan nan nan nan nan nan nan
nan nan nan nan nan nan nan nan nan nan nan nan nan
nan nan nan nan nan nan nan nan nan nan nan nan nan
nan nan nan nan nan nan nan nan nan nan nan nan nan
nan nan nan nan nan nan nan nan nan nan nan nan nan
nan nan nan nan nan nan nan nan nan nan nan nan nan
nan nan nan nan nan nan nan nan nan nan nan nan nan
nan nan nan nan nan nan nan nan nan nan nan nan nan
nan nan nan nan nan nan nan nan nan nan nan nan nan
