M_Ms log_t_yr Teff L_Ls g R_Rs Log_Li_Li0 logTc logROc Mrad Rrad k2conv k2rad
0.075 5.703957 2836.320395371263 -1.2656407907425264 3.3428009884281584 0.9651990115718417 0.0 5.818320395371263 -0.14035871504339437 0.0 0.0 0.44183203953712635 0.0
0.075 5.738317 2842.5565712928887 -1.2811131425857771 3.3623914282322214 0.9436085717677787 0.0 5.825556571292888 -0.11369114329811231 0.0 0.0 0.44255565712928885 0.0
0.075 5.769327 2848.849271986022 -1.2946985439720438 3.3796985439720437 0.9253768200349451 0.0 5.8328492719860225 -0.08998986604542862 0.0 0.0 0.44328492719860224 0.0
0.075 5.797516 2855.29521038496 -1.3064428155774395 3.394738025962399 0.9092619740376009 0.0 5.83929521038496 -0.06915532676812912 0.0 0.0 0.44382952103849593 0.0
0.075 5.823296 2860.9804220143574 -1.3159706330215357 3.407960844028714 0.8960391559712857 0.0 5.844980422014357 -0.0509626495540571 0.0 0.0 0.44439804220143575 0.0
0.075 5.846997 2865.9691123653156 -1.3244536685479733 3.419938224730631 0.8835772190867113 0.0 5.849969112365316 -0.03504729604925613 0.0 0.0 0.44479691123653153 0.0
0.075 5.868886 2871.3401519579193 -1.331010227936879 3.4296803039158386 0.8736496201052018 0.0 5.853670075978959 -0.021278521332554146 0.0 0.0 0.4452340151957919 0.0
0.075 5.889182 2875.729843122948 -1.3373064574972637 3.4383064574972635 0.8651169281284204 0.0 5.857153228748632 -0.009324990879241324 0.0 0.0 0.4455153228748632 0.0
0.075 5.908067 2879.718771157752 -1.3424791807718348 3.4459583615436693 0.8578020480704132 0.0 5.860479180771835 0.0008615013540959746 0.0 0.0 0.44584791807718344 0.0
0.075 5.925695 2883.485306753738 -1.3462279601306069 3.4527132668843445 0.8510293864925244 0.0 5.863485306753738 0.009733124248152838 0.0 0.0 0.4460742653376869 0.0
0.075 5.942195 2886.3632493792124 -1.3503632493792126 3.457726498758425 0.846273501241575 0.0 5.865363249379213 0.017289960979070672 0.0 0.0 0.44623632493792126 0.0
0.075 5.95768 2889.128302227031 -1.353128302227031 3.462692453340546 0.8413075466594536 0.0 5.867564151113515 0.023895095122171132 0.0 0.0 0.44645641511135153 0.0
0.075 5.972245 2891.784358668745 -1.355784358668745 3.4666765380031173 0.8373234619968827 0.0 5.869784358668745 0.02955793527092692 0.0 0.0 0.44658921793343725 0.0
0.075 5.985973 2894.3470588235296 -1.358173529411765 3.4705205882352943 0.8336529411764705 0.0 5.871173529411765 0.03452470588235316 0.0 0.0 0.4467173529411765 0.0
0.075 5.998937 2896.4105608649484 -1.3598211217298966 3.4738211217298964 0.830768317405155 0.0 5.872410560864949 0.038854850854329465 0.0 0.0 0.4468410560864948 0.0
0.075 6.011202 2898.2102574179603 -1.36160512870898 3.4762102574179603 0.8277897425820396 0.0 5.87360512870898 0.04267589899783843 0.0 0.0 0.44696051287089805 0.0
0.075 6.022824 2899.7603760376037 -1.3627603760376037 3.4785207520752075 0.8254792479247924 0.0 5.874760376037604 0.04602905290529049 0.0 0.0 0.44707603760376036 0.0
0.075 6.033854 2900.878778625954 -1.3647575572519084 3.4807575572519083 0.8232424427480917 0.0 5.875878778625954 0.04907270229007624 0.0 0.0 0.4471878778625954 0.0
0.075 6.044336 2901.807281258146 -1.3658072812581459 3.4826145625162916 0.8221927187418542 0.0 5.876807281258146 0.051660387522808236 0.0 0.0 0.4472 0.0
0.075 6.05431 2903.1564037572684 -1.3665782018786343 3.4847346056359028 0.8202653943640972 0.0 5.8775782018786344 0.05399242582376625 0.0 0.0 0.4472578201878634 0.0
0.075 6.063814 2904.2469817621372 -1.3674939635242744 3.4864939635242744 0.8185060364757256 0.0 5.878 0.05611503981505268 0.0 0.0 0.44732469817621373 0.0
0.075 6.072875 2904.8288594913947 -1.3686577189827895 3.4876577189827898 0.8173422810172104 0.0 5.878 0.058035236321602825 0.0 0.0 0.4473828859491395 0.0
0.075 6.081531 2905.333277703605 -1.3696665554072096 3.4889998331108143 0.8163334445927903 0.0 5.87866655540721 0.05976647196261679 0.0 0.0 0.4474333277703605 0.0
0.075 6.089803 2905.7934468179797 -1.370586893635959 3.4903803404539384 0.815413106364041 0.0 5.879586893635959 0.061377063862928294 0.0 0.0 0.44747934468179795 0.0
0.075 6.097715 2906.41927109336 -1.37141927109336 3.49141927109336 0.81437109335996 0.0 5.88020963554668 0.0628546879680479 0.0 0.0 0.447520963554668 0.0
0.075 6.105296 2907.17623564653 -1.3721762356465301 3.49217623564653 0.8132356465302047 0.0 5.880588117823265 0.06421722416375433 0.0 0.0 0.44755881178232654 0.0
0.075 6.112558 2907.901347978033 -1.372901347978033 3.492901347978033 0.8121479780329507 0.0 5.880950673989017 0.06552242636045923 0.0 0.0 0.44759506739890165 0.0
0.075 6.119523 2908.3252435109102 -1.3733252435109105 3.493975730532731 0.8113495129781793 0.0 5.8813252435109105 0.06677330358600424 0.0 0.0 0.447632524351091 0.0
0.075 6.126209 2908.6890678565596 -1.3736890678565599 3.4950672035696795 0.8106218642868803 0.0 5.88168906785656 0.06797392392664751 0.0 0.0 0.44766890678565596 0.0
0.075 6.132634 2909.0418309113375 -1.3740836618226748 3.4960836618226745 0.8099163381773253 0.0 5.882041830911337 0.06912549273401203 0.0 0.0 0.44770418309113374 0.0
0.075 6.138808 2909.405071483203 -1.374810142966406 3.496810142966406 0.8091898570335943 0.0 5.882405071483203 0.07021521444960878 0.0 0.0 0.44774050714832025 0.0
0.075 6.144749 2909.7546037536035 -1.375509207507207 3.4975092075072074 0.8084907924927929 0.0 5.882754603753604 0.0712638112608107 0.0 0.0 0.4477754603753603 0.0
0.075 6.150465 2910.1954830138548 -1.376097741506927 3.4981954830138546 0.8078045169861455 0.0 5.883 0.07227367621939634 0.0 0.0 0.44780977415069273 0.0
0.075 6.15597 2910.8920098690455 -1.3764460049345226 3.4988920098690452 0.8071079901309547 0.0 5.883 0.07324881381666346 0.0 0.0 0.44784460049345226 0.0
0.075 6.161278 2911.563611058392 -1.3767818055291958 3.499563611058392 0.8064363889416082 0.0 5.883 0.07418905548174862 0.0 0.0 0.4478781805529196 0.0
0.075 6.166395 2912.0 -1.3772258632362897 3.5002258632362895 0.8057741367637103 0.0 5.883112931618145 0.07510491536899114 0.0 0.0 0.4479 0.0
0.075 6.171331 2912.0 -1.3778942450914016 3.5008942450914016 0.8051057549085985 0.0 5.883447122545701 0.0760072308733921 0.0 0.0 0.4479 0.0
0.075 6.176097 2912.0 -1.3785396073121192 3.501539607312119 0.8044603926878808 0.0 5.88376980365606 0.076878469871361 0.0 0.0 0.4479 0.0
0.075 6.180699 2912.0 -1.3791735364181044 3.502173536418104 0.8039132317909479 0.0 5.884086768209053 0.07772559734353572 0.0 0.0 0.44790867682090524 0.0
0.075 6.185145 2912.0 -1.3798154190428067 3.5028154190428067 0.8035922904785967 0.0 5.884407709521404 0.07856004475564873 0.0 0.0 0.44794077095214035 0.0
0.075 6.189445 2912.0 -1.3804362232007508 3.5034362232007505 0.8032818883996247 0.0 5.8847181116003755 0.07936709016097604 0.0 0.0 0.44797181116003754 0.0
0.075 6.193603 2912.0 -1.3810194122611832 3.5040194122611834 0.8029611754776337 0.0 5.885019412261183 0.08014853065295802 0.0 0.0 0.4480019412261183 0.0
0.075 6.197628 2912.0 -1.3813282436890968 3.504328243689097 0.8023435126218063 0.0 5.885328243689097 0.08092060922274232 0.0 0.0 0.4480328243689097 0.0
0.075 6.20152 2912.0 -1.3816268702524361 3.504626870252436 0.8017462594951277 0.0 5.885626870252437 0.08166717563109044 0.0 0.0 0.4480626870252436 0.0
0.075 6.205294 2912.0 -1.3819164428757769 3.5049164428757766 0.8011671142484462 0.0 5.885916442875777 0.0823911071894423 0.0 0.0 0.4480916442875777 0.0
0.075 6.208946 2912.0 -1.3824167479674796 3.50541674796748 0.8005832520325203 0.0 5.88620837398374 0.08312093495934963 0.0 0.0 0.4481 0.0
0.075 6.212489 2912.0 -1.382992845528455 3.5059928455284552 0.8000071544715448 0.0 5.886496422764227 0.08384105691056903 0.0 0.0 0.4481 0.0
0.075 6.215923 2912.0 -1.383551219512195 3.506551219512195 0.799448780487805 0.0 5.886775609756097 0.08453902439024387 0.0 0.0 0.4481 0.0
0.075 6.219254 2912.0 -1.3840981858825552 3.507098185882555 0.7989509070587224 0.0 5.887049092941277 0.08521782305906626 0.0 0.0 0.4481049092941278 0.0
0.075 6.222488 2912.0 -1.3846542859599344 3.507654285959935 0.7986728570200328 0.0 5.887327142979967 0.08588514315192158 0.0 0.0 0.4481327142979967 0.0
0.075 6.225625 2912.0 -1.3851937064740778 3.508193706474078 0.7984031467629611 0.0 5.887596853237039 0.08653244776889343 0.0 0.0 0.44815968532370387 0.0
0.075 6.228672 2912.0 -1.3857176511048062 3.508717651104806 0.7981411744475969 0.0 5.887858825552403 0.08716118132576743 0.0 0.0 0.4481858825552403 0.0
0.075 6.23163 2912.119386736823 -1.386119386736823 3.509238773473646 0.7977612265263541 0.0 5.888 0.08778652816837523 0.0 0.0 0.4482119386736823 0.0
0.075 6.234507 2912.3803864646648 -1.3863803864646647 3.5097607729293294 0.7972392270706704 0.0 5.888 0.08841292751519549 0.0 0.0 0.44823803864646644 0.0
0.075 6.237302 2912.6339472013065 -1.3866339472013063 3.5102678944026127 0.7967321055973874 0.0 5.888 0.08902147328313524 0.0 0.0 0.4482633947201306 0.0
0.075 6.24002 2912.8805225437723 -1.3868805225437721 3.5107610450875444 0.7962389549124557 0.0 5.888 0.0896132541050532 0.0 0.0 0.4482880522543772 0.0
0.075 6.250178 2913.0 -1.3886901166125023 3.511845058306251 0.7951549416937489 0.0 5.888845058306251 0.09184363410437775 0.0 0.0 0.4483845058306251 0.0
0.075 6.259319 2913.0 -1.389756006836232 3.513512013672464 0.793487986327536 0.0 5.889756006836232 0.09401441640695686 0.0 0.0 0.4484 0.0
0.075 6.269532 2913.0 -1.391644697929869 3.515644697929869 0.7913553020701309 0.0 5.89 0.09649140261934945 0.0 0.0 0.44848223489649347 0.0
0.075 6.280296 2913.0 -1.3940063849547248 3.5170127699094498 0.7899872300905504 0.0 5.891006384954725 0.09921404690039462 0.0 0.0 0.4485006384954725 0.0
0.075 6.289723 2913.0 -1.395210909974487 3.519210909974487 0.7878945450127566 0.0 5.892105454987243 0.10164254647065984 0.0 0.0 0.4486105454987243 0.0
0.075 6.299337 2913.2860228716645 -1.3972860228716646 3.5212860228716645 0.7864279542566709 0.0 5.893 0.10435785260482856 0.0 0.0 0.4487 0.0
0.075 6.309952 2914.0 -1.3993262543137774 3.5233262543137776 0.7843368728431113 0.0 5.893663127156889 0.10745887974515525 0.0 0.0 0.44876631271568884 0.0
0.075 6.319012 2914.0 -1.40090357439734 3.5258071487946796 0.7830964256026601 0.0 5.89490357439734 0.11027822111388182 0.0 0.0 0.448890357439734 0.0
0.075 6.329247 2914.0 -1.4033940990516331 3.5277881981032664 0.7806059009483668 0.0 5.895394099051633 0.11356701791359321 0.0 0.0 0.44893940990516334 0.0
0.075 6.339183 2914.0 -1.405854140526976 3.5299270702634877 0.778145859473024 0.0 5.896927070263488 0.11693955457967373 0.0 0.0 0.449 0.0
0.075 6.349149 2914.0 -1.4085719131614653 3.5331438263229304 0.7758561736770693 0.0 5.897571913161466 0.12055820895522379 0.0 0.0 0.4491571913161465 0.0
0.075 6.359221 2915.0 -1.4113440761765244 3.535688152353049 0.7733118476469513 0.0 5.899 0.12445696758835363 0.0 0.0 0.44923440761765243 0.0
0.075 6.368995 2915.0 -1.414183665417242 3.538367330834484 0.770816334582758 0.0 5.900183665417242 0.12850406391793234 0.0 0.0 0.4493183665417242 0.0
0.075 6.380304 2915.0 -1.4174834675710046 3.5424834675710044 0.7675165324289954 0.0 5.901483467571005 0.13346362865621014 0.0 0.0 0.4495 0.0
0.075 6.391022 2915.0 -1.420694090909091 3.545847045454545 0.764305909090909 0.0 5.903 0.13847879545454553 0.0 0.0 0.4496 0.0
0.075 6.399075 2916.0 -1.4235233690360272 3.5487616845180137 0.7622383154819864 0.0 5.9047616845180135 0.14249953748782854 0.0 0.0 0.4497 0.0
0.075 6.411288 2916.0 -1.4278932594004503 3.553866574250563 0.7581067405995496 0.0 5.906946629700225 0.14913188355570936 0.0 0.0 0.44989466297002256 0.0
0.075 6.419516 2916.0 -1.4310229007633588 3.5570229007633585 0.7549770992366412 0.0 5.908511450381679 0.1539854961832061 0.0 0.0 0.45005114503816795 0.0
0.075 6.431994 2917.0 -1.437170105456213 3.563170105456213 0.7498298945437871 0.0 5.910085052728107 0.16185515818431936 0.0 0.0 0.45020850527281064 0.0
0.075 6.440402 2917.0052316179967 -1.4410261580899837 3.5670313897079806 0.7459738419100164 0.0 5.91201569485399 0.16764080662037456 0.0 0.0 0.4504010463235994 0.0
0.075 6.453155 2918.0 -1.4472199659791622 3.5742199659791623 0.7400240272166702 0.0 5.915487986391665 0.17727874760790993 0.0 0.0 0.45064879863916646 0.0
0.075 6.461752 2918.1424190147595 -1.451996933103316 3.578996933103316 0.7361454859114435 0.0 5.917427257044278 0.1844244968372627 0.0 0.0 0.4508427257044278 0.0
0.075 6.470425 2918.9736438566224 -1.4578155069963579 3.5848155069963576 0.7311581368602647 0.0 5.919920931569868 0.19215488786658977 0.0 0.0 0.4510920931569868 0.0
0.075 6.479174 2919.0 -1.4635325353645268 3.590532535364527 0.7263895538628943 0.0 5.922766267682263 0.20069880304679028 0.0 0.0 0.45128441784548423 0.0
0.075 6.492443 2920.0 -1.4733755781683624 3.6013755781683625 0.7172183163737282 0.0 5.927187789084181 0.2152445883441254 0.0 0.0 0.4516890841813136 0.0
0.075 6.501384 2920.1988077214232 -1.4807892694928082 3.6089880772142315 0.7112107305071917 0.0 5.930795230885693 0.22618330809992385 0.0 0.0 0.45195964231642693 0.0
0.075 6.510406 2921.056829817735 -1.4885682981773494 3.6175682981773494 0.7035453614581204 0.0 5.934284149088675 0.2382240323571566 0.0 0.0 0.45222273192709395 0.0
0.075 6.519509 2921.988941224657 -1.4978894122465698 3.6268894122465696 0.6960884702027441 0.0 5.9389447061232845 0.2517396477575261 0.0 0.0 0.4525955764898628 0.0
0.075 6.533317 2922.4128590411938 -1.5139543084943272 3.643367167535521 0.6828714095880606 0.0 5.94606429520597 0.2749663191250134 0.0 0.0 0.4530651436164776 0.0
0.075 6.542625 2923.345683802134 -1.525839573229874 3.6558395732298736 0.6731974781765276 0.0 5.951419786614937 0.2922482444228905 0.0 0.0 0.4534728419010669 0.0
0.075 6.552014 2924.2737725295215 -1.5385590428837785 3.6688328154133 0.6632622747047857 0.0 5.9576426351771286 0.31090282784338075 0.0 0.0 0.45390950901180854 0.0
0.075 6.561484 2925.49288434556 -1.5514501904189215 3.6826966325917017 0.6530426939266387 0.0 5.963725095209461 0.33077386249749435 0.0 0.0 0.45432322108639006 0.0
0.075 6.571034 2927.1998819013875 -1.5649982285208146 3.6971981104222023 0.6418012990847359 0.0 5.970399173309714 0.3512974018305281 0.0 0.0 0.45477995276055505 0.0
0.075 6.580662 2928.149785021498 -1.5790969903009706 3.7122467753224684 0.6313523647635231 0.0 5.976898710128988 0.3720754424557556 0.0 0.0 0.45517489251074894 0.0
0.075 6.590365 2929.0936329588017 -1.5926853932584268 3.726685393258427 0.6207827715355807 0.0 5.982842696629214 0.39258127340823945 0.0 0.0 0.45564681647940075 0.0
0.075 6.600142 2929.856507490637 -1.6064171348314602 3.74041713483146 0.6108654026217232 0.0 5.98970856741573 0.4127974485018719 0.0 0.0 0.45602825374531836 0.0
0.075 6.609986 2931.630014253716 -1.6204100997760131 3.7544100997760133 0.6008499287314193 0.0 5.995890042761149 0.43273714111178985 0.0 0.0 0.45642600285074325 0.0
0.075 6.619897 2932.8092381523693 -1.6335200959808034 3.768329334133173 0.5917168566286745 0.0 6.001855428914217 0.4525038392321531 0.0 0.0 0.4568236952609478 0.0
0.075 6.629869 2933.791441750908 -1.6462887427618025 3.7820801845127106 0.5820855824909211 0.0 6.007748650505447 0.4719705466679761 0.0 0.0 0.45721657670036314 0.0
0.075 6.6399 2934.7617304171886 -1.658902495423451 3.7956642258406394 0.573144426245303 0.0 6.01433211292032 0.4911060892186144 0.0 0.0 0.45760469216687544 0.0
0.075 6.649986 2936.1096376540904 -1.671712644751588 3.8087674635786333 0.5645066305565929 0.0 6.020328912962271 0.5100854127754956 0.0 0.0 0.45792192753081806 0.0
0.075 6.66012 2938.001191239806 -1.6840154861174745 3.8220166773572806 0.5559892788417484 0.0 6.026007147438834 0.5288235865481536 0.0 0.0 0.45830047649592226 0.0
0.075 6.670305 2938.9344818106842 -1.696148263538898 3.8350827453495824 0.5475896637038399 0.0 6.031606890864107 0.5473027398515524 0.0 0.0 0.4586737927242738 0.0
0.075 6.680532 2940.7097151073967 -1.7072582906443794 3.8479680057517758 0.5401611395704139 0.0 6.03712914532219 0.5655261795632257 0.0 0.0 0.4589564572661095 0.0
0.075 6.690803 2942.1947272252673 -1.719265726964239 3.860363090576873 0.5322210910989298 0.0 6.0435841816758025 0.5836375358914122 0.0 0.0 0.4593292090837901 0.0
0.075 6.701112 2943.9886887670755 -1.7309264769859913 3.8729208213695294 0.5250452449316977 0.0 6.048966066301227 0.601487453232402 0.0 0.0 0.45959830331506135 0.0
0.075 6.71146 2945.7552274472987 -1.7415313646837922 3.885286592131091 0.5171014764871559 0.0 6.054265682341896 0.619064513100622 0.0 0.0 0.45986328411709476 0.0
0.075 6.721848 2947.2522947159514 -1.7530091788638047 3.8971773753411054 0.5103272140907968 0.0 6.059504589431903 0.6365819647730079 0.0 0.0 0.4601336392954602 0.0
0.075 6.732271 2949.838005457703 -1.7633520218308114 3.90924402546928 0.5034319854461258 0.0 6.064676010915406 0.6538200363846857 0.0 0.0 0.46047840072769375 0.0
0.075 6.742732 2951.391020999276 -1.7745640839971033 3.9207595944967415 0.4960224475018103 0.0 6.06997755249819 0.6710198406951483 0.0 0.0 0.4607195510499638 0.0
0.075 6.753231 2953.6079302141156 -1.784951546391753 3.932255511498811 0.4895682791435367 0.0 6.075823790642348 0.6879400951625699 0.0 0.0 0.4608911895321174 0.0
0.075 6.76377 2955.4133724340177 -1.7956534897360705 3.944066862170088 0.48296656891495593 0.0 6.080826744868035 0.704790263929619 0.0 0.0 0.4611413372434018 0.0
0.075 6.76906 2956.6544281524925 -1.80061771260997 3.9502721407624626 0.47986392961876867 0.0 6.083308856304985 0.7131673900293245 0.0 0.0 0.4612654428152492 0.0
0.075 6.779694 2959.083467094703 -1.8105425361155698 3.961584269662921 0.47370786516853935 0.0 6.088250401284109 0.7299471910112358 0.0 0.0 0.46150834670947033 0.0
0.075 6.790398 2960.7197890392113 -1.8211786287548724 3.973038523274478 0.4679807383627611 0.0 6.093159367117634 0.7465558587479929 0.0 0.0 0.4616719789039211 0.0
0.075 6.801174 2963.0265108964277 -1.8311060435857107 3.9841192990339245 0.4619337227589308 0.0 6.098066277241069 0.7631789485508869 0.0 0.0 0.46190265108964274 0.0
0.075 6.812024 2965.1531277794247 -1.840990661132523 3.995143788911948 0.45577497776460124 0.0 6.103918766676549 0.7796238067002669 0.0 0.0 0.46213062555588497 0.0
0.075 6.82295 2965.9629410020752 -1.8515182330269784 4.006481174029053 0.44929647198339795 0.0 6.108777646012451 0.7961439964423354 0.0 0.0 0.462292588200415 0.0
0.075 6.833946 2967.0 -1.8623691604050963 4.018369160405096 0.44423935533050213 0.0 6.113608515735598 0.8124537406076443 0.0 0.0 0.46253042578677994 0.0
0.075 6.839472 2967.0 -1.8677850375694214 4.0237850375694215 0.44123053468365486 0.0 6.116015572253076 0.8205775563541318 0.0 0.0 0.4626507786126538 0.0
0.075 6.850583 2967.0 -1.8786006262146406 4.034600626214641 0.4352218743251996 0.0 6.120822500539841 0.8368965018354572 0.0 0.0 0.462795562513496 0.0
0.075 6.861762 2967.1510295054127 -1.8903592655487158 4.045510295054128 0.4302448524729357 0.0 6.125604118021651 0.8530388983230737 0.0 0.0 0.46303020590108257 0.0
0.075 6.873014 2968.0 -1.9010824384080864 4.057082438408086 0.42463002737418376 0.0 6.130369972625816 0.8691579069277752 0.0 0.0 0.4632342493156454 0.0
0.075 6.884334 2968.0 -1.9119367704280152 4.067936770428015 0.4195316147859923 0.0 6.135115758754864 0.8852230544747078 0.0 0.0 0.4633705252918288 0.0
0.075 6.89002 2968.0 -1.9174678988326845 4.073467898832685 0.4167660505836578 0.0 6.137486242356865 0.8932036826014447 0.0 0.0 0.4634495414118955 0.0
0.075 6.901441 2968.0 -1.928235294117647 4.084235294117647 0.4117843137254902 0.0 6.143019607843137 0.9091529411764706 0.0 0.0 0.4636607843137255 0.0
0.075 6.912923 2968.0 -1.938830432111407 4.094830432111407 0.4060942043825517 0.0 6.147924636493959 0.9250456481671104 0.0 0.0 0.46379811591234893 0.0
0.075 6.924468 2968.0 -1.949375894386778 4.105375894386778 0.40138849138365423 0.0 6.152611508616346 0.940863841580167 0.0 0.0 0.4640152877154087 0.0
0.075 6.930261 2968.0 -1.954630051395747 4.110630051395748 0.39905331049077913 0.0 6.154946689509221 0.9487450770936205 0.0 0.0 0.4640736672377305 0.0
0.075 6.941885 2968.0 -1.9660137041112333 4.122013704111233 0.3943945183555067 0.0 6.159605481644493 0.9645586375912772 0.0 0.0 0.46428027408222466 0.0
0.075 6.953562 2968.0 -1.9765519077196094 4.132551907719609 0.38875470768017356 0.0 6.164245292319826 0.9802278615794142 0.0 0.0 0.46440613230799566 0.0
0.075 6.959417 2968.0 -1.9817471162377998 4.1377471162378 0.38644572611653355 0.0 6.166554273883467 0.9880206743566994 0.0 0.0 0.4644638568470867 0.0
0.075 6.971157 2967.2096711041504 -1.9921129600626468 4.148112960062647 0.38183868441660146 0.0 6.171161315583398 1.003648472983555 0.0 0.0 0.46465806577916996 0.0
0.075 6.982933 2967.0 -2.0024237831536 4.1584237831536 0.3772560963761779 0.0 6.175743903623823 1.0191356747303997 0.0 0.0 0.4647935975905955 0.0
0.075 6.994744 2967.0 -2.0135996932515337 4.168749616564417 0.3727001533742331 0.0 6.180299846625767 1.0346194785276075 0.0 0.0 0.4649 0.0
0.075 7.000664 2967.0 -2.0182749285033372 4.174274928503337 0.37043336510962793 0.0 6.182566634890373 1.042326558627265 0.0 0.0 0.4649283317445186 0.0
0.075 7.012521 2967.0 -2.0286983826728457 4.184428544405561 0.3661904851981463 0.0 6.187079353069138 1.0576967842617986 0.0 0.0 0.46512698382672846 0.0
0.075 7.024408 2967.0 -2.0395214084507045 4.194521408450704 0.3624349295774647 0.0 6.191565070422535 1.0730212394366199 0.0 0.0 0.4652391267605634 0.0
0.075 7.030365 2967.0 -2.0445554929577465 4.199555492957747 0.36019755868544595 0.0 6.193802441314554 1.0806283004694837 0.0 0.0 0.46529506103286383 0.0
0.075 7.0423 2966.9372570794003 -2.0545646862853966 4.210564686285397 0.3557490283176014 0.0 6.198250971682399 1.0958595780122151 0.0 0.0 0.4654 0.0
0.075 7.054257 2966.0 -2.0646818390804595 4.220513655172414 0.3514954482758621 0.0 6.202672735632184 1.1110041195402296 0.0 0.0 0.46541681839080457 0.0
0.075 7.060244 2966.0 -2.0701871264367813 4.225468413793103 0.34984386206896556 0.0 6.204874850574713 1.1185463632183905 0.0 0.0 0.46547187126436784 0.0
0.075 7.072239 2966.0 -2.0803473414946096 4.2353473414946095 0.3457345148912846 0.0 6.209265485108715 1.1335842864973502 0.0 0.0 0.4655816371277179 0.0
0.075 7.084254 2966.0 -2.090076185305827 4.245668566775245 0.34177714440825196 0.0 6.213630474122331 1.148584373868983 0.0 0.0 0.4657 0.0
0.075 7.090269 2966.0 -2.0955186391603333 4.2505667752443 0.34014440825190007 0.0 6.215807455664134 1.1560405356496566 0.0 0.0 0.4657 0.0
0.075 7.102324 2966.0 -2.1053233532934135 4.260323353293413 0.3358562874251496 0.0 6.22014371257485 1.170995808383234 0.0 0.0 0.4658035928143712 0.0
0.075 7.114401 2966.0 -2.115031724873367 4.270031724873367 0.33165609170887766 0.0 6.224573180485204 1.1858819781391627 0.0 0.0 0.4659 0.0
0.075 7.120449 2966.0 -2.1198688349773396 4.274868834977339 0.33004372167422025 0.0 6.227260463876299 1.1932988802985869 0.0 0.0 0.4659 0.0
0.075 7.132567 2966.0 -2.130021767868159 4.285021767868159 0.32632607737728037 0.0 6.2318985634969595 1.2081000440645104 0.0 0.0 0.465922464087424 0.0
0.075 7.144711 2966.0 -2.1396401893740133 4.294640189374014 0.3228265825004385 0.0 6.236173417499562 1.2228482903734872 0.0 0.0 0.46602933543748903 0.0
0.075 7.150796 2966.0 -2.1444416096791157 4.299441609679116 0.32069261792039305 0.0 6.238307382079607 1.230210468174644 0.0 0.0 0.4660826845519902 0.0
0.075 7.162985 2966.0 -2.1549174087654968 4.309025667888947 0.31732477737035103 0.0 6.242566963506199 1.2449060240963852 0.0 0.0 0.4661 0.0
0.075 7.169089 2966.0 -2.1593842407375194 4.314230300921899 0.3153078796312403 0.0 6.24469212036876 1.2522378152722209 0.0 0.0 0.4661 0.0
0.075 7.181315 2965.016562608394 -2.1688509365244535 4.323850936524454 0.3120496878251821 0.0 6.248933749566423 1.2668714360041622 0.0 0.0 0.4661983437391606 0.0
0.075 7.193567 2965.0 -2.179370711153151 4.333370711153151 0.3088764296156163 0.0 6.253164760512512 1.281368423768165 0.0 0.0 0.4662041190128128 0.0
0.075 7.199706 2965.0 -2.184121850546049 4.338121850546049 0.30729271648465045 0.0 6.255276378020466 1.288653504170608 0.0 0.0 0.4662569094505116 0.0
0.075 7.212006 2965.0 -2.193245405590221 4.348120865031199 0.3036263783229337 0.0 6.259498162236088 1.303218659714505 0.0 0.0 0.4663 0.0
0.075 7.224347 2965.0 -2.203608429118774 4.357608429118774 0.3004638569604086 0.0 6.263714857386121 1.3177662579821203 0.0 0.0 0.4663 0.0
0.075 7.230531 2965.0 -2.2083471264367818 4.362347126436782 0.2988842911877394 0.0 6.265820945083014 1.3250322605363987 0.0 0.0 0.4663 0.0
0.075 7.242929 2965.0 -2.2175789250952183 4.372321032585696 0.2952263224714345 0.0 6.270031570038087 1.3395589166314013 0.0 0.0 0.4664 0.0
0.075 7.249142 2965.0 -2.2228374947101144 4.3770537452391025 0.2936487515869657 0.0 6.272134997884045 1.3468157426999579 0.0 0.0 0.4664 0.0
0.075 7.261598 2965.0 -2.2325159412955466 4.386515941295547 0.2904946862348177 0.0 6.276340418353576 1.361240932860999 0.0 0.0 0.4664 0.0
0.075 7.274086 2964.6153459119496 -2.241846540880503 4.396461886792452 0.2868460377358491 0.0 6.2801539622641505 1.375669761006289 0.0 0.0 0.466438465408805 0.0
0.075 7.280342 2964.0907337526205 -2.247092662473795 4.401183396226415 0.2852722012578617 0.0 6.281727798742138 1.3828569475890984 0.0 0.0 0.46649092662473796 0.0
0.075 7.292874 2964.0 -2.2566097418330693 4.410609741833069 0.28213008605564366 0.0 6.285826551925808 1.3972059403458938 0.0 0.0 0.4665 0.0
0.075 7.299152 2964.0 -2.261796768282526 4.414837414626021 0.28104064634349485 0.0 6.28791870731301 1.4043236048642351 0.0 0.0 0.4665 0.0
0.075 7.311731 2963.975299401198 -2.2712223053892213 4.425222305389221 0.27792589820359287 0.0 6.292098802395209 1.4186359281437122 0.0 0.0 0.4665 0.0
0.075 7.324338 2963.0 -2.2807265521796567 4.434581241743726 0.27485468956406867 0.0 6.296290620871863 1.4328881109643334 0.0 0.0 0.4665 0.0
0.075 7.330655 2963.0 -2.2858457420523806 4.43884574205238 0.2737180859825399 0.0 6.298375885356614 1.4399874073464014 0.0 0.0 0.46650939713391537 0.0
0.075 7.34331 2963.0 -2.295221665982765 4.448221665982765 0.27059277800574494 0.0 6.302542962659007 1.454246073040623 0.0 0.0 0.4666 0.0
0.075 7.349649 2963.0 -2.2999037340993027 4.452903734099303 0.26903208863356587 0.0 6.304623881821912 1.4613211981945016 0.0 0.0 0.4666 0.0
0.075 7.362351 2962.0 -2.309766925275623 4.4627669252756235 0.26641102490812574 0.0 6.307785300122499 1.475470020416497 0.0 0.0 0.4666 0.0
0.075 7.375074 2961.7653667670766 -2.319346332329235 4.4721116990963115 0.26329610030122946 0.0 6.311938532931694 1.4895910119677598 0.0 0.0 0.4666 0.0
0.075 7.381444 2961.2467638199137 -2.324532361800863 4.4767791256207765 0.2617402914597411 0.0 6.3140129447203455 1.4966440120491737 0.0 0.0 0.4666 0.0
0.075 7.394196 2961.0 -2.3338880427738173 4.486599238496436 0.2591335871678548 0.0 6.318155217109527 1.5106988577446534 0.0 0.0 0.4666 0.0
0.075 7.400581 2961.0 -2.339060596241089 4.491254536616981 0.25758182112767336 0.0 6.3202242384964356 1.5176818049254701 0.0 0.0 0.4666 0.0
0.075 7.413365 2960.322424633242 -2.34838787683379 4.500049089150411 0.25498363694986304 0.0 6.323355150733516 1.5316736337256163 0.0 0.0 0.4666338787683379 0.0
0.075 7.419769 2959.290020957601 -2.353549895211994 4.504694905690795 0.2534350314364018 0.0 6.325419958084797 1.538642358536192 0.0 0.0 0.46668549895211997 0.0
0.075 7.432604 2958.1144278606967 -2.3638557213930356 4.513970149253732 0.2503432835820894 0.0 6.329542288557214 1.5525552238805975 0.0 0.0 0.4667 0.0
0.075 7.439037 2957.1993923888713 -2.369003038055644 4.519003038055644 0.24919939238887115 0.0 6.331601215222258 1.5595441317556762 0.0 0.0 0.4667 0.0
0.075 7.451926 2955.1452923371035 -2.379273538314482 4.528346184483033 0.24621793850565546 0.0 6.334782061494344 1.5733265413414055 0.0 0.0 0.4667 0.0
0.075 7.464849 2954.0967894986557 -2.389516052506721 4.538064447256049 0.24409678949865574 0.0 6.338354815752016 1.5871966708840737 0.0 0.0 0.4667 0.0
0.075 7.471325 2953.072592123992 -2.394637039380041 4.542673335442037 0.2430725921239918 0.0 6.339891111814012 1.5941100031630553 0.0 0.0 0.4667 0.0
0.075 7.484301 2951.0205582351546 -2.4048972088242273 4.551907487941804 0.24003083735273176 0.0 6.343958883529691 1.607862259824465 0.0 0.0 0.4667 0.0
0.075 7.490802 2950.0004706620643 -2.4099976466896775 4.555998117351741 0.23900047066206456 0.0 6.345999058675871 1.6146968465641673 0.0 0.0 0.4667 0.0
0.075 7.503829 2948.9638460339725 -2.420180769830138 4.565180769830139 0.2359638460339723 -0.0004 6.3490723079320555 1.6284422315723854 0.0 0.0 0.4667 0.0
0.075 7.510355 2947.9470291262137 -2.4252648543689315 4.5702383689320385 0.23494702912621362 -0.0004 6.351105941747573 1.635257553398058 0.0 0.0 0.4667 0.0
0.075 7.523432 2945.915879163439 -2.4355047250193644 4.579336483346243 0.23291587916343928 -0.0004 6.355084120836561 1.648963609604957 0.0 0.0 0.4667 0.0
0.075 7.529983 2944.901320361362 -2.4414933981931894 4.58344405837387 0.2318519805420432 -0.0004 6.356197359277275 1.6557611535788739 0.0 0.0 0.4667049339819319 0.0
0.075 7.543113 2942.87412479803 -2.451629376009848 4.592566438408863 0.22887412479803035 -0.0004 6.360188812802955 1.6693433638531967 0.0 0.0 0.4668 0.0
0.075 7.54969 2941.8620450873277 -2.456689774563361 4.597120797107024 0.22786204508732782 -0.0004 6.3617069323690085 1.6761242979149036 0.0 0.0 0.4668 0.0
0.075 7.562868 2939.8375440208238 -2.466812279895881 4.606731051906293 0.22575631603123564 -0.0009 6.365243683968765 1.689688455060481 0.0 0.0 0.4668 0.0
0.075 7.574057 2938.1243301178993 -2.4753783494105037 4.614440514469454 0.22318649517684885 -0.0009 6.367813504823151 1.701166988210075 0.0 0.0 0.4668 0.0
0.075 7.583352 2936.7049679975617 -2.482475160012191 4.620327644010972 0.22170496799756179 -0.0009590064004876459 6.370442548003657 1.7106619628162143 0.0 0.0 0.4668 0.0
0.075 7.591318 2935.4910088387687 -2.4885449558061565 4.625790460225541 0.22049100883876865 -0.0012017982322462674 6.372263486741847 1.7187347912221884 0.0 0.0 0.4668 0.0
0.075 7.601487 2933.9438713592235 -2.497280643203883 4.633252578883495 0.21891580703883512 -0.001311225728155319 6.375084192961165 1.729076061893203 0.0 0.0 0.4668028064320388 0.0
0.075 7.610113 2932.6353155339807 -2.5038234223300972 4.639141080097088 0.2169529733009709 -0.0015729368932038796 6.377047026699029 1.73784338592233 0.0 0.0 0.466868234223301 0.0
0.075 7.619907 2931.151377535574 -2.511243112322132 4.645394489857705 0.21515137753557365 -0.0021243112322131778 6.3796972449288525 1.747700908265214 0.0 0.0 0.4669 0.0
0.075 7.630201 2929.596390545949 -2.5190180472702557 4.65231624254323 0.21359639054594887 -0.0024807218908102276 6.382105414181076 1.7580340028694401 0.0 0.0 0.4669 0.0
0.075 7.640556 2927.0693188667874 -2.5277920433996384 4.659826702833032 0.21203465943339364 -0.003082670283303182 6.384930681133213 1.7684677817962626 0.0 0.0 0.4669 0.0
0.075 7.64936 2925.710773626043 -2.534446131869784 4.665801518682805 0.21071077362604318 -0.003357845274791364 6.386933839560935 1.777273355386813 0.0 0.0 0.4669 0.0
0.075 7.659376 2924.2065706570656 -2.5419671467146716 4.672173717371737 0.20920657065706566 -0.0038173717371737335 6.389586858685869 1.7872366336633665 0.0 0.0 0.4669 0.0
0.075 7.669919 2921.942074539739 -2.550545726687622 4.679173776380782 0.20762804969315962 -0.004517377638078168 6.392057925460261 1.7977234695404885 0.0 0.0 0.46696859751534203 0.0
0.075 7.679717 2920.1633811230586 -2.5581830943847073 4.686183094384708 0.20616338112305854 -0.005552956989247307 6.394673237753882 1.8074216845878135 0.0 0.0 0.467 0.0
0.075 7.689565 2918.043653158522 -2.5655211561382596 4.6928690405244335 0.20404365315852208 -0.006547750297973772 6.396956346841478 1.8171731376638856 0.0 0.0 0.467 0.0
0.075 7.69925 2916.254718383118 -2.572726408084411 4.698981126467529 0.20225471838311782 -0.007670753455193967 6.398745281616882 1.8267188586714225 0.0 0.0 0.467 0.0
0.075 7.709159 2914.7852060480286 -2.580681366735843 4.705466572783871 0.20078520604802855 -0.008993314556774327 6.400822190927958 1.8364176400830117 0.0 0.0 0.4670607396975986 0.0
0.075 7.719013 2912.6523732071564 -2.588369066982109 4.7123690669821094 0.19932618660357823 -0.010575957415348322 6.4033476267928435 1.846114549756026 0.0 0.0 0.4671 0.0
0.075 7.729013 2910.275536543993 -2.596323032672026 4.718598569216019 0.19785035769599527 -0.01255201711040639 6.405724463456007 1.8558876392064312 0.0 0.0 0.4671 0.0
0.075 7.739224 2908.3458878917168 -2.604270560541415 4.725270560541416 0.19634588789171695 -0.014550345740767969 6.408308224216566 1.8658171399146681 0.0 0.0 0.4671 0.0
0.075 7.749093 2906.345024948635 -2.6120682418550047 4.731964925154094 0.19489668329909007 -0.016985970061637875 6.410654975051365 1.8753818902260055 0.0 0.0 0.4671551658350455 0.0
0.075 7.759024 2904.440720140515 -2.619796399297424 4.738237119437939 0.1934407201405152 -0.019662631733021133 6.412559279859485 1.8850471750585482 0.0 0.0 0.4672 0.0
0.075 7.769006 2902.473503649635 -2.6275971532846714 4.744579489051095 0.19198233576642335 -0.02304416058394162 6.414526496350366 1.8947165839416058 0.0 0.0 0.4672 0.0
0.075 7.779002 2900.505823627288 -2.6354708818635606 4.75147088186356 0.19050582362728785 -0.026636605657237918 6.416988352745425 1.9043627287853577 0.0 0.0 0.4672 0.0
0.075 7.78911 2898.2394586153046 -2.6432816241540857 4.758107929897623 0.18941315287176821 -0.031086343918098013 6.419173694256464 1.914114003123373 0.0 0.0 0.4672 0.0
0.075 7.798976 2895.9623907298233 -2.651150437080707 4.76411282781053 0.1879623907298232 -0.036097784102459674 6.421037609270177 1.9236286440333399 0.0 0.0 0.46725188046350885 0.0
0.075 7.809045 2893.758724988367 -2.6587238250349 4.7707238250349 0.18637936249418333 -0.041827315030246684 6.423241275011634 1.9332892275476965 0.0 0.0 0.4673 0.0
0.075 7.819059 2891.2321989528796 -2.6663034031413613 4.777419502617801 0.18511609947643975 -0.048484672774869314 6.425767801047121 1.94285247382199 0.0 0.0 0.4673 0.0
0.075 7.829017 2888.3016360932074 -2.6741956370847797 4.783396727813584 0.18410054536440254 -0.05620569162121994 6.4277989092711945 1.9524247099652954 0.0 0.0 0.4673 0.0
0.075 7.839033 2886.437830802603 -2.682810845986985 4.790248676789588 0.18243783080260306 -0.0655919305856832 6.429562169197396 1.9619919305856832 0.0 0.0 0.4673 0.0
0.075 7.84897 2884.0386243386247 -2.690884126984126 4.796903439153438 0.18101931216931227 -0.07555129629629542 6.431961375661376 1.9714609523809516 0.0 0.0 0.4673980687830688 0.0
0.075 7.858986 2881.321816208394 -2.698141823444283 4.803249095513748 0.18010727206946459 -0.08793037264833502 6.433785455861071 1.9810629160636752 0.0 0.0 0.4674 0.0
0.075 7.869011 2878.2337784268725 -2.7063765908616735 4.809532443146255 0.17815585228458158 -0.10138696015021957 6.435844147715418 1.9905908721051537 0.0 0.0 0.4674 0.0
0.075 7.879364 2876.0887385594906 -2.7146450457620372 4.8157337843215275 0.17704436927974534 -0.11788121766812547 6.437911261440509 2.0003784918424192 0.0 0.0 0.4674 0.0
0.075 7.890986 2872.679919812897 -2.7237468537699074 4.823533466978506 0.17589330660429894 -0.13930583583917985 6.440213386791402 2.011406893863459 0.0 0.0 0.4674106693395701 0.0
0.075 7.901732 2869.463424239441 -2.732146303042237 4.829878015161958 0.17446342423944078 -0.16264622427882247 6.44253657576056 2.0215487348626566 0.0 0.0 0.4675 0.0
0.075 7.912677 2866.933623393706 -2.7408436709501167 4.837132753212588 0.17264454113123537 -0.19013293534352096 6.444710917737529 2.0318413133663875 0.0 0.0 0.4675 0.0
0.075 7.919654 2864.8245833734704 -2.746526249879588 4.841409305461902 0.17194152779115687 -0.2095120412291702 6.446116944417686 2.0384671804257786 0.0 0.0 0.4675 0.0
0.075 7.933642 2860.717589774802 -2.7584197606005274 4.850564820450396 0.17057252992493407 -0.25543244065733417 6.448427470075066 2.051575471698113 0.0 0.0 0.46754274700750664 0.0
0.075 7.940643 2858.5930627748903 -2.764085165933626 4.85481387445022 0.16972870851659347 -0.28130216913234524 6.449271291483407 2.0581615053978406 0.0 0.0 0.4676 0.0
0.075 7.954667 2854.383343355382 -2.775311084385648 4.8632333132892365 0.16746111445179399 -0.3420581779915798 6.452077771096412 2.0712655241531364 0.0 0.0 0.4676 0.0
0.075 7.961691 2852.0142392188773 -2.780971521562246 4.867478641171684 0.16675355980471926 -0.37663526240846334 6.453492880390562 2.0778426057770547 0.0 0.0 0.4676 0.0
0.075 7.975766 2847.009356957993 -2.7923083814453515 4.876644833764682 0.16533645231933108 -0.4571436989846709 6.456327095361337 2.0909373481982882 0.0 0.0 0.4676 0.0
0.075 7.982818 2844.9058402860546 -2.7979177592371873 4.88118831942789 0.1646352800953516 -0.5028021454112043 6.457729439809296 2.0974918951132304 0.0 0.0 0.4676364719904649 0.0
0.075 7.98988 2842.73258381851 -2.8036016864083524 4.885401124272235 0.16386629190925503 -0.5519547279662771 6.459066854045372 2.104015057217427 0.0 0.0 0.4677 0.0
0.075 8.004033 2837.5525975961064 -2.8158597397437166 4.893894804807788 0.16151753253203538 -0.6682878513956468 6.460964934935929 2.117086947452071 0.0 0.0 0.4677 0.0
0.075 8.01113 2835.420276497696 -2.821545929339478 4.898159447004608 0.1608067588325653 -0.7333569585253458 6.462386482334869 2.1236391705069124 0.0 0.0 0.4677 0.0
0.075 8.025363 2830.4930966469424 -2.833013806706115 4.906760355029586 0.1593732741617356 -0.8849495069033658 6.465253451676529 2.1367285502958593 0.0 0.0 0.4677 0.0
0.075 8.032498 2827.6433127467853 -2.839052546319733 4.911035030879822 0.1586608281866963 -0.9716496608281951 6.466339171813304 2.143286463501064 0.0 0.0 0.4677 0.0
0.075 8.039644 2824.81347930896 -2.8454973885094406 4.915373041382081 0.15793782643631996 -1.0655027320208723 6.46712434712736 2.1498595620731207 0.0 0.0 0.467706217356368 0.0
0.075 8.053988 2820.010529452667 -2.856978941094666 4.924481573457832 0.15650263236316675 -1.2839625012416855 6.469994735273667 2.162875782258866 0.0 0.0 0.4678 0.0
0.075 8.061181 2817.150114553243 -2.862912242255204 4.9292748281701355 0.1557875286383107 -1.407210897499733 6.47121247136169 2.169433489391373 0.0 0.0 0.4678 0.0
0.075 8.075616 2812.024906725824 -2.8752669153978023 4.937950186548352 0.15434163557527472 -1.6910764545729686 6.473316728849451 2.1825252798225274 0.0 0.0 0.4678 0.0
0.075 8.082861 2809.4685328568594 -2.8810629342862812 4.942297200714711 0.15361713321421486 -1.8531222950168638 6.47476573357157 2.189084087750645 0.0 0.0 0.4678 0.0
0.075 8.090124 2806.5810973167804 -2.886942531037244 4.946628354024829 0.15289527432919514 -2.027521906287513 6.476104725670805 2.195642531037244 0.0 0.0 0.4678 0.0
0.075 8.104706 2800.7246596066566 -2.8995506807866867 4.954844175491679 0.15143116490166414 -2.430435703479575 6.478137670196672 2.208762632375189 0.0 0.0 0.46785688350983357 0.0
0.075 8.112025 2797.48164405427 -2.9057330407023136 4.958822027134876 0.15039265762170803 -2.6593209497206463 6.479303671189146 2.2153330407023137 0.0 0.0 0.4679 0.0
0.075 8.119365 2793.820197782439 -2.9123236439916096 4.963215762661073 0.1489640395564878 -2.906162900809131 6.480071920887025 2.2219200479472585 0.0 0.0 0.4679 0.0
0.075 8.134104 2786.95969924812 -2.9255906766917295 4.9720604511278195 0.14748992481203005 -3.477356390977455 6.48251007518797 2.2350396691729326 0.0 0.0 0.4679 0.0
0.075 8.141506 2783.811998110534 -2.9321384034010385 4.9764256022673585 0.14676239962210683 -3.7902457723192846 6.4834752007557865 2.2416334435521956 0.0 0.0 0.4679 0.0
0.075 8.156373 2776.643125246938 -2.9450423745555114 4.985028249703674 0.1453286250493876 -4.297552963255627 6.485671374950613 2.2547752370604504 0.0 0.0 0.4679 0.0
0.075 8.163838 2773.342977275003 -2.951314045449995 4.989485534087496 0.14458574431875065 -4.440903844228647 6.486414255681249 2.261304024426869 0.0 0.0 0.4679 0.0
0.075 8.171329 2770.195526341607 -2.9574480525851077 4.9939653683900715 0.14383910526832136 -4.553453183557346 6.4873217894633575 2.2678319631119397 0.0 0.0 0.4679 0.0
0.075 8.186386 2762.747767697692 -2.9710398599900008 5.002716836916923 0.14253539538538457 -4.7280362597328525 6.4899292092292304 2.2809217158368464 0.0 0.0 0.4679 0.0
0.075 8.193951 2758.9625167336008 -2.9780562248995994 5.007037483266399 0.14199062918340014 -4.807610307898268 6.4910093708166 2.287460910307899 0.0 0.0 0.4679 0.0
0.075 8.201545 2754.9092549281663 -2.9841685265619766 5.0111166722352145 0.14098703641830945 -4.884732689609074 6.492025927163381 2.2940659338456384 0.0 0.0 0.4679 0.0
0.075 8.209166 2751.3444704310064 -2.9907888406281313 5.0156999665887065 0.14047778149014373 -4.964583862345462 6.493044437019712 2.30058439692616 0.0 0.0 0.4679 0.0
0.075 8.224492 2743.6349100599605 -3.004638907395069 5.024365089940039 0.139 -5.12712005329779 6.49509127248501 2.313675016655562 0.0 0.0 0.4679 0.0
0.075 8.2322 2739.5276909779936 -3.0117675021607604 5.028472309022006 0.1388819227444984 -5.209357622498503 6.4960590386277515 2.3201556944352104 0.0 0.0 0.4679 0.0
0.075 8.23994 2735.4109434213146 -3.0184572169403636 5.032589056578685 0.13785273585532867 -5.290920683465204 6.4965736320723355 2.3267424905258967 0.0 0.0 0.4679 0.0
0.075 8.255523 2726.1338895510526 -3.032515693285658 5.041082638061185 0.13678347238776317 -5.458028486293211 6.498216527612237 2.3398857767183157 0.0 0.0 0.4679 0.0
0.075 8.263369 2721.980050204782 -3.0397849121416316 5.046019949795218 0.136 -5.54487991808695 6.499254987448804 2.3465064209274686 0.0 0.0 0.4679 0.0
0.075 8.271256 2717.815049087435 -3.046925545232918 5.050184950912565 0.1357037622718588 -5.634783811029843 6.500296237728141 2.3530662976872896 0.0 0.0 0.4679 0.0
0.075 8.279185 2713.635566976346 -3.0537172036634375 5.054364433023655 0.1346588917440865 -5.725374085787701 6.501341108255914 2.359648982012255 0.0 0.0 0.4679 0.0
0.075 8.295178 2704.231121580945 -3.0680955372333467 5.062768878419055 0.13355778039523622 -5.914335976966367 6.503 2.372885983510012 0.0 0.0 0.4679 0.0
0.075 8.30325 2699.763647035805 -3.0754787712776364 5.0669878693015065 0.13275151633731172 -6.013389473684206 6.503496967325376 2.3795060457836037 0.0 0.0 0.4679 0.0
0.075 8.311377 2694.9933476814717 -3.082899236939933 5.071228135394248 0.13222148307571907 -6.1131947368421 6.504557033848561 2.3861314615535116 0.0 0.0 0.4679 0.0
0.075 8.319562 2690.511884660346 -3.090354201844395 5.075488115339654 0.13137797116508643 -6.215174594103125 6.505622028834914 2.3928187816599555 0.0 0.0 0.4679 0.0
0.075 8.336125 2681.5626450116015 -3.1043469966486197 5.084437354988399 0.12961807166795575 -6.428498801237417 6.506763856664088 2.4062741041505533 0.0 0.0 0.4679 0.0
0.075 8.344514 2676.6966357308584 -3.1119163444186646 5.089303364269141 0.1290774039700954 -6.53863281129157 6.5078451920598095 2.413032450373808 0.0 0.0 0.4679 0.0
0.075 8.352981 2672.273368380562 -3.1195216053340165 5.093726631619438 0.129 -6.6505470957815005 6.50893165790486 2.419869444800615 0.0 0.0 0.4679 0.0
0.075 8.361531 2666.906870229008 -3.1271629770992364 5.098093129770992 0.12797671755725193 -6.766949312977096 6.51 2.426644351145038 0.0 0.0 0.46789767175572516 0.0
0.075 8.370171 2662.4521145458 -3.134852266262089 5.102487009292623 0.12693912383842224 -6.883135368860215 6.510060876161577 2.4334609520197223 0.0 0.0 0.4678 0.0
0.075 8.387747 2652.292100966972 -3.150391058646239 5.1113663192264225 0.126 -7.128759412281803 6.511341579806605 2.4473519527816148 0.0 0.0 0.4678 0.0
0.075 8.396696 2646.6831707926976 -3.1582435608902233 5.115853463365842 0.12553663415853952 -7.255662715678931 6.512463365841461 2.454372868217055 0.0 0.0 0.4678 0.0
0.075 8.405768 2641.6218905472633 -3.166161691542289 5.120378109452736 0.125 -7.385965174129362 6.513 2.4614455223880602 0.0 0.0 0.4678 0.0
0.075 8.41497 2636.333230484418 -3.174500154273373 5.124933415612466 0.1242666460968836 -7.519755766738669 6.513733353903116 2.4685834618944775 0.0 0.0 0.4677633323048442 0.0
0.075 8.424315 2630.5664918235116 -3.183150262264733 5.129546806541191 0.12311329836470229 -7.656196803455718 6.514886701635297 2.4757918852206107 0.0 0.0 0.4677056649182351 0.0
0.075 8.433811 2624.7529211295036 -3.191345910418695 5.134197663096398 0.12295058422590069 -7.796583081791625 6.515049415774099 2.4830113193768257 0.0 0.0 0.4677 0.0
0.075 8.443476 2618.8779337043306 -3.199795306073071 5.138897653036535 0.122 -7.941000858940247 6.516 2.4904138035325434 0.0 0.0 0.4677 0.0
0.075 8.45332 2612.943202923732 -3.2090851956144024 5.143645437661015 0.12179432029237316 -8.087469582409673 6.516205679707627 2.4978709963453354 0.0 0.0 0.46767943202923734 0.0
0.075 8.463358 2606.9291833922475 -3.2181062249116286 5.148456653286202 0.12119291833922477 -8.238842454017124 6.516807081660776 2.5053885207596904 0.0 0.0 0.4676192918339225 0.0
0.075 8.473605 2600.8306633440134 -3.226837071318381 5.153335469324789 0.1201661326688027 -8.393384537795177 6.5178338673311975 2.513053364186543 0.0 0.0 0.4676 0.0
0.075 8.484082 2593.6557971014486 -3.2365507246376826 5.158275362318841 0.119 -8.55241159420292 6.51806884057971 2.520833695652175 0.0 0.0 0.4676 0.0
0.075 8.49481 2587.0781902552208 -3.246562412993039 5.16328120649652 0.11867969837587013 -8.713143120649642 6.519 2.528717900232018 0.0 0.0 0.4676 0.0
0.075 8.505806 2579.4503051940574 -3.2567329264079232 5.168366463203962 0.118 -8.878505862029249 6.51959161580099 2.5366680179661407 0.0 0.0 0.46754083841990096 0.0
0.075 8.517106 2571.6920707358813 -3.2670772390188247 5.173538619509412 0.11755767256132345 -9.044726195094123 6.520442327438676 2.544773325727325 0.0 0.0 0.4675 0.0
0.075 8.52873 2563.749238578681 -3.277667681895092 5.178833840947546 0.11679153976311349 -9.212865685279173 6.521 2.5530924534686963 0.0 0.0 0.46747915397631135 0.0
0.075 8.540717 2555.6606942889134 -3.288452407614782 5.184226203807391 0.116 -9.377430459126547 6.521 2.5615062709966407 0.0 0.0 0.4674 0.0
0.075 8.553118 2547.3764157228516 -3.2994981123695313 5.189749056184766 0.11506273595380857 -9.538010459693538 6.5219372640461915 2.5701110370863867 0.0 0.0 0.4674 0.0
0.075 8.565988 2538.5423580786023 -3.311159825327511 5.195404366812228 0.11464890829694321 -9.683961222707426 6.522 2.578911877729258 0.0 0.0 0.4673648908296943 0.0
0.075 8.579052 2529.37311816311 -3.3231691757825197 5.20108458789126 0.114 -9.815346507094123 6.522771146972815 2.5877811112314526 0.0 0.0 0.4673 0.0
0.075 8.591956 2520.0201652892565 -3.3353064462809914 5.206653223140496 0.113 -9.928631404958672 6.523 2.596279834710743 0.0 0.0 0.4672836694214876 0.0
0.075 8.604698 2511.1935790474176 -3.34635019537438 5.21217509768719 0.11245622557820249 -10.024611680219667 6.523 2.6046714014151444 0.0 0.0 0.4672 0.0
0.075 8.617271 2501.9843806945387 -3.3577343676784506 5.217437496745978 0.11157031290675275 -10.107777294736293 6.523429687093247 2.6127421825376165 0.0 0.0 0.4672 0.0
0.075 8.629671 2492.961952620244 -3.3693346323454 5.222593169931289 0.11085170751717777 -10.184522623320683 6.524 2.6206045841452155 0.0 0.0 0.4671851707517178 0.0
0.075 8.641893 2484.2180397727275 -3.380576806006493 5.227589691558442 0.11 -10.251146763392857 6.524 2.628224279626623 0.0 0.0 0.4671 0.0
0.075 8.653935 2475.7133253060397 -3.3915114388922345 5.232449528396549 0.10938761790086282 -10.31193929359824 6.524 2.635635530804737 0.0 0.0 0.4671 0.0
0.075 8.665794 2466.655227137473 -3.402137869470343 5.237172386431264 0.109 -10.366389347351715 6.524 2.642837889307677 0.0 0.0 0.46702069033921845 0.0
0.075 8.677466 2458.4252400548694 -3.412453262786596 5.241757005682932 0.109 -10.417496688222615 6.524 2.649735508524398 0.0 0.0 0.467 0.0
0.075 8.688953 2449.641403039281 -3.422512281372456 5.245204912548982 0.108 -10.462918388607475 6.524 2.6565073688234735 0.0 0.0 0.4669 0.0
0.075 8.700252 2441.9646259786814 -3.4331647957739837 5.249517687010659 0.10787057824733516 -10.505127431374397 6.524 2.662976530515989 0.0 0.0 0.4669 0.0
0.075 8.711363 2433.5986597170513 -3.4425765078183175 5.253700670141474 0.107 -10.543888514519733 6.524 2.6692510052122116 0.0 0.0 0.46688248324646314 0.0
0.075 8.722287 2425.4857719845786 -3.451892785019277 5.257757114007711 0.1068107214980723 -10.579556912061685 6.524 2.6753167431613734 0.0 0.0 0.4668 0.0
0.075 8.733023 2417.6217879116907 -3.461550488599348 5.261689106044154 0.106 -10.610823344191095 6.524 2.6811336590662322 0.0 0.0 0.4668 0.0
0.075 8.743576 2409.9979495408766 -3.4702525630739043 5.265501025229561 0.10587474369260956 -10.640044958545062 6.524 2.686839012213604 0.0 0.0 0.46678747436926094 0.0
0.075 8.753944 2402.609550561797 -3.479488061797754 5.269146418539326 0.105 -10.666817766853935 6.524 2.692287956460675 0.0 0.0 0.4667 0.0
0.075 8.764131 2395.4557584269655 -3.4884303019662926 5.271829090589888 0.105 -10.690961815308992 6.524 2.697563878160113 0.0 0.0 0.4667 0.0
0.075 8.774138 2388.5311500907283 -3.496277456147931 5.275234424954636 0.10419139376134101 -10.712068270975546 6.524 2.7026707768080884 0.0 0.0 0.4667 0.0
0.075 8.785851 2380.5398741710596 -3.5060751572861757 5.27923006291447 0.104 -10.735434364903927 6.523192484271382 2.708564342798844 0.0 0.0 0.46661924842713826 0.0
0.075 8.7995 2370.429826028773 -3.517522415523586 5.283808966209434 0.1030477584476414 -10.760944538307125 6.523 2.7152230010036797 0.0 0.0 0.4666 0.0
0.075 8.815334 2359.7205942040755 -3.5305326731065825 5.288013069242633 0.103 -10.786577603701598 6.522746732689342 2.722768950401818 0.0 0.0 0.4665 0.0
0.075 8.833602 2347.1902626521455 -3.545262171684818 5.293904868673927 0.1022737828315182 -10.810727826713647 6.522 2.731239437860346 0.0 0.0 0.4665 0.0
0.075 8.853335 2334.4439775910364 -3.5608400248988485 5.29913600995954 0.10171599751011513 -10.833960037348273 6.521715997510115 2.7400904139433555 0.0 0.0 0.4664 0.0
0.075 8.872209 2322.0694412508624 -3.575413198436422 5.304965279374569 0.101 -10.8538182340768 6.521 2.748177259140032 0.0 0.0 0.46632586801563575 0.0
0.075 8.890297 2310.1307189542476 -3.5890866013071903 5.309434640522876 0.1 -10.870754003267974 6.52 2.755697630718955 0.0 0.0 0.4663 0.0
0.075 8.907662 2299.474917853231 -3.601916757940854 5.314175027382256 0.1 -10.883316757940854 6.519608324205914 2.7627150492880617 0.0 0.0 0.46626083242059146 0.0
0.075 8.924359 2288.5925021545527 -3.614008330939386 5.3184033323757545 0.09939916690606142 -10.895528497558173 6.519 2.7691844153978744 0.0 0.0 0.4662 0.0
0.075 8.940438 2279.060127028934 -3.6254248412138326 5.32222745236415 0.099 -10.904797388849682 6.5182575158786165 2.7752351658433314 0.0 0.0 0.4662 0.0
0.075 8.955943 2269.611038016758 -3.636209957759158 5.3254629873277475 0.0981790042240842 -10.912346970431411 6.518 2.780869178034762 0.0 0.0 0.4661179004224084 0.0
0.075 8.970913 2260.425591193259 -3.646416009785268 5.329366403914107 0.098 -10.919659527045393 6.517158399021474 2.786176325088339 0.0 0.0 0.4661 0.0
0.075 8.985385 2252.252657172629 -3.6555907606807927 5.3325302535602646 0.098 -10.926956950329977 6.516156582146579 2.791132747481765 0.0 0.0 0.4661 0.0
0.075 8.999389 2244.2543954072476 -3.6645888051668467 5.335529601722283 0.09715679942590592 -10.934339684248295 6.516 2.795778722640833 0.0 0.0 0.46601567994259063 0.0
0.075 9.012955 2236.256203244204 -3.6735867713502706 5.338528923783424 0.097 -10.938703303459002 6.515157025405525 2.8001247907562403 0.0 0.0 0.466 0.0
0.075 9.026112 2229.0974100389644 -3.681745817098326 5.340686454274582 0.097 -10.942504263121704 6.515 2.804257231262892 0.0 0.0 0.466 0.0
0.075 9.038882 2222.0975533002916 -3.6897456533710953 5.343529620014161 0.09615679332861307 -10.94630418535127 6.514156793328613 2.8081885060184093 0.0 0.0 0.4659156793328613 0.0
0.075 9.051288 2215.0974167948825 -3.697745809377277 5.345686452344319 0.096 -10.950188582071421 6.514 2.8118356142197745 0.0 0.0 0.4659 0.0
0.075 9.063348 2208.941372418388 -3.704901732178547 5.348529313790806 0.096 -10.95408810792805 6.513156895403065 2.8153508660892737 0.0 0.0 0.4659 0.0
0.075 9.07508 2202.943260590501 -3.711899529311083 5.350685579803167 0.096 -10.957986880616176 6.513 2.8185969276850664 0.0 0.0 0.4659 0.0
0.075 9.086506 2195.2560879120874 -3.7197439120879126 5.352685978021978 0.09515701098901093 -10.9586 6.512157010989011 2.8217132659340662 0.0 0.0 0.4658157010989011 0.0
0.075 9.097639 2187.2561327561334 -3.72858685064935 5.354685966810967 0.095 -10.961971933621934 6.511157016594517 2.824644651875902 0.0 0.0 0.4658 0.0
0.075 9.108494 2179.2563817980017 -3.736743618201998 5.35584295227525 0.095 -10.965971809101 6.511 2.8272916759156494 0.0 0.0 0.4658 0.0
0.075 9.119084 2171.2572511848334 -3.7447427488151668 5.357685687203792 0.095 -10.9666 6.511 2.8298071090047396 0.0 0.0 0.4658 0.0
0.075 9.129419 2164.102437129818 -3.751897562870182 5.358842508981454 0.095 -10.969970035925817 6.510157491018545 2.8321377706573454 0.0 0.0 0.4658 0.0
0.075 9.139517 2157.1004275628916 -3.7588995724371084 5.360685592124888 0.095 -10.9706 6.51 2.834354151337377 0.0 0.0 0.4657157203937556 0.0
0.075 9.149385 2150.943354012 -3.765056645988 5.3618427743313335 0.09415722566866666 -10.9706 6.509157225668667 2.8364698260958003 0.0 0.0 0.4657 0.0
0.075 9.159035 2144.9434276206325 -3.7710565723793676 5.363685524126455 0.094 -10.974055324459234 6.509 2.838401247920133 0.0 0.0 0.4657 0.0
0.075 9.168474 2138.9434403572186 -3.7770565596427814 5.364842759940464 0.094 -10.9747 6.509 2.840216967892834 0.0 0.0 0.4657 0.0
0.075 9.17771 2133.787901824501 -3.7830545178105988 5.3658424196351 0.094 -10.9747 6.5081575803649 2.8419321133796696 0.0 0.0 0.4657 0.0
0.075 9.186756 2127.9439698213687 -3.7882133584821926 5.366842671696438 0.094 -10.9747 6.508 2.8435482747143017 0.0 0.0 0.4657 0.0
0.075 9.195617 2123.629457715385 -3.793213177855769 5.367842635571154 0.094 -10.97815480584173 6.508 2.8449796897996156 0.0 0.0 0.4657 0.0
0.075 9.204302 2118.7866466443343 -3.7982133533556657 5.368842670671133 0.094 -10.9788 6.507157329328867 2.8464640060066997 0.0 0.0 0.4657 0.0
0.075 9.212816 2113.7869934024507 -3.8023704052780394 5.36984260131951 0.094 -10.9788 6.507 2.8477953817153625 0.0 0.0 0.4657 0.0
0.075 9.221166 2109.6299099099097 -3.8063700900900903 5.37 0.094 -10.9788 6.507 2.8490110270270272 0.0 0.0 0.4657 0.0
0.075 9.229357 2105.6311666054594 -3.8103688333945405 5.370842208348636 0.0931577916513649 -10.9788 6.507 2.8502106500183624 0.0 0.0 0.4657 0.0
0.075 9.237398 2102.4727386150967 -3.814369681846538 5.371842420461634 0.093 -10.9788 6.506157579538366 2.851326662507798 0.0 0.0 0.4656157579538366 0.0
0.075 9.245293 2099.4725609756097 -3.8175274390243907 5.372842479674797 0.093 -10.9788 6.506 2.8524267276422766 0.0 0.0 0.4656 0.0
0.075 9.253047 2097.3150543197103 -3.820527418520435 5.373 0.093 -10.9788 6.506 2.853442472840145 0.0 0.0 0.4656 0.0
0.075 9.260665 2094.472686586811 -3.8226848756087928 5.373842437804396 0.093 -10.9788 6.506 2.8543581940239564 0.0 0.0 0.4656 0.0
0.075 9.26815 2092.315563889633 -3.8246844361103673 5.374842218055184 0.093 -10.9788 6.505157781944816 2.8553422180551835 0.0 0.0 0.4656 0.0
0.075 9.275509 2091.157672390297 -3.827526982829108 5.375 0.093 -10.9788 6.505 2.8562580948487324 0.0 0.0 0.4656 0.0
0.075 9.282747 2089.315045719036 -3.8296849542809643 5.375842477140482 0.093 -10.9788 6.505 2.857073981712386 0.0 0.0 0.4656 0.0
0.075 9.289865 2087.315448528376 -3.831684551471624 5.376 0.093 -10.9788 6.505 2.8578738205886496 0.0 0.0 0.4656 0.0
0.075 9.296869 2085.3152469577667 -3.8336847530422333 5.376842376521116 0.093 -10.9788 6.505 2.858673901216893 0.0 0.0 0.4656 0.0
0.075 9.30376 2083.315881326352 -3.8356841186736474 5.377 0.093 -10.9788 6.505 2.859473647469459 0.0 0.0 0.4656 0.0
0.075 9.310545 2082.157700266036 -3.8376845994679276 5.377842299733964 0.093 -10.9788 6.504157700266036 2.8601896098137747 0.0 0.0 0.4656 0.0
0.075 9.317225 2080.3154261704676 -3.8388422869147663 5.378 0.093 -10.9788 6.504 2.860973829531813 0.0 0.0 0.4656 0.0
0.075 9.323805 2079.1576782449724 -3.840684643510055 5.378842321755027 0.093 -10.9788 6.504 2.8616053930530163 0.0 0.0 0.4656 0.0
0.075 9.330286 2077.3154964429323 -3.8426845035570674 5.379 0.093 -10.9788 6.504 2.8622895762449736 0.0 0.0 0.4656 0.0
0.075 9.33667 2076.15805995919 -3.84384194004081 5.379 0.093 -10.9788 6.504 2.862905164024486 0.0 0.0 0.4656 0.0
0.075 9.342963 2074.315755934364 -3.8456842440656365 5.379842122032818 0.093 -10.9788 6.504 2.863505273219691 0.0 0.0 0.4656 0.0
0.075 9.349167 2073.157699143642 -3.846842300856358 5.38 0.093 -10.9788 6.5031576991436415 2.8641053805138146 0.0 0.0 0.4656 0.0
0.075 9.355283 2072.157791250205 -3.8486844174995904 5.380842208749796 0.09215779125020486 -10.9788 6.503 2.864705325249877 0.0 0.0 0.4656 0.0
0.075 9.361314 2071.157859754071 -3.849842140245929 5.381 0.092 -10.975347224991692 6.503 2.8652210701229643 0.0 0.0 0.4656 0.0
0.075 9.367263 2070.157708508846 -3.850842291491154 5.381 0.092 -10.9747 6.503 2.865805374894692 0.0 0.0 0.4656 0.0
0.075 9.373129 2068.316256830601 -3.852683743169399 5.381841871584699 0.092 -10.9747 6.503 2.86632093579235 0.0 0.0 0.4655158128415301 0.0
0.075 9.378919 2067.157894736842 -3.853842105263158 5.382 0.092 -10.9747 6.503 2.866821052631579 0.0 0.0 0.4655 0.0
0.075 9.384633 2066.157839354613 -3.8548421606453873 5.382 0.092 -10.9747 6.503 2.867236864258155 0.0 0.0 0.4655 0.0
0.075 9.390273 2065.1577825159916 -3.8558422174840086 5.382842217484009 0.092 -10.9747 6.503 2.8677211087420043 0.0 0.0 0.4655 0.0
0.075 9.39584 2064.152508603514 -3.857271237094729 5.383 0.092 -10.972962642637203 6.503 2.8681389965585944 0.0 0.0 0.4655 0.0
0.075 9.401335 2063.157217895309 -3.8587641731570366 5.383 0.092 -10.970922296685382 6.503 2.868537112841876 0.0 0.0 0.4655 0.0
0.075 9.406763 2062.15288872376 -3.85984711127624 5.38342355563812 0.092 -10.9706 6.50257644436188 2.8689388445104957 0.0 0.0 0.4655 0.0
0.075 9.412124 2061.156975664128 -3.8608430243358725 5.3839215121679365 0.092 -10.9706 6.502078487832064 2.869337209734349 0.0 0.0 0.4655 0.0
0.075 9.41742 2060.5764179672633 -3.861847164065474 5.384 0.092 -10.9706 6.502 2.8697388656261897 0.0 0.0 0.4655 0.0
0.075 9.422652 2060.078511610202 -3.8628429767795964 5.384 0.092 -10.9706 6.502 2.8701371907118385 0.0 0.0 0.4655 0.0
0.075 9.42782 2059.1532462468317 -3.863423376876584 5.384423376876584 0.092 -10.9706 6.502 2.8704963638136087 0.0 0.0 0.4655 0.0
0.075 9.432929 2058.1571456424253 -3.863921427178787 5.384921427178787 0.092 -10.9706 6.502 2.870844999025151 0.0 0.0 0.4655 0.0
0.075 9.437979 2057.5765316304132 -3.864846936739174 5.385 0.092 -10.968906126521652 6.502 2.871154081021752 0.0 0.0 0.4655 0.0
0.075 9.44297 2057.0785272400717 -3.8658429455198564 5.385 0.092 -10.966914108960287 6.502 2.871452883655957 0.0 0.0 0.4655 0.0
0.075 9.447905 2056.1532101663774 -3.8668467898336227 5.385 0.092 -10.9666 6.502 2.871754036950087 0.0 0.0 0.4655 0.0
0.075 9.452783 2055.1573951209552 -3.8678426048790446 5.385 0.092 -10.9666 6.502 2.8720527814637133 0.0 0.0 0.4655 0.0
0.075 9.46238 2054.07860945819 -3.8689213905418103 5.38592139054181 0.092 -10.96291443783276 6.502 2.8726528343250863 0.0 0.0 0.4655 0.0
0.075 9.47177 2053.078523418329 -3.8699214765816707 5.386 0.092 -10.9626 6.50107852341833 2.8731607382908355 0.0 0.0 0.4655 0.0
0.075 9.480959 2052.078591672117 -3.871842816655766 5.386 0.092 -10.9626 6.501 2.8736607041639415 0.0 0.0 0.4655 0.0
0.075 9.48996 2051.078566659248 -3.8729214333407525 5.386921433340752 0.092 -10.958914266636992 6.501 2.874160716670376 0.0 0.0 0.4655 0.0
0.075 9.503119 2049.4332970958226 -3.874283351452089 5.387 0.092 -10.957494929336855 6.501 2.8747700108712535 0.0 0.0 0.4655 0.0
0.075 9.511676 2048.104364031682 -3.874947817984159 5.387 0.092 -10.954903509861781 6.501 2.8751686907904954 0.0 0.0 0.4655 0.0
0.075 9.520068 2048.0 -3.875921350996539 5.387921350996539 0.092 -10.9547 6.501 2.875476405298962 0.0 0.0 0.4655 0.0
0.075 9.532358 2046.1044654498044 -3.8778955345501958 5.388 0.092 -10.951003707627118 6.501 2.8759738836375486 0.0 0.0 0.4655 0.0
0.075 9.540363 2046.0 -3.878 5.388 0.092 -10.9508 6.501 2.8762763918428624 0.0 0.0 0.4655 0.0
0.075 9.5521 2045.0522184300341 -3.8798955631399314 5.388 0.092 -10.947103651877132 6.500052218430034 2.8767738907849827 0.0 0.0 0.4655 0.0
0.075 9.559752 2044.078775189741 -3.88 5.388921224810259 0.092 -10.943399345721016 6.5 2.8769842449620517 0.0 0.0 0.4655 0.0
0.075 9.570983 2043.0522514489523 -3.8809477485510473 5.389 0.092 -10.9431 6.5 2.8773790994204194 0.0 0.0 0.4655 0.0
0.075 9.581931 2043.0 -3.8819476861167 5.389 0.092 -10.939498792756538 6.5 2.87768430583501 0.0 0.0 0.4655 0.0
0.075 9.589079 2042.0787335388065 -3.8829212664611936 5.389 0.092 -10.9393 6.5 2.8778842532922386 0.0 0.0 0.4655 0.0
0.075 9.599586 2042.0 -3.883 5.389 0.092 -10.935698799313894 6.5 2.8781843053173244 0.0 0.0 0.4655 0.0
0.075 9.609844 2041.0523182040017 -3.883947681795998 5.389947681795998 0.092 -10.931993577354808 6.5 2.8783895363591996 0.0 0.0 0.4655 0.0
0.075 9.619865 2040.0524475524476 -3.884 5.39 0.092 -10.928294055944056 6.5 2.8785895104895105 0.0 0.0 0.4655 0.0
0.075 9.629661 2040.0 -3.8849475674570724 5.39 0.0910524325429272 -10.9281 6.5 2.8787895134914145 0.0 0.0 0.4655 0.0
0.075 9.63924 2040.0 -3.885 5.39 0.091 -10.924688523047978 6.5 2.8789895264973344 0.0 0.0 0.4655 0.0
0.075 9.651694 2039.0 -3.886 5.39 0.091 -10.920034294161123 6.5 2.879242539213271 0.0 0.0 0.4655 0.0
0.075 9.660804 2039.0 -3.886 5.39 0.091 -10.917341019955654 6.5 2.879392165558019 0.0 0.0 0.4655 0.0
0.075 9.669727 2038.0525016827462 -3.886947498317254 5.39 0.091 -10.913789006057886 6.5 2.8794947498317254 0.0 0.0 0.4655 0.0
0.075 9.681347 2038.0 -3.887 5.39 0.091 -10.910237201688636 6.5 2.879692159903507 0.0 0.0 0.4655 0.0
0.075 9.689862 2038.0 -3.887 5.39 0.091 -10.906783517517047 6.5 2.87979475664237 0.0 0.0 0.4655 0.0
0.075 9.700961 2038.0 -3.887960768398268 5.390960768398268 0.091 -10.90323731060606 6.5 2.879896076839827 0.0 0.0 0.46540392316017315 0.0
0.075 9.709105 2037.0523663183776 -3.888 5.391 0.091 -10.9031 6.5 2.879994763368162 0.0 0.0 0.4654 0.0
0.075 9.719729 2037.0 -3.888 5.391 0.091 -10.899737177312982 6.5 2.8800960806482006 0.0 0.0 0.4654 0.0
0.075 9.7301 2037.0 -3.888 5.391 0.091 -10.896333230383167 6.5 2.8801960814593186 0.0 0.0 0.4654 0.0
0.075 9.740228 2037.0 -3.8889606719367587 5.391 0.091 -10.88966743083004 6.5 2.8802 0.0 0.0 0.4654 0.0
0.075 9.750127 2037.0 -3.889 5.391 0.091 -10.886229477196887 6.5 2.8802960764485794 0.0 0.0 0.4654 0.0
0.075 9.759805 2037.0 -3.889 5.391 0.091 -10.882833271279347 6.5 2.8803960802564896 0.0 0.0 0.4654 0.0
0.075 9.769271 2037.0 -3.889 5.391 0.091 -10.879529445971665 6.5 2.8804 0.0 0.0 0.4654 0.0
0.075 9.780821 2036.0313664327182 -3.889 5.391 0.091 -10.876203509227969 6.5 2.8804 0.0 0.0 0.4654 0.0
0.075 9.789845 2036.0 -3.889 5.391 0.091 -10.873025984251969 6.5 2.880496062992126 0.0 0.0 0.4654 0.0
0.075 9.800868 2036.0 -3.889 5.391 0.091 -10.86861208893006 6.5 2.8805 0.0 0.0 0.4654 0.0
0.075 9.809489 2036.0 -3.889 5.391 0.091 -10.863500981936083 6.5 2.8805 0.0 0.0 0.4654 0.0
0.075 9.82003 2036.0 -3.889 5.391 0.091 -10.860200265856438 6.5 2.8805 0.0 0.0 0.4654 0.0
0.075 9.830321 2036.0 -3.889 5.391 0.091 -10.857097364838584 6.5 2.880596859198755 0.0 0.0 0.4654 0.0
0.075 9.840374 2036.0 -3.889 5.391 0.091 -10.850994425087107 6.5 2.8806 0.0 0.0 0.4654 0.0
0.075 9.850199 2036.0 -3.889 5.391 0.091 -10.847797555759241 6.5 2.8806 0.0 0.0 0.4654 0.0
0.075 9.859808 2036.0 -3.889 5.391 0.091 -10.844794052702843 6.5 2.8806 0.0 0.0 0.4654 0.0
0.075 9.869208 2036.0 -3.889 5.391 0.091 -10.838791558441558 6.5 2.8806 0.0 0.0 0.4654 0.0
0.075 9.880226 2036.0 -3.889 5.391 0.091 -10.835678201634877 6.5 2.8806 0.0 0.0 0.4654 0.0
0.075 9.889199 2036.0 -3.889 5.391 0.091 -10.829884889037583 6.5 2.8806 0.0 0.0 0.4654 0.0
0.075 9.899727 2036.0 -3.889 5.391 0.091 -10.826875793575367 6.5 2.8806 0.0 0.0 0.4654 0.0
0.075 9.910006 2036.0 -3.889 5.391 0.091 -10.821151873844057 6.5 2.8806 0.0 0.0 0.4654 0.0
0.075 9.920047 2036.0 -3.889 5.391 0.091 -10.815449387144993 6.5 2.8806 0.0 0.0 0.4654 0.0
0.075 9.929862 2036.0 -3.889 5.391 0.091 -10.81257308319739 6.5 2.8806 0.0 0.0 0.4654 0.0
0.075 9.939459 2036.0 -3.889 5.391 0.091 -10.80704653878232 6.5 2.8806 0.0 0.0 0.4654 0.0
0.075 9.950395 2037.0 -3.889 5.391 0.091 -10.800643863912514 6.5 2.8806 0.0 0.0 0.4654 0.0
0.075 9.959554 2037.0 -3.889 5.391 0.091 -10.79602113281615 6.5 2.8806 0.0 0.0 0.4654 0.0
0.075 9.970001 2037.0 -3.889 5.391 0.091 -10.790621022890528 6.5 2.8806 0.0 0.0 0.4654 0.0
0.075 9.980203 2037.0 -3.889 5.391 0.091 -10.787156258129066 6.5 2.8806 0.0 0.0 0.4654 0.0
0.075 9.99017 2037.0 -3.889 5.391 0.091 -10.7819466893953 6.5 2.8806 0.0 0.0 0.4654 0.0
0.075 9.999914 2037.0 -3.889 5.391 0.091 -10.777400771577248 6.5 2.8806 0.0 0.0 0.4654 0.0
