M_Ms log_t_yr Teff L_Ls g R_Rs Log_Li_Li0 logTc logROc Mrad Rrad k2conv k2rad
0.09 5.703957 2863.8031044699214 -1.1344749452531235 3.3074093134097637 1.1017875821203145 0.0 5.840737472626562 -0.22704665077933814 0.0 0.0 0.4402803104469922 0.0
0.09 5.738317 2869.1754664065356 -1.1517018656261433 3.327877332032679 1.0761226679673208 0.0 5.848526399219607 -0.19947701499817058 0.0 0.0 0.4410350932813072 0.0
0.09 5.769327 2873.874504315372 -1.165498017261488 3.34537252157686 1.054752974107768 0.0 5.8557490086307435 -0.17589062281315626 0.0 0.0 0.4417749008630744 0.0
0.09 5.797516 2879.081536315846 -1.177163072631692 3.360163072631692 1.0377553910524624 0.0 5.862081536315846 -0.15574316060508542 0.0 0.0 0.4423081536315846 0.0
0.09 5.823296 2883.4714227807053 -1.1869428455614104 3.372678556951763 1.0225857316578841 0.0 5.867471422780706 -0.13876501824077853 0.0 0.0 0.44277357113903526 0.0
0.09 5.846997 2888.0541568556423 -1.1950812352834632 3.383108313711284 1.0108375294330736 0.0 5.872027078427821 -0.12443211374750948 0.0 0.0 0.4432054156855642 0.0
0.09 5.868886 2890.96360335437 -1.2018544134174807 3.391818016771851 1.000181983228149 0.0 5.87492720670874 -0.11252201953834194 0.0 0.0 0.44349636033543705 0.0
0.09 5.889182 2894.4761065067887 -1.2072141597601833 3.398952213013578 0.9920477869864223 0.0 5.878476106506788 -0.10241451243167003 0.0 0.0 0.44377380532533944 0.0
0.09 5.908067 2897.4306224443435 -1.2112918673330304 3.404722489777374 0.9852775102226261 0.0 5.880861244888687 -0.09397607451158571 0.0 0.0 0.44404306224443435 0.0
0.09 5.925695 2900.049427874695 -1.2150988557493905 3.4101482836240855 0.9788517163759145 0.0 5.883049427874695 -0.0868022885012193 0.0 0.0 0.4442049427874695 0.0
0.09 5.942195 2901.6067683508104 -1.2182135367016207 3.4142135367016206 0.9741796949475692 0.0 5.88460676835081 -0.080815633937083 0.0 0.0 0.444360676835081 0.0
0.09 5.95768 2903.1023645320197 -1.2212047290640393 3.4182047290640396 0.9697952709359606 0.0 5.88610236453202 -0.07567243349753706 0.0 0.0 0.444510236453202 0.0
0.09 5.972245 2904.54632875889 -1.2235463287588901 3.4210926575177805 0.9663610137233296 0.0 5.88754632875889 -0.0712156465992186 0.0 0.0 0.4446 0.0
0.09 5.985973 2905.9372389200203 -1.2249372389200204 3.4238744778400405 0.9631255221599592 0.0 5.888937238920021 -0.06736945491594495 0.0 0.0 0.444693723892002 0.0
0.09 5.998937 2907.238457456218 -1.227238457456218 3.426476914912436 0.9605230850875641 0.0 5.890238457456218 -0.06403231912258989 0.0 0.0 0.4448 0.0
0.09 6.011202 2908.277166906802 -1.2285543338136042 3.4285543338136044 0.9584456661863956 0.0 5.891 -0.06106849927959351 0.0 0.0 0.4448277166906802 0.0
0.09 6.022824 2909.1364229765013 -1.2302728459530026 3.430409268929504 0.9565907310704961 0.0 5.891136422976501 -0.058463446475195836 0.0 0.0 0.4449136422976501 0.0
0.09 6.033854 2909.856396866841 -1.2317127937336814 3.432569190600522 0.9544308093994778 0.0 5.891856396866841 -0.056159530026109704 0.0 0.0 0.4449856396866841 0.0
0.09 6.044336 2910.468094726728 -1.2324680947267281 3.433936189453456 0.9525957158198157 0.0 5.892468094726728 -0.054061668456451675 0.0 0.0 0.44504680947267283 0.0
0.09 6.05431 2911.029650305456 -1.2330593006109123 3.4350889509163682 0.9509406993890879 0.0 5.893029650305456 -0.052096223930903796 0.0 0.0 0.4451029650305456 0.0
0.09 6.063814 2911.5301769538655 -1.2340603539077313 3.4365905308615967 0.9499396460922688 0.0 5.893530176953866 -0.050344380661470456 0.0 0.0 0.44515301769538657 0.0
0.09 6.072875 2912.0079977149385 -1.2350159954298774 3.4380159954298772 0.9489760068551841 0.0 5.894007997714938 -0.04867440731219651 0.0 0.0 0.44520079977149385 0.0
0.09 6.081531 2912.5024850042846 -1.2360049700085691 3.439004970008569 0.9474925449871464 0.0 5.894502485004284 -0.047092047986289576 0.0 0.0 0.44525024850042844 0.0
0.09 6.089803 2912.9750357040843 -1.2369500714081691 3.439950071408169 0.9460748928877463 0.0 5.894975035704084 -0.04557988574692941 0.0 0.0 0.4452975035704084 0.0
0.09 6.097715 2913.460084938758 -1.237460084938758 3.440920169877516 0.9450798301224841 0.0 5.895460084938757 -0.04411974518372623 0.0 0.0 0.4453 0.0
0.09 6.105296 2913.9266941589217 -1.2379266941589215 3.4418533883178433 0.9441466116821567 0.0 5.895926694158922 -0.042719917523235125 0.0 0.0 0.4453 0.0
0.09 6.112558 2914.4007789807233 -1.238801557961447 3.442801557961447 0.943198442038553 0.0 5.896400778980723 -0.041377818853974214 0.0 0.0 0.44534007789807234 0.0
0.09 6.119523 2914.8605756535517 -1.2397211513071031 3.4437211513071033 0.9422788486928968 0.0 5.896860575653552 -0.040090388170055516 0.0 0.0 0.44538605756535515 0.0
0.09 6.126209 2915.322385114181 -1.240322385114181 3.444644770228362 0.941032844657457 0.0 5.897322385114181 -0.038829560191711326 0.0 0.0 0.4454322385114181 0.0
0.09 6.132634 2915.775232590922 -1.240775232590922 3.445550465181844 0.9396743022272342 0.0 5.897775232590922 -0.037606872004510836 0.0 0.0 0.4454775232590922 0.0
0.09 6.138808 2916.2240150093808 -1.2414480300187618 3.446448030018762 0.9385519699812382 0.0 5.89822401500938 -0.03639515947467171 0.0 0.0 0.4455 0.0
0.09 6.144749 2916.6698686679174 -1.242339737335835 3.447339737335835 0.9376602626641651 0.0 5.898669868667917 -0.03519135459662294 0.0 0.0 0.4455 0.0
0.09 6.150465 2917.104898446834 -1.243104898446834 3.448209796893668 0.9367902031063323 0.0 5.899104898446834 -0.03402726403823191 0.0 0.0 0.4455104898446834 0.0
0.09 6.15597 2917.543369175627 -1.2435433691756272 3.4490867383512547 0.9359132616487457 0.0 5.899543369175627 -0.03288724014336923 0.0 0.0 0.44555433691756274 0.0
0.09 6.161278 2917.9661489446435 -1.2439661489446436 3.4499322978892875 0.9350677021107129 0.0 5.899966148944644 -0.0317880127439267 0.0 0.0 0.44559661489446434 0.0
0.09 6.166395 2918.3957489878544 -1.2443957489878543 3.4507914979757084 0.9342085020242916 0.0 5.9 -0.03067105263157905 0.0 0.0 0.4456395748987854 0.0
0.09 6.171331 2918.8120782726046 -1.2448120782726046 3.451624156545209 0.9333758434547909 0.0 5.9 -0.029588596491228004 0.0 0.0 0.44568120782726045 0.0
0.09 6.176097 2919.2263040570665 -1.2452263040570666 3.452452608114133 0.9325473918858671 0.0 5.900226304057067 -0.028534239857333842 0.0 0.0 0.4457 0.0
0.09 6.180699 2919.6366473473026 -1.2456366473473028 3.4532732946946054 0.9317267053053947 0.0 5.900636647347302 -0.027508381631743264 0.0 0.0 0.4457 0.0
0.09 6.185145 2920.0348913759053 -1.2460697827518104 3.4540348913759056 0.9309302172481896 0.0 5.901034891375905 -0.02651277156023692 0.0 0.0 0.4457034891375905 0.0
0.09 6.189445 2920.439292767798 -1.2468785855355966 3.4544392927677987 0.9301214144644033 0.0 5.901439292767798 -0.025501768080504104 0.0 0.0 0.4457439292767798 0.0
0.09 6.193603 2920.8303395090757 -1.247660679018151 3.454830339509076 0.929339320981849 0.0 5.901830339509075 -0.024524151227311167 0.0 0.0 0.4457830339509075 0.0
0.09 6.197628 2921.220075307174 -1.248220075307174 3.455440150614348 0.9287799246928261 0.0 5.902220075307174 -0.02354981173206507 0.0 0.0 0.4458220075307174 0.0
0.09 6.20152 2921.6057273087595 -1.2486057273087596 3.456211454617519 0.9283942726912406 0.0 5.902605727308759 -0.022585681728101357 0.0 0.0 0.4458605727308759 0.0
0.09 6.205294 2921.9796868806975 -1.2489796868806977 3.456959373761395 0.9280203131193024 0.0 5.902979686880697 -0.021650782798255885 0.0 0.0 0.4458979686880698 0.0
0.09 6.208946 2922.3592121717384 -1.2493592121717383 3.4577184243434766 0.9272815756565235 0.0 5.903 -0.02073789078782817 0.0 0.0 0.4459 0.0
0.09 6.212489 2922.72842851188 -1.24972842851188 3.45845685702376 0.9265431429762402 0.0 5.903 -0.019851771571488135 0.0 0.0 0.4459 0.0
0.09 6.215923 2923.0906106369007 -1.250090610636901 3.459181221273802 0.9258187787261983 0.0 5.903090610636901 -0.01897347340774779 0.0 0.0 0.4459090610636901 0.0
0.09 6.219254 2923.4551324140953 -1.250455132414095 3.45991026482819 0.9250897351718099 0.0 5.903455132414095 -0.018062168964762412 0.0 0.0 0.4459455132414095 0.0
0.09 6.222488 2923.809039177063 -1.2508090391770628 3.4606180783541256 0.9243819216458743 0.0 5.903809039177062 -0.017177402057342864 0.0 0.0 0.4459809039177063 0.0
0.09 6.225625 2924.159871367865 -1.2513197427357299 3.461159871367865 0.9236802572642702 0.0 5.904159871367865 -0.016316308717124146 0.0 0.0 0.446 0.0
0.09 6.228672 2924.5098196853105 -1.2520196393706213 3.4615098196853107 0.9229803606293786 0.0 5.904509819685311 -0.015476432755254283 0.0 0.0 0.446 0.0
0.09 6.23163 2924.8495463420236 -1.252699092684047 3.4618495463420236 0.9223009073159527 0.0 5.904849546342024 -0.014661088779143249 0.0 0.0 0.446 0.0
0.09 6.234507 2925.0 -1.253188567990373 3.4623771359807463 0.921622864019254 0.0 5.905188567990373 -0.013847436823104783 0.0 0.0 0.4460188567990373 0.0
0.09 6.237302 2925.0 -1.2535249097472922 3.463049819494585 0.9209501805054153 0.0 5.905524909747292 -0.013040216606498303 0.0 0.0 0.44605249097472927 0.0
0.09 6.24002 2925.0 -1.253851985559567 3.4637039711191338 0.9202960288808664 0.0 5.905851985559567 -0.01225523465703961 0.0 0.0 0.4460851985559567 0.0
0.09 6.250178 2926.13071550929 -1.2551307155092897 3.4662614310185798 0.9177385689814205 0.0 5.906130715509289 -0.00918628277770455 0.0 0.0 0.4462 0.0
0.09 6.259319 2927.3502684840973 -1.2563502684840975 3.468350268484097 0.9156497315159027 0.0 5.907350268484097 -0.006259355638166236 0.0 0.0 0.4462350268484097 0.0
0.09 6.269532 2928.7899352983463 -1.2585798705966929 3.4705798705966933 0.913420129403307 0.0 5.908789935298347 -0.0028831488138030253 0.0 0.0 0.4463 0.0
0.09 6.280296 2930.412132582864 -1.2604121325828643 3.4734121325828644 0.9101757348342715 0.0 5.909412132582864 0.000947904940587873 0.0 0.0 0.44644121325828645 0.0
0.09 6.289723 2931.922813873962 -1.261922813873962 3.475845627747924 0.908077186126038 0.0 5.910922813873961 0.0045147532975087015 0.0 0.0 0.4465 0.0
0.09 6.299337 2933.5719830628086 -1.2635719830628087 3.478571983062809 0.9048560338743825 0.0 5.912 0.008315561044460202 0.0 0.0 0.4466 0.0
0.09 6.309952 2935.0 -1.265521059653135 3.48204211930627 0.9014789403468649 0.0 5.913521059653135 0.012798437202210737 0.0 0.0 0.4467 0.0
0.09 6.319012 2936.306713200575 -1.2683067132005748 3.48461342640115 0.8983865735988504 0.0 5.914306713200575 0.016905440361322084 0.0 0.0 0.4468 0.0
0.09 6.329247 2938.47812638091 -1.2704781263809102 3.48847812638091 0.8945218736190899 0.0 5.916 0.02179969067609342 0.0 0.0 0.446947812638091 0.0
0.09 6.339183 2940.759895709884 -1.272759895709884 3.492519791419768 0.891240104290116 0.0 5.917759895709884 0.026947760132733152 0.0 0.0 0.4470759895709884 0.0
0.09 6.349149 2943.2732966567924 -1.2752732966567921 3.496031062209056 0.8872111722386797 0.0 5.919515531104528 0.03250125264494271 0.0 0.0 0.4471757765552264 0.0
0.09 6.359221 2944.995581331124 -1.277991162662248 3.499986743993372 0.8820176746755041 0.0 5.920995581331124 0.038480557856945576 0.0 0.0 0.4472995581331124 0.0
0.09 6.368995 2945.97254667066 -1.2828627333532991 3.504862733353299 0.8781098133173606 0.0 5.92294509334132 0.04472429869222307 0.0 0.0 0.447494509334132 0.0
0.09 6.380304 2946.0 -1.2876051752921536 3.5105262103505845 0.8724737896494157 0.0 5.925763105175292 0.05263669449081808 0.0 0.0 0.44768420701168615 0.0
0.09 6.391022 2947.171887796888 -1.293031326781327 3.516031326781327 0.8661405610155609 0.0 5.928343775593776 0.060757913595413736 0.0 0.0 0.44783437755937755 0.0
0.09 6.399075 2947.9963144963144 -1.2979778869778866 3.5209778869778865 0.8620184275184278 0.0 5.929992628992629 0.06727088452088405 0.0 0.0 0.4479992628992629 0.0
0.09 6.411288 2948.1451612903224 -1.3048709677419355 3.529016129032258 0.8539838709677421 0.0 5.9334354838709675 0.07824999999999976 0.0 0.0 0.44824354838709674 0.0
0.09 6.419516 2949.011963406052 -1.3100957072484165 3.5350837438423643 0.8479162561576357 0.0 5.9360358902181565 0.08632800844475695 0.0 0.0 0.4485023926812104 0.0
0.09 6.431994 2950.2652918210033 -1.3201223345680249 3.5443876263890277 0.8388776654319751 0.0 5.9400611672840125 0.10005697266993697 0.0 0.0 0.44877958754630093 0.0
0.09 6.440402 2951.1100247015233 -1.3268801976121856 3.5519902223137088 0.8320097776862911 0.0 5.943440098806092 0.11020831617949696 0.0 0.0 0.449033007410457 0.0
0.09 6.453155 2952.403974813066 -1.3380397481306572 3.564443722943723 0.8199602518693427 0.0 5.949019874065328 0.12757882723337263 0.0 0.0 0.4494211924439197 0.0
0.09 6.461752 2953.2535450369483 -1.3467889954064307 3.5737889954064306 0.8112110045935694 0.0 5.953267725184741 0.14053278410225623 0.0 0.0 0.4497014180147793 0.0
0.09 6.470425 2954.2372512129914 -1.3564235072779478 3.5835421328844435 0.8015764927220522 0.0 5.957711753638974 0.15483526091692168 0.0 0.0 0.4500474502425983 0.0
0.09 6.479174 2955.969898009704 -1.3668193880582236 3.594804337063076 0.7911806119417764 0.0 5.962909694029112 0.1704290820873355 0.0 0.0 0.45039397960194083 0.0
0.09 6.492443 2958.343273231623 -1.383805825242718 3.6131490984743406 0.7745374479889049 0.0 5.970402912621359 0.19654008321775215 0.0 0.0 0.45103730929264907 0.0
0.09 6.501384 2959.4593681700776 -1.3962155771905422 3.62667494536062 0.7630141068944966 0.0 5.976607788595271 0.21516117623683653 0.0 0.0 0.45141484204251936 0.0
0.09 6.510406 2961.2480195599023 -1.4088601466992658 3.6408601466992656 0.7512638630806852 0.0 5.982868068459657 0.23456541809290862 0.0 0.0 0.4518620048899755 0.0
0.09 6.519509 2963.025261700839 -1.4222020936067132 3.6542273553075524 0.7388105372437063 0.0 5.9891010468033565 0.2544107189203218 0.0 0.0 0.4523075785102517 0.0
0.09 6.533317 2965.4999478133805 -1.4412496607869743 3.6754996346936646 0.7212502870264065 0.0 5.9984998434401415 0.2836994781338064 0.0 0.0 0.4529999895626761 0.0
0.09 6.542625 2967.217151043799 -1.453822963569382 3.6890401146131806 0.7103941874744167 0.0 6.004302906262792 0.303064735980352 0.0 0.0 0.4533868604175194 0.0
0.09 6.552014 2968.348916532905 -1.4664424157303366 3.702442415730337 0.6990809590690211 0.0 6.010221207865168 0.32228916532905244 0.0 0.0 0.453769783306581 0.0
0.09 6.561484 2970.1219656019657 -1.479585552825553 3.715707518427519 0.6886583783783781 0.0 6.016731793611794 0.34125150859950903 0.0 0.0 0.45414878624078625 0.0
0.09 6.571034 2971.1186098007124 -1.4917709637046308 3.728830268604987 0.6783476460960817 0.0 6.022355829402137 0.3600920284971598 0.0 0.0 0.4545237219601425 0.0
0.09 6.580662 2972.9724655819778 -1.5038210262828542 3.741807259073843 0.6681514392991235 0.0 6.0279173967459325 0.37872327909887443 0.0 0.0 0.4548944931163955 0.0
0.09 6.590365 2974.802923149458 -1.5157190004714762 3.754620462046205 0.6580839226779817 0.0 6.0343102310231025 0.39711937765205185 0.0 0.0 0.45526058462989155 0.0
0.09 6.600142 2975.807098622793 -1.5274922820963117 3.767299380719105 0.6489290137720679 0.0 6.039842591736759 0.4154033921804228 0.0 0.0 0.455542129586838 0.0
0.09 6.609986 2977.088280060883 -1.5395738203957388 3.7796179604261804 0.6395585996955856 0.0 6.04530898021309 0.4335916286149172 0.0 0.0 0.45591324200913247 0.0
0.09 6.619897 2978.86301369863 -1.5511095890410955 3.7920410958904105 0.6306849315068496 0.0 6.051520547945205 0.45151643835616384 0.0 0.0 0.4561794520547945 0.0
0.09 6.629869 2980.6193826400495 -1.5625259871603205 3.8051453698003694 0.6219030867997535 0.0 6.056858147920147 0.469255764664498 0.0 0.0 0.4564429073960074 0.0
0.09 6.6399 2982.030266757866 -1.5731967339261284 3.8172118673050615 0.6128486662106704 0.0 6.062105933652531 0.4869041809165524 0.0 0.0 0.45670605335157316 0.0
0.09 6.649986 2983.754958960328 -1.5844072332421346 3.829284712722299 0.6042252051983581 0.0 6.068142356361149 0.5042373375513003 0.0 0.0 0.4570509917920657 0.0
0.09 6.66012 2985.133488875927 -1.5958676776935257 3.840934422131489 0.5963325556203649 0.0 6.073400466627781 0.5215415632030665 0.0 0.0 0.45732002333138905 0.0
0.09 6.670305 2986.830847429381 -1.606900508290976 3.8528159320056665 0.5878457628530954 0.0 6.078492542288142 0.5386000166652782 0.0 0.0 0.45757462711440716 0.0
0.09 6.680532 2988.1812708485886 -1.617178260515825 3.864268895940119 0.580184281181352 0.0 6.083634447970059 0.5555217720283138 0.0 0.0 0.45782719062728827 0.0
0.09 6.690803 2989.8525750549184 -1.628041737856968 3.875968025384427 0.5726634122528683 0.0 6.089484012692213 0.5723183793019274 0.0 0.0 0.45807788625823775 0.0
0.09 6.701112 2992.177364193112 -1.63815286725523 3.8881528672552297 0.5652018611309947 0.0 6.094532092579337 0.5888825101407784 0.0 0.0 0.45832660462896685 0.0
0.09 6.71146 2993.8234311620135 -1.6488523025530892 3.8988523025530895 0.5577945597709382 0.0 6.099470293486041 0.6054254831782382 0.0 0.0 0.4585735146743021 0.0
0.09 6.721848 2995.1881141787553 -1.6588465138043982 3.9108465138043984 0.5504356574637346 0.0 6.104470285446888 0.6217603649976596 0.0 0.0 0.4588188114178755 0.0
0.09 6.732271 2997.413425925926 -1.6694805555555554 3.9218939814814813 0.5431395833333336 0.0 6.110240277777778 0.6380342592592588 0.0 0.0 0.4590620138888889 0.0
0.09 6.742732 2999.0412135088723 -1.679185460789926 3.9331854607899257 0.535896966227819 0.0 6.115082427017745 0.6541740698340016 0.0 0.0 0.4593041213508872 0.0
0.09 6.753231 3001.220633299285 -1.6897650663942805 3.943985699693566 0.5296762002042896 0.0 6.11988253319714 0.6701564862104199 0.0 0.0 0.45954412665985706 0.0
0.09 6.76377 3002.826003824092 -1.699304015296367 3.954717017208413 0.5229349904397707 0.0 6.125065009560229 0.68609292543021 0.0 0.0 0.45978260038240915 0.0
0.09 6.76906 3004.0105505609627 -1.7040685786462582 3.9600738539267395 0.5199525224756674 0.0 6.128031651682889 0.6940060331376763 0.0 0.0 0.4599015825841444 0.0
0.09 6.779694 3005.590757114199 -1.7143399212422918 3.9711352997993914 0.5128415929861058 0.0 6.1327722713425965 0.7098871089976972 0.0 0.0 0.4601386135671298 0.0
0.09 6.790398 3007.748213304013 -1.7239928532160527 3.9818669598680594 0.5066294667399671 0.0 6.137496426608026 0.7257130291368883 0.0 0.0 0.4602874106652006 0.0
0.09 6.801174 3010.097861309138 -1.7333914452365518 3.9934403758911206 0.5007064160725863 0.0 6.142195722618276 0.741455670771224 0.0 0.0 0.4605097861309138 0.0
0.09 6.812024 3012.0 -1.7429688703465982 4.003968870346598 0.4939061831407789 0.0 6.146875053487377 0.757153305519897 0.0 0.0 0.4607218763371844 0.0
0.09 6.82295 3012.2549971846847 -1.7533149634009002 4.014569960585585 0.4879600225225229 0.0 6.151784980292793 0.7728509431306296 0.0 0.0 0.4608764991554054 0.0
0.09 6.833946 3013.0 -1.763385473113797 4.025385473113798 0.48178584827011267 0.0 6.15717132138391 0.7884824927052936 0.0 0.0 0.4611042830345978 0.0
0.09 6.839472 3013.0 -1.7685682576073363 4.030568257607336 0.47890652355147983 0.0 6.159474781158816 0.7963142559399748 0.0 0.0 0.4611618695289704 0.0
0.09 6.850583 3013.7686436307376 -1.7789177926766375 4.0409177926766375 0.47315678184631244 0.0 6.16407457452295 0.8118766890149564 0.0 0.0 0.4613537287261475 0.0
0.09 6.861762 3014.9127681307455 -1.7892149131767106 4.052127681307456 0.4674361593462719 0.0 6.168651072522982 0.8274136465781404 0.0 0.0 0.46149127681307456 0.0
0.09 6.873014 3015.0515288220554 -1.7994637593984968 4.062463759398497 0.46174235588972395 0.0 6.173257644110276 0.8430007919799509 0.0 0.0 0.46170515288220554 0.0
0.09 6.884334 3016.0 -1.809662790697674 4.072847545219638 0.45626098191214487 0.0 6.178739018087855 0.858431136950904 0.0 0.0 0.46181847545219634 0.0
0.09 6.89002 3016.0 -1.8147486583184256 4.078498509242696 0.454000596302922 0.0 6.180999403697078 0.8661729576624922 0.0 0.0 0.4618749850924269 0.0
0.09 6.901441 3016.8776737309017 -1.8248990635781173 4.088899063578117 0.4486116313454905 0.0 6.185510694923607 0.881624130113356 0.0 0.0 0.4620755347461804 0.0
0.09 6.912923 3017.0015535488883 -1.8350139819399944 4.0990139819399944 0.44299223225555856 0.0 6.190006214195553 0.8970212836197695 0.0 0.0 0.46220015535488884 0.0
0.09 6.924468 3018.0 -1.8450955917816145 4.1092173242017935 0.43751307031928244 0.0 6.1946086621008964 0.9123677341564576 0.0 0.0 0.4623121732420179 0.0
0.09 6.930261 3018.0 -1.850124722677727 4.114805247419697 0.4352779010321213 0.0 6.1974026237098485 0.9200231889649846 0.0 0.0 0.46236805247419693 0.0
0.09 6.941885 3018.7967791411043 -1.8601710122699389 4.125171012269939 0.4300161042944784 0.0 6.202187116564417 0.9353158742331292 0.0 0.0 0.46247967791411043 0.0
0.09 6.953562 3019.4099544072947 -1.8696895896656536 4.135689589665653 0.4249502279635259 0.0 6.2066398176291795 0.950616375379939 0.0 0.0 0.4626409954407295 0.0
0.09 6.959417 3019.966090425532 -1.8746948138297872 4.140694813829787 0.42216954787234046 0.0 6.208864361702127 0.958235438829787 0.0 0.0 0.46269660904255316 0.0
0.09 6.971157 3020.0 -1.884745749976519 4.150671174978868 0.41762712501174043 0.0 6.2132982999906075 0.9734216774678313 0.0 0.0 0.4628074574997652 0.0
0.09 6.982933 3020.179719626168 -1.8956174766355136 4.160797196261682 0.4122811214953272 0.0 6.217718878504672 0.9885801308411211 0.0 0.0 0.46293594392523363 0.0
0.09 6.994744 3021.0 -1.9055391482239163 4.171539148223916 0.40787148967825937 0.0 6.2224106379021755 1.0037651478519616 0.0 0.0 0.4631282127580435 0.0
0.09 7.000664 3021.0 -1.910493583782779 4.176493583782779 0.4056695183187649 0.0 6.2251631021015434 1.0113068997582302 0.0 0.0 0.46318326204203086 0.0
0.09 7.012521 3021.0 -1.9203847151459008 4.186384715145901 0.40034182491894404 0.0 6.229726540064846 1.0263633997220936 0.0 0.0 0.4632931635016211 0.0
0.09 7.024408 3022.0 -1.9302144693352918 4.196268086669114 0.39589276533235407 0.0 6.234107234667646 1.0413645978699961 0.0 0.0 0.4634 0.0
0.09 7.030365 3022.0 -1.9346607844930048 4.201660784493004 0.3937063180031089 0.0 6.236293681996891 1.048805860839352 0.0 0.0 0.46340734204992223 0.0
0.09 7.0423 3022.0 -1.9446395084205739 4.211475557578517 0.3893441966317705 0.0 6.24065580336823 1.063746126536186 0.0 0.0 0.4635163950842058 0.0
0.09 7.054257 3022.0 -1.9552601883716714 4.221260188371671 0.3849954718348127 0.0 6.245004528165187 1.0786405089657665 0.0 0.0 0.4636251132041297 0.0
0.09 7.060244 3022.0 -1.9601400108675964 4.226140010867597 0.38282666183662384 0.0 6.2471733381633765 1.0860686832095632 0.0 0.0 0.4636793334540844 0.0
0.09 7.072239 3022.0 -1.969877534468775 4.236752816076417 0.3784988735694334 0.0 6.2523764080382085 1.1008913580246906 0.0 0.0 0.46378752816076413 0.0
0.09 7.084254 3022.0 -1.9790767785234897 4.24607677852349 0.3741880984340045 0.0 6.256811901565996 1.1156057628635343 0.0 0.0 0.4638452975391499 0.0
0.09 7.090269 3022.0 -1.9839210738255038 4.250921073825504 0.3720350782997761 0.0 6.258964921700224 1.1229798568232667 0.0 0.0 0.4638991230425056 0.0
0.09 7.102324 3023.0 -1.9945839907809593 4.261583990780959 0.3677404485417959 0.0 6.263259551458204 1.1376954525308043 0.0 0.0 0.4640064887864551 0.0
0.09 7.114401 3023.0 -2.0042136616362196 4.271213661636219 0.36346059482834686 0.0 6.267539405171654 1.152447462712912 0.0 0.0 0.46411348512929135 0.0
0.09 7.120449 3023.0 -2.0090174741858617 4.276017474185862 0.3613255670285058 0.0 6.269674432971494 1.1597599329273676 0.0 0.0 0.4641668608242874 0.0
0.09 7.132567 3023.0 -2.0181080939032934 4.285342326559215 0.35706306937631394 0.0 6.273936930623686 1.1744089873861248 0.0 0.0 0.46422342326559213 0.0
0.09 7.144711 3023.0 -2.0276682352941178 4.295668235294118 0.353110588235294 0.0 6.2781858823529415 1.1889912941176475 0.0 0.0 0.4643 0.0
0.09 7.150796 3023.0 -2.0324407843137253 4.300440784313725 0.35151973856209145 0.0 6.2803070152505445 1.1963092026143793 0.0 0.0 0.4643 0.0
0.09 7.162985 3023.0 -2.0428427531206657 4.309958477808599 0.3474628987517337 0.0 6.284537101248266 1.210814571775312 0.0 0.0 0.4643884275312066 0.0
0.09 7.169089 3023.0 -2.04729521506305 4.3142952150630505 0.3453523924684748 0.0 6.287471411297288 1.2180842459837617 0.0 0.0 0.4644 0.0
0.09 7.181315 3023.0 -2.056677105738621 4.324641228598468 0.3421076314204596 0.0 6.291856491439387 1.2326048954658861 0.0 0.0 0.4644964122859847 0.0
0.09 7.193567 3023.0 -2.0661356886840756 4.33410855094726 0.33794572452636973 0.0 6.29605427547363 1.2470872503840245 0.0 0.0 0.4645 0.0
0.09 7.199706 3023.0 -2.071336283939059 4.338373648821176 0.3358879053536471 0.0 6.298149459528471 1.2543156353732234 0.0 0.0 0.4645037364882118 0.0
0.09 7.212006 3023.083905415713 -2.0807551487414186 4.348755148741419 0.3326643783371473 0.0 6.302335621662852 1.2687578947368419 0.0 0.0 0.4646 0.0
0.09 7.224347 3024.0 -2.090163642501477 4.358163642501477 0.3286121191661744 0.0 6.3065171744451005 1.283184251835598 0.0 0.0 0.4646129293611275 0.0
0.09 7.230531 3024.0 -2.0948607477424255 4.362860747742425 0.32704641741919155 0.0 6.308604776774411 1.2903864798717188 0.0 0.0 0.4646651194193603 0.0
0.09 7.242929 3024.0 -2.1047510902381754 4.371945655820195 0.3234163032539416 0.0 6.312778262328078 1.3047850050318688 0.0 0.0 0.4647 0.0
0.09 7.249142 3024.0 -2.109440540087219 4.377156155652465 0.3218531533042603 0.0 6.314862462260987 1.3119754948004028 0.0 0.0 0.4647 0.0
0.09 7.261598 3024.0 -2.118811237268326 4.386811237268326 0.3179727834362997 0.0 6.319784020704625 1.326343897144766 0.0 0.0 0.4647 0.0
0.09 7.274086 3024.0 -2.127963393375944 4.395963393375943 0.31481464264962233 0.0 6.323481696687972 1.3407191167925623 0.0 0.0 0.46472963393375943 0.0
0.09 7.280342 3024.0 -2.133156387482361 4.40115638748236 0.3127374450070556 0.0 6.32607819374118 1.347937378600482 0.0 0.0 0.4647815638748236 0.0
0.09 7.292874 3024.0 -2.142673778218805 4.410673778218804 0.30944207392706513 0.0 6.330410568097247 1.3622664599355006 0.0 0.0 0.4648 0.0
0.09 7.299152 3024.0 -2.146968146558838 4.414968146558839 0.3075159267205809 0.0 6.332484073279419 1.369420052813996 0.0 0.0 0.4648 0.0
0.09 7.311731 3024.9070399341294 -2.156163359407164 4.425070399341293 0.3042788801976121 0.0 6.336628159736517 1.3837171510909843 0.0 0.0 0.4648 0.0
0.09 7.324338 3025.0 -2.1654791923171635 4.434479192317163 0.30117360256094555 0.0 6.34076852991874 1.397907214971682 0.0 0.0 0.4648 0.0
0.09 7.330655 3025.0 -2.170597738816975 4.43867819105358 0.29916090447321 0.0 6.34283909552679 1.4050448795674255 0.0 0.0 0.4648 0.0
0.09 7.34331 3025.0 -2.179950699043414 4.447950699043414 0.2960164336521953 0.0 6.34697808846374 1.4193244051999014 0.0 0.0 0.46489945221159346 0.0
0.09 7.349649 3025.0 -2.1841040631870374 4.4531040631870376 0.2949653122709876 0.0 6.34904625030535 1.4263595635534567 0.0 0.0 0.4649 0.0
0.09 7.362351 3025.04573145967 -2.1934573145967025 4.462411583137032 0.2918628056209892 0.0 6.353182925838681 1.4406265209974825 0.0 0.0 0.4649 0.0
0.09 7.375074 3026.0 -2.203632295719844 4.471790369649805 0.28868385214007797 0.0 6.3573161478599225 1.454790710116731 0.0 0.0 0.4649 0.0
0.09 7.381444 3026.0 -2.2078571775368183 4.476857177536818 0.2867142741543938 0.0 6.3593809677941415 1.4619048146949345 0.0 0.0 0.4649 0.0
0.09 7.394196 3026.0 -2.2171413464643206 4.48614134646432 0.28361955117855986 -5.0726509525351844e-05 6.3635072650952536 1.4760247013238619 0.0 0.0 0.4649 0.0
0.09 7.400581 3026.0 -2.2217801097836616 4.490780109783661 0.2820732967387795 -0.00025689376816273 6.365568937681627 1.4830343881175327 0.0 0.0 0.4649 0.0
0.09 7.413365 3025.827422597507 -2.2315531966224365 4.500553196622437 0.27948226779252117 -0.0004 6.369517732207479 1.497147052673904 0.0 0.0 0.4649 0.0
0.09 7.419769 3025.3124246079615 -2.236188178528347 4.505188178528347 0.27793727382388433 -0.0004 6.371062726176116 1.5041510253317245 0.0 0.0 0.4649 0.0
0.09 7.432604 3024.7830814743743 -2.246169185256257 4.514169185256256 0.27434924442312286 -0.0004 6.374867674102503 1.5182500919485098 0.0 0.0 0.465 0.0
0.09 7.439037 3024.2687295114733 -2.2513127048852644 4.519312704885264 0.27280618853442073 -0.0004 6.376925081954106 1.5252452786439594 0.0 0.0 0.465 0.0
0.09 7.451926 3022.4821983273596 -2.261589008363202 4.528830107526882 0.2697232974910393 -0.0007794504181601165 6.381035603345281 1.539221051373955 0.0 0.0 0.465 0.0
0.09 7.464849 3021.7149418006175 -2.271565523794442 4.5375655237944414 0.2671448254018528 -0.0009 6.3851402327975295 1.5531482856916623 0.0 0.0 0.465 0.0
0.09 7.471325 3021.202153773062 -2.276180616042442 4.542180616042442 0.26560646131918597 -0.0009 6.387191384907752 1.5600709240636632 0.0 0.0 0.465 0.0
0.09 7.484301 3019.677721758311 -2.2862227824168904 4.551900504175202 0.2630331652749329 -0.001428911296675611 6.3912891129667555 1.5739829840869708 0.0 0.0 0.465 0.0
0.09 7.490802 3019.16559004254 -2.2913440995746024 4.556509689617142 0.2614967701276193 -0.0016337639829840957 6.393337639829841 1.5809479754214593 0.0 0.0 0.465 0.0
0.09 7.503829 3017.642554858934 -2.301574451410658 4.566217006269592 0.25892766457680255 -0.0018787225705329067 6.396429780564263 1.594761253918495 0.0 0.0 0.4650357445141066 0.0
0.09 7.510355 3017.1311128526645 -2.3066888714733538 4.570819984326018 0.2573933385579938 -0.002134443573667702 6.398475548589341 1.6017168652037614 0.0 0.0 0.4650868887147336 0.0
0.09 7.523432 3016.1090625 -2.3169093749999994 4.5800184375 0.25432718750000016 -0.0030018437499999594 6.40256375 1.6155276562499994 0.0 0.0 0.4651 0.0
0.09 7.529983 3015.196665108306 -2.322016674458469 4.584213339566776 0.25319666510830613 -0.0031 6.404606669783388 1.6223823437743488 0.0 0.0 0.4651 0.0
0.09 7.543113 3014.077497085115 -2.331302526233968 4.593302526233969 0.25023249125534397 -0.0038380023319082818 6.407767508744657 1.6361537893509523 0.0 0.0 0.4651 0.0
0.09 7.54969 3013.134749573577 -2.336326252132114 4.5983262521321135 0.24913474957357726 -0.004678725383780459 6.409730500852846 1.6430837028996745 0.0 0.0 0.4651 0.0
0.09 7.562868 3012.047733250812 -2.3465226674918767 4.607570400742689 0.24709546650162464 -0.006037946773943981 6.41380906699675 1.6567603744391148 0.0 0.0 0.4651 0.0
0.09 7.574057 3010.6848102240356 -2.3551518977596424 4.615151897759643 0.2443696204480715 -0.007135822619139221 6.4169455693278925 1.6683550619755172 0.0 0.0 0.4651 0.0
0.09 7.583352 3009.9385655045307 -2.362307172477346 4.622245737981877 0.2428771310090616 -0.008386008293656872 6.419122868990938 1.6780116111196435 0.0 0.0 0.4651061434495469 0.0
0.09 7.591318 3008.715774151536 -2.3684211292423196 4.627279016318088 0.24071577415153603 -0.010012648433310357 6.4215684516969285 1.6862043131847084 0.0 0.0 0.4652 0.0
0.09 7.601487 3007.1576649046197 -2.3762116754769016 4.634290507929212 0.23915766490461962 -0.01172656860491841 6.424684670190761 1.6966436451390485 0.0 0.0 0.4652 0.0
0.09 7.610113 3006.8391890861976 -2.3828040545690117 4.64072364911211 0.23775878362929653 -0.013989459644844153 6.426321621827605 1.7054854736681655 0.0 0.0 0.4652 0.0
0.09 7.619907 3005.3463150674493 -2.3902684246627546 4.647441582196479 0.2355194726011736 -0.016676632878591675 6.429307369865102 1.7155623732947187 0.0 0.0 0.4652 0.0
0.09 7.630201 3004.390749601276 -2.3980925039872405 4.654483253588516 0.23378149920255192 -0.019797926634768565 6.432437001594896 1.7260639553429022 0.0 0.0 0.4652 0.0
0.09 7.640556 3003.1471599279753 -2.4054113602880998 4.6614113602881 0.23214715992797508 -0.023702668194467348 6.434852840072025 1.7365876084465548 0.0 0.0 0.4652 0.0
0.09 7.64936 3002.251065845571 -2.4119914732354335 4.667242539081004 0.23050213169114164 -0.02754509711037422 6.437246802463287 1.7455135954523922 0.0 0.0 0.4652 0.0
0.09 7.659376 3001.174770333856 -2.4197766076630067 4.673951377996863 0.22834954066771238 -0.032578579430875915 6.440475688998431 1.7557095899619088 0.0 0.0 0.4652 0.0
0.09 7.669919 2999.4054317919586 -2.427378272832165 4.6813782728321645 0.22640543179195877 -0.03906071713854641 6.443391852312062 1.766389038785835 0.0 0.0 0.46527972841040205 0.0
0.09 7.679717 2998.2062117050496 -2.4345565180646522 4.687762729769702 0.22520621170504967 -0.04621527572364248 6.445587576589901 1.7763203676315233 0.0 0.0 0.4653 0.0
0.09 7.689565 2997.0340102764862 -2.4427619280645954 4.694795938341082 0.22306802055297278 -0.05475172498164931 6.447931979447028 1.7862211157328116 0.0 0.0 0.4653 0.0
0.09 7.69925 2996.0013800424626 -2.4499903397027603 4.700991719745223 0.2210027600849257 -0.06448688959660293 6.449997239915074 1.795986889596603 0.0 0.0 0.4653 0.0
0.09 7.709159 2994.0282924885437 -2.4569009762900973 4.707900976290097 0.2200141462442718 -0.07603448894201996 6.452957561267185 1.8059571229328548 0.0 0.0 0.4653 0.0
0.09 7.719013 2993.0495204541007 -2.4646038363671954 4.714653356821296 0.21809904090820115 -0.08969680955177184 6.455851438637699 1.815889939322764 0.0 0.0 0.4653 0.0
0.09 7.729013 2991.123159039241 -2.4725073638430364 4.721568943362657 0.2161231590392409 -0.1062593061184145 6.457876840960759 1.8258780468518336 0.0 0.0 0.4653938420480379 0.0
0.09 7.739224 2990.0272902505835 -2.4798089682459166 4.7278362584965 0.21502729025058337 -0.1261705691386826 6.46091812924825 1.836032555544283 0.0 0.0 0.4654 0.0
0.09 7.749093 2987.9910741149333 -2.4870714070805335 4.735062481195468 0.2129821482298666 -0.1483365359542674 6.4630267776552 1.8458883662621604 0.0 0.0 0.4654 0.0
0.09 7.759024 2986.990271987294 -2.495038912050824 4.742029184038118 0.21099513599364703 -0.17475370260075362 6.466009728012706 1.8557486400635295 0.0 0.0 0.4654 0.0
0.09 7.769006 2985.0085368274767 -2.5029658526900938 4.74797438951757 0.21000426841373832 -0.2060651181258692 6.467991463172523 1.8656573158626168 0.0 0.0 0.4654 0.0
0.09 7.779002 2983.999413030718 -2.510002347877128 4.755002054392487 0.20799970651535898 -0.2426128839757404 6.471000586969282 1.8756029641948742 0.0 0.0 0.4654000293484641 0.0
0.09 7.78911 2982.021717863432 -2.5179131285462724 4.761923987477988 0.20701085893171595 -0.2860232928976699 6.472978282136568 1.8855903247896688 0.0 0.0 0.4654989141068284 0.0
0.09 7.798976 2981.0436274509802 -2.5256509803921565 4.767738235294117 0.20508725490196078 -0.3349880882352938 6.475869117647059 1.895263725490196 0.0 0.0 0.4655 0.0
0.09 7.809045 2978.997222773259 -2.533011108906963 4.7750083316802225 0.20299861138662964 -0.39369525887720813 6.478002777226741 1.9052137472723667 0.0 0.0 0.4655 0.0
0.09 7.819059 2977.0107121602855 -2.5409571513588576 4.780967863519143 0.2020053560801428 -0.461832572902205 6.4799892878397145 1.9150469748065864 0.0 0.0 0.4655 0.0
0.09 7.829017 2976.0013108803064 -2.5479908238378544 4.787990823837855 0.20000262176061312 -0.5419952606635068 6.48299606735908 1.9247872844610265 0.0 0.0 0.4655 0.0
0.09 7.839033 2974.0268271032646 -2.555892691586941 4.7949061051385735 0.19901341355163235 -0.6332605878291712 6.484973172896735 1.9346658644836765 0.0 0.0 0.4655986586448368 0.0
0.09 7.84897 2972.0185990094005 -2.562934903467098 4.800944202971798 0.1970185990094007 -0.7412975133933037 6.486981400990599 1.9443107247548768 0.0 0.0 0.4656 0.0
0.09 7.858986 2970.003420179057 -2.570986319283774 4.807988029373302 0.1960017100895283 -0.866287606880588 6.489994869731415 1.9540834121315758 0.0 0.0 0.4656 0.0
0.09 7.869011 2967.991882795486 -2.579028410215799 4.8140284102157995 0.19399594139774298 -1.0116903682439187 6.492008117204514 1.9638397743021188 0.0 0.0 0.4656004058602257 0.0
0.09 7.879364 2965.9410101010103 -2.5862359595959594 4.821176969696969 0.19297050505050506 -1.1868102222222214 6.4940884848484846 1.9738831515151516 0.0 0.0 0.4657 0.0
0.09 7.890986 2963.7991623454327 -2.5954058635819703 4.82840586358197 0.1915983246908656 -1.4203704826485823 6.497401675309134 1.985148125249302 0.0 0.0 0.4657 0.0
0.09 7.901732 2962.4560477849677 -2.6031758088601293 4.835631856645096 0.18972802389248383 -1.6731401592832253 6.499543952215032 1.995538168242907 0.0 0.0 0.4657 0.0
0.09 7.912677 2960.2716334102074 -2.61191346635917 4.842549283064274 0.1882716334102075 -1.9736111200240758 6.501728366589793 2.0060961596310043 0.0 0.0 0.4657 0.0
0.09 7.919654 2958.8725195429947 -2.617446181599519 4.847382441371017 0.18693625977149728 -2.1884772098617 6.503191220685508 2.012811906193626 0.0 0.0 0.46570637402285026 0.0
0.09 7.933642 2956.0713571856886 -2.6277145712572456 4.85625024985009 0.1855356785928443 -2.7021250449730103 6.506928642814311 2.0262574855086948 0.0 0.0 0.4658 0.0
0.09 7.940643 2954.67101042502 -2.6333159582999195 4.86098696872494 0.18467101042502018 -2.9936571772253098 6.50832898957498 2.0329627004811544 0.0 0.0 0.4658 0.0
0.09 7.954667 2951.8658293460926 -2.6439695972886756 4.869402511961722 0.1824329146730463 -3.687545574162652 6.511134170653907 2.0463440191387554 0.0 0.0 0.4658 0.0
0.09 7.961691 2950.2795592977427 -2.649161322106772 4.873681028305267 0.18151970619849517 -4.0228624328197755 6.512720440702257 2.053069571838051 0.0 0.0 0.4658 0.0
0.09 7.975766 2946.9340449866563 -2.660263820053374 4.882730842546702 0.17946702249332824 -4.457831871902401 6.516065955013343 2.06647647731605 0.0 0.0 0.46585329775066714 0.0
0.09 7.982818 2945.506535198349 -2.6654803944049528 4.887480394404953 0.1787532675991745 -4.588618023389127 6.517493464801651 2.0731478789268514 0.0 0.0 0.4659 0.0
0.09 7.98988 2943.9197324414713 -2.670361204013378 4.89228093645485 0.1779197324414715 -4.694356521739135 6.519080267558529 2.079861538461539 0.0 0.0 0.4659 0.0
0.09 8.004033 2941.4976489578216 -2.68084195382132 4.900507053126535 0.17566509930521443 -4.869513972910375 6.521502351042178 2.0931438346550633 0.0 0.0 0.4659 0.0
0.09 8.01113 2940.003438837813 -2.6863207242613516 4.90498968348656 0.1746689592252088 -4.952542248578845 6.522996561162187 2.099817973191101 0.0 0.0 0.4659 0.0
0.09 8.025363 2936.6749615545923 -2.6969502306724453 4.914300153781631 0.1736749615545924 -5.122673367817706 6.526325038445408 2.113177757584231 0.0 0.0 0.4659 0.0
0.09 8.032498 2935.3563507009835 -2.7027700355722954 4.918448210922787 0.1726781753504917 -5.2094447373927615 6.527482736974263 2.1198562251517057 0.0 0.0 0.4659160912324754 0.0
0.09 8.039644 2933.362628164888 -2.7082527725465573 4.9229340866290014 0.17168131408244414 -5.2950751203180495 6.528978028876334 2.1265351956476244 0.0 0.0 0.4659659342958778 0.0
0.09 8.053988 2930.36782167905 -2.7187384903826124 4.9322643566419 0.169683910839525 -5.472969856259985 6.532474133740712 2.1399177973751824 0.0 0.0 0.466 0.0
0.09 8.061181 2928.3699048677177 -2.7242327616137767 4.936260190264565 0.1686849524338588 -5.565473404624674 6.533972571349212 2.1466108186931456 0.0 0.0 0.466 0.0
0.09 8.075616 2925.3671096345515 -2.7348986710963454 4.945265780730897 0.167 -5.75684327242525 6.536316445182724 2.160020182724253 0.0 0.0 0.466 0.0
0.09 8.082861 2923.3628391907755 -2.7407521922253677 4.949433611820756 0.1666814195953877 -5.856681923634606 6.537477870606918 2.1667344887109024 0.0 0.0 0.466 0.0
0.09 8.090124 2921.3569011945037 -2.7462685217151144 4.953946972312366 0.16567845059725197 -5.959887433542773 6.538982324104122 2.173454380998412 0.0 0.0 0.466 0.0
0.09 8.104706 2918.274555723929 -2.757176332828213 4.963450888552142 0.16363727786196453 -6.174255351976851 6.542362722138035 2.1869302383248375 0.0 0.0 0.466 0.0
0.09 8.112025 2916.2596054711667 -2.7630360849542916 4.967665887689875 0.1628149013677917 -6.284825073888222 6.543555295896625 2.193680321671591 0.0 0.0 0.46601850986322085 0.0
0.09 8.119365 2914.2415973606435 -2.76858560725823 4.972206405938552 0.16231039934016087 -6.397732627671998 6.545068801979518 2.200440648841844 0.0 0.0 0.4660689600659839 0.0
0.09 8.134104 2910.196165696679 -2.779411502909963 4.980808627182473 0.16059808284833949 -6.631147757617269 6.547602875727491 2.2138928449161255 0.0 0.0 0.4661 0.0
0.09 8.141506 2908.1689147552206 -2.785493255734338 4.985369941800753 0.1595844573776104 -6.751566463539886 6.549123313933584 2.2206841355700107 0.0 0.0 0.4661 0.0
0.09 8.156373 2904.1046527493518 -2.7966860417519452 4.994238368126621 0.158 -6.999730713603511 6.551895347250649 2.234199413289672 0.0 0.0 0.4661 0.0
0.09 8.163838 2902.069761110733 -2.8025581569454845 4.999093037500851 0.15753488055536644 -7.129460872524339 6.553465119444634 2.240993044306813 0.0 0.0 0.4661 0.0
0.09 8.171329 2900.0304226502417 -2.8081663377118353 5.003681549036957 0.15651521132512083 -7.260692302456947 6.554484788674879 2.2477738446879463 0.0 0.0 0.4661 0.0
0.09 8.186386 2894.9423233143784 -2.8201730300568646 5.012115353371243 0.15447116165718922 -7.530458570268083 6.557528838342811 2.261343216896832 0.0 0.0 0.4661 0.0
0.09 8.193951 2892.6230955912097 -2.8263045705810974 5.016478427935823 0.1537246191182419 -7.669560199541589 6.558826142645274 2.268135027639207 0.0 0.0 0.4661 0.0
0.09 8.201545 2890.0634353512205 -2.8324477551570704 5.021085816367803 0.1532126870702441 -7.810955831198575 6.560361938789268 2.2748925306727776 0.0 0.0 0.4661 0.0
0.09 8.209166 2887.2011278195487 -2.8385977443609023 5.0253984962406015 0.15240037593984962 -7.954666729323308 6.56159962406015 2.2816575187969925 0.0 0.0 0.4661 0.0
0.09 8.224492 2881.3772893772893 -2.850894505494505 5.034920879120879 0.15067545787545789 -8.248222490842489 6.563973626373626 2.295183956043956 0.0 0.0 0.4661 0.0
0.09 8.2322 2878.8105228105223 -2.857054745254746 5.03954105894106 0.1501621045621045 -8.396786939726956 6.565513686313686 2.3019602197802205 0.0 0.0 0.4661 0.0
0.09 8.23994 2875.890258449304 -2.863219483101392 5.0438129887342615 0.14929675281643462 -8.546655387673969 6.566703247183566 2.3087414314115318 0.0 0.0 0.4661 0.0
0.09 8.255523 2870.728644534838 -2.8755427109303238 5.052407033197743 0.14762144075580633 -8.842332266106807 6.5691356777325804 2.322296982023356 0.0 0.0 0.4661 0.0
0.09 8.263369 2867.6400734811705 -2.881719853037659 5.0570398897782445 0.14710667891352838 -8.988009867471463 6.570679963259415 2.3290918383414247 0.0 0.0 0.4661 0.0
0.09 8.271256 2864.5511082138205 -2.887897783572359 5.06126518904824 0.14618370273794012 -9.127257314211198 6.5718162972620595 2.335887561929595 0.0 0.0 0.4661 0.0
0.09 8.279185 2861.461718141708 -2.894076563716584 5.065384375811056 0.14515390604723596 -9.25806940046716 6.572846093952764 2.3426842200882425 0.0 0.0 0.4661 0.0
0.09 8.295178 2856.2293962239837 -2.9064494490624395 5.0745870867968295 0.1440458792447967 -9.482249726142149 6.574908241510407 2.3562943939686836 0.0 0.0 0.4661 0.0
0.09 8.30325 2853.1757482732155 -2.9126485034535685 5.078765668969045 0.14305858275773856 -9.57805139421847 6.576882834484523 2.3631133537989255 0.0 0.0 0.4661 0.0
0.09 8.311377 2850.071783123329 -2.918856433753341 5.083880361461118 0.143 -9.663535535191553 6.577976072292224 2.369844469899453 0.0 0.0 0.4661 0.0
0.09 8.319562 2846.9630838774488 -2.9250738322451024 5.088055374183827 0.14198769462581623 -9.740698618784526 6.579012305374183 2.376681215469613 0.0 0.0 0.4661 0.0
0.09 8.336125 2840.7262201195226 -2.9376388197211143 5.097365039840637 0.14 -9.875029581673296 6.58109125996016 2.390393189741035 0.0 0.0 0.4661 0.0
0.09 8.344514 2837.5950464396287 -2.9448099071207428 5.101539938080495 0.13986501547987623 -9.935510650154797 6.582134984520124 2.397190897832817 0.0 0.0 0.4661 0.0
0.09 8.352981 2834.2693208430915 -2.9510960187353628 5.105730679156909 0.13881733021077292 -9.991859484777514 6.583365339578454 2.404087353629976 0.0 0.0 0.4661 0.0
0.09 8.361531 2830.29664019548 -2.95740671960904 5.11005503970678 0.1378827733659133 -10.04224968234575 6.585234453268173 2.4109356689065358 0.0 0.0 0.4661 0.0
0.09 8.370171 2827.129871716555 -2.9637402565668896 5.114805192425168 0.13735497861942586 -10.090648460598649 6.586290042761148 2.4178497800855214 0.0 0.0 0.4661 0.0
0.09 8.387747 2820.733574007221 -2.977532851985558 5.1236885679903725 0.136 -10.182147966305648 6.588422141997594 2.4317017087845954 0.0 0.0 0.4660577858002407 0.0
0.09 8.396696 2817.017923288326 -2.983973115067511 5.128477595889593 0.13550448082208155 -10.223134209582984 6.589495519177919 2.43862087465647 0.0 0.0 0.466 0.0
0.09 8.405768 2813.2725869642645 -2.990454826071471 5.1333032173809805 0.13442419565475483 -10.261780410780007 6.590575804345245 2.4456427282440933 0.0 0.0 0.466 0.0
0.09 8.41497 2809.688024408848 -2.9972936689549963 5.1376422578184595 0.13366971777269257 -10.296878413424869 6.591660564454615 2.4526276125095348 0.0 0.0 0.466 0.0
0.09 8.424315 2805.8497917033387 -3.004421815408085 5.142028809481898 0.1331213988147627 -10.330709693129142 6.592757202370475 2.4596460951710375 0.0 0.0 0.466 0.0
0.09 8.433811 2802.4163961038957 -3.0111672077922083 5.146444805194806 0.133 -10.360849594155844 6.593861201298702 2.4667116883116886 0.0 0.0 0.466 0.0
0.09 8.443476 2798.106219105644 -3.018814116565123 5.150893780894355 0.132026554776411 -10.388641441545007 6.594973445223589 2.4738300494309695 0.0 0.0 0.466 0.0
0.09 8.45332 2793.628378378379 -3.025650337837837 5.156371621621621 0.131 -10.413113851351348 6.596092905405405 2.4809853040540535 0.0 0.0 0.4659 0.0
0.09 8.463358 2789.116703786192 -3.033324944320712 5.160883296213808 0.13077917594654798 -10.435774832962137 6.597220824053452 2.488113273942093 0.0 0.0 0.4659 0.0
0.09 8.473605 2784.5696996369243 -3.0405030256353824 5.1654303003630755 0.12964242490923103 -10.455592716470457 6.598357575090769 2.4953527230718446 0.0 0.0 0.4659 0.0
0.09 8.484082 2779.9989213677054 -3.048251752777478 5.1700010786322945 0.1287498651709632 -10.47252851903786 6.599500269658074 2.502551698845864 0.0 0.0 0.4659 0.0
0.09 8.49481 2775.3702944666165 -3.055773271491748 5.174629705533384 0.12817128680832704 -10.487629414302665 6.6006574263833455 2.509841786215079 0.0 0.0 0.4659 0.0
0.09 8.505806 2770.696588868941 -3.063780969479353 5.179303411131059 0.128 -10.500028186714541 6.601825852782765 2.517202872531418 0.0 0.0 0.4658174147217235 0.0
0.09 8.517106 2764.9864947820747 -3.072020257826888 5.1840135052179255 0.1269966236955187 -10.511424309392265 6.603 2.524620933087784 0.0 0.0 0.4658 0.0
0.09 8.52873 2760.2427867698807 -3.079325123152709 5.188757213230119 0.126 -10.51967902885292 6.60318930330753 2.531973680506685 0.0 0.0 0.4658 0.0
0.09 8.540717 2755.451396427514 -3.0877100562518507 5.193548603572486 0.12561284910687848 -10.526003463929735 6.604387150893122 2.5394390506266658 0.0 0.0 0.46576128491068786 0.0
0.09 8.553118 2750.004837929366 -3.0955941944847605 5.198396129656507 0.125 -10.530497097242382 6.605599032414127 2.546954097726173 0.0 0.0 0.4657 0.0
0.09 8.565988 2744.693757696315 -3.103785924031449 5.203306242303685 0.12417343942407873 -10.53285718480629 6.6068265605759215 2.554524675570712 0.0 0.0 0.4657 0.0
0.09 8.579052 2739.802405498281 -3.1122766323024065 5.208158075601375 0.12396048109965621 -10.533044673539518 6.608 2.562041065292097 0.0 0.0 0.4657 0.0
0.09 8.591956 2734.1953476077188 -3.120206978588422 5.212804652392281 0.12279883690192968 -10.531398255352896 6.60820116309807 2.5691270948982288 0.0 0.0 0.465679883690193 0.0
0.09 8.604698 2729.425426197207 -3.12720440332391 5.217259659042234 0.122 -10.528814375053543 6.609314914760558 2.5759209800394074 0.0 0.0 0.4656 0.0
0.09 8.617271 2724.476951239807 -3.134665335330338 5.221523048760193 0.12161923780995171 -10.52359157929772 6.610380762190048 2.5824226493592946 0.0 0.0 0.4656 0.0
0.09 8.629671 2720.0019343918752 -3.141797291851374 5.2255984524865 0.121 -10.517162746836464 6.611399613121625 2.5885976787297493 0.0 0.0 0.4656 0.0
0.09 8.641893 2715.514241245136 -3.148228638132296 5.229485758754864 0.12062856031128404 -10.509259891050583 6.612 2.5944286381322956 0.0 0.0 0.4655628560311284 0.0
0.09 8.653935 2711.5144248782312 -3.1540798051704764 5.232891345073061 0.12 -10.499831734732108 6.612297115024354 2.5999826901461223 0.0 0.0 0.4655 0.0
0.09 8.665794 2707.2857966004035 -3.1602498559492935 5.2357142033995965 0.11982144915010087 -10.489743128781331 6.6131785508498995 2.6052713050993948 0.0 0.0 0.4655 0.0
0.09 8.677466 2703.9032608695647 -3.166116086956522 5.239077391304348 0.119 -10.478625260869563 6.614 2.6103083478260873 0.0 0.0 0.46549806521739134 0.0
0.09 8.688953 2699.741304347826 -3.1711104347826087 5.242406956521739 0.119 -10.466805304347826 6.614 2.614969739130435 0.0 0.0 0.4654148260869565 0.0
0.09 8.700252 2696.9630906956263 -3.176073818608747 5.245036909304374 0.1183210302318755 -10.455398114176695 6.614678969768125 2.61939853977106 0.0 0.0 0.4654 0.0
0.09 8.711363 2693.995834573044 -3.1810062481404344 5.2480041654269565 0.118 -10.443734900327284 6.615 2.6236052067836955 0.0 0.0 0.4654 0.0
0.09 8.722287 2690.727917326695 -3.1855901033416307 5.250954062004978 0.11768197933167385 -10.432047710643435 6.615318020668326 2.627594697141133 0.0 0.0 0.4654 0.0
0.09 8.733023 2687.6107326035367 -3.1896487789941053 5.253259511597642 0.117 -10.420735321136032 6.616 2.6313709255148128 0.0 0.0 0.46538702442011787 0.0
0.09 8.743576 2685.187169869096 -3.193688050218173 5.2548752200872695 0.117 -10.409748503406568 6.616 2.6349254841919927 0.0 0.0 0.46530623899563656 0.0
0.09 8.753944 2682.772501165863 -3.1977124980568945 5.257227498834137 0.117 -10.39835650551842 6.616742499611378 2.6382442484066537 0.0 0.0 0.4653 0.0
0.09 8.764131 2680.3719902107837 -3.201170679718955 5.259628009789217 0.11645733007026121 -10.387808091892317 6.617 2.6413621457330074 0.0 0.0 0.4653 0.0
0.09 8.774138 2677.9858002406736 -3.204352266345768 5.261676133172884 0.116 -10.377469907741675 6.617 2.6443170397111917 0.0 0.0 0.4653 0.0
0.09 8.785851 2675.4353747043956 -3.208129250591209 5.263564625295604 0.116 -10.364929935578571 6.617282312647802 2.6476316317377475 0.0 0.0 0.46527176873521975 0.0
0.09 8.7995 2672.793729783528 -3.212608360288629 5.265804180144315 0.11559790992784269 -10.350493456083603 6.618 2.651206270216472 0.0 0.0 0.4652 0.0
0.09 8.815334 2669.5446722348775 -3.217182991647684 5.268455327765123 0.115 -10.334677398127056 6.618 2.655110225259428 0.0 0.0 0.4652 0.0
0.09 8.833602 2666.4074268239406 -3.2218888597640896 5.270592573176059 0.115 -10.316500104849277 6.619 2.6592110878112716 0.0 0.0 0.4652 0.0
0.09 8.853335 2662.960517975188 -3.226118446074436 5.274039482024812 0.11496051797518801 -10.297997283346918 6.619 2.6632789640496237 0.0 0.0 0.4652 0.0
0.09 8.872209 2660.475285872372 -3.230524714127628 5.275762357063814 0.114 -10.28118631501291 6.619762357063814 2.6666484784212465 0.0 0.0 0.4652 0.0
0.09 8.890297 2658.0700076511093 -3.2339299923488904 5.277464996174445 0.114 -10.266280030604438 6.62 2.6696439938791126 0.0 0.0 0.4651535003825555 0.0
0.09 8.907662 2656.0370582460732 -3.2369258835078534 5.278962941753926 0.114 -10.246978108638743 6.62 2.6721370009816754 0.0 0.0 0.4651 0.0
0.09 8.924359 2653.8751934625147 -3.239249613074971 5.281124806537485 0.114 -10.219792936296662 6.62 2.674237132421222 0.0 0.0 0.4651 0.0
0.09 8.940438 2652.7505939767548 -3.2412494060232455 5.282124703011623 0.11387529698837734 -10.192219598022218 6.62 2.6760995248185964 0.0 0.0 0.4651 0.0
0.09 8.955943 2650.875349208461 -3.243249301583078 5.28312465079154 0.113 -10.168869309564988 6.62 2.677674511108155 0.0 0.0 0.4651 0.0
0.09 8.970913 2649.8754387172253 -3.2451245612827746 5.284 0.113 -10.149769651090772 6.620124561282775 2.6790370174110523 0.0 0.0 0.4651 0.0
0.09 8.985385 2649.0 -3.2462490753911806 5.2841245376955905 0.113 -10.13383119487909 6.621 2.6801369914651496 0.0 0.0 0.4651 0.0
0.09 8.999389 2648.87553238361 -3.2481244676163903 5.285124467616391 0.113 -10.120681069173152 6.621 2.681199574093112 0.0 0.0 0.4651 0.0
0.09 9.012955 2647.8755962747027 -3.249 5.286 0.113 -10.109455962747028 6.621 2.681999522980238 0.0 0.0 0.4651 0.0
0.09 9.026112 2647.0 -3.249124297752809 5.286124297752808 0.113 -10.099631039325843 6.621 2.6827870084269665 0.0 0.0 0.4651 0.0
0.09 9.038882 2646.8757329906016 -3.250124267009398 5.287 0.113 -10.091167997429514 6.621 2.683462133504699 0.0 0.0 0.4651 0.0
0.09 9.051288 2646.0 -3.251 5.287 0.113 -10.083754637130104 6.621 2.683962159034551 0.0 0.0 0.4651 0.0
0.09 9.063348 2645.8754883641923 -3.2511245116358074 5.287 0.113 -10.077090283675897 6.621 2.684449804654323 0.0 0.0 0.4651 0.0
0.09 9.07508 2645.0 -3.252 5.287124225769868 0.113 -10.071466448573673 6.621 2.6848496903079475 0.0 0.0 0.4651 0.0
0.09 9.086506 2645.0 -3.252124183006536 5.288 0.113 -10.066441176470589 6.621 2.6852372549019607 0.0 0.0 0.4651 0.0
0.09 9.097639 2645.0 -3.253 5.288 0.113 -10.062003673769288 6.621 2.6855372244673035 0.0 0.0 0.4651 0.0
0.09 9.108494 2644.875917906232 -3.253 5.288 0.113 -10.05800367162493 6.621 2.6858248164187537 0.0 0.0 0.4651 0.0
0.09 9.119084 2644.0 -3.2531240713941147 5.288 0.113 -10.05407815726001 6.621 2.686024814278823 0.0 0.0 0.4651 0.0
0.09 9.129419 2644.0 -3.254 5.288 0.113 -10.05067831539449 6.621 2.6862248049767947 0.0 0.0 0.4651 0.0
0.09 9.139517 2644.0 -3.254 5.288123989490703 0.113 -10.047340430476961 6.621 2.6864123989490705 0.0 0.0 0.46508760105092967 0.0
0.09 9.149385 2644.0 -3.254 5.289 0.113 -10.044440646961554 6.621 2.6865123914840843 0.0 0.0 0.465 0.0
0.09 9.159035 2644.0 -3.254 5.289 0.113 -10.041602535925612 6.621 2.6866123943364326 0.0 0.0 0.465 0.0
0.09 9.168474 2644.0 -3.254 5.289 0.113 -10.039214859611231 6.621 2.686712397408207 0.0 0.0 0.465 0.0
0.09 9.17771 2644.0 -3.254 5.289 0.113 -10.036902547138604 6.621 2.6868123938692245 0.0 0.0 0.465 0.0
0.09 9.186756 2644.0 -3.254123930661864 5.289 0.113 -10.034514959477713 6.621 2.6869123930661862 0.0 0.0 0.465 0.0
0.09 9.195617 2644.0 -3.255 5.289 0.113 -10.032202825637492 6.621 2.687 0.0 0.0 0.465 0.0
0.09 9.204302 2644.0 -3.255 5.289 0.113 -10.029877082601054 6.621 2.6870123842999414 0.0 0.0 0.465 0.0
0.09 9.212816 2644.0 -3.255 5.289 0.113 -10.02800283255647 6.621 2.6871 0.0 0.0 0.465 0.0
0.09 9.221166 2643.8759132976134 -3.255 5.289 0.113 -10.025676643935704 6.621 2.6871124086702385 0.0 0.0 0.465 0.0
0.09 9.229357 2643.0 -3.255 5.289 0.113 -10.02387712158809 6.621 2.6872 0.0 0.0 0.465 0.0
0.09 9.237398 2643.0 -3.255 5.289 0.113 -10.022077303171995 6.621 2.6872 0.0 0.0 0.465 0.0
0.09 9.245293 2643.0 -3.255 5.289 0.113 -10.020265036674816 6.621 2.6872123664907988 0.0 0.0 0.465 0.0
0.09 9.253047 2643.0 -3.255 5.289 0.113 -10.018377358490564 6.621 2.6873 0.0 0.0 0.465 0.0
0.09 9.260665 2643.0 -3.255 5.289 0.113 -10.016576859504132 6.621 2.6873 0.0 0.0 0.465 0.0
0.09 9.26815 2643.0 -3.255 5.289 0.113 -10.014777196312364 6.621 2.6873 0.0 0.0 0.465 0.0
0.09 9.275509 2643.0 -3.255 5.289 0.113 -10.013039382239382 6.621 2.6873 0.0 0.0 0.465 0.0
0.09 9.282747 2643.0 -3.255 5.289 0.113 -10.011677428851815 6.621 2.6873 0.0 0.0 0.465 0.0
0.09 9.289865 2643.0 -3.255 5.289 0.113 -10.009877597263788 6.621 2.6873 0.0 0.0 0.465 0.0
0.09 9.296869 2643.0 -3.255 5.289 0.113 -10.008139194669758 6.621 2.6873 0.0 0.0 0.465 0.0
0.09 9.30376 2643.0 -3.255 5.289 0.113 -10.0067773168579 6.621 2.6873 0.0 0.0 0.465 0.0
0.09 9.310545 2643.0 -3.255 5.289 0.113 -10.00503919928294 6.621 2.6873 0.0 0.0 0.465 0.0
0.09 9.317225 2643.0 -3.255 5.289 0.113 -10.003690047033833 6.621 2.6873 0.0 0.0 0.465 0.0
0.09 9.323805 2643.0 -3.255 5.289 0.113 -10.002039251616877 6.621 2.68731236526024 0.0 0.0 0.465 0.0
0.09 9.330286 2643.0 -3.255 5.289 0.113 -10.000788819390149 6.621 2.6874 0.0 0.0 0.465 0.0
0.09 9.33667 2643.0 -3.255 5.289 0.113 -10.0 6.621 2.6874 0.0 0.0 0.465 0.0
0.09 9.342963 2643.0 -3.255 5.289 0.113 -9.999469246861924 6.621 2.6874 0.0 0.0 0.465 0.0
0.09 9.349167 2643.0 -3.255 5.289 0.113 -9.9957 6.621 2.6874 0.0 0.0 0.465 0.0
0.09 9.355283 2643.0 -3.255 5.289 0.113 -9.99516899519947 6.621 2.6874 0.0 0.0 0.465 0.0
0.09 9.361314 2643.0 -3.255 5.289 0.113 -9.9914 6.621 2.6874 0.0 0.0 0.465 0.0
0.09 9.367263 2643.0 -3.255 5.289 0.113 -9.9914 6.621 2.687387614834978 0.0 0.0 0.465 0.0
0.09 9.373129 2643.0 -3.255 5.289 0.113 -9.9914 6.621 2.6873 0.0 0.0 0.465 0.0
0.09 9.378919 2643.1233618731435 -3.255 5.289 0.113 -9.990881880132799 6.621 2.6873 0.0 0.0 0.465 0.0
0.09 9.384633 2644.0 -3.255 5.289 0.113 -9.9872 6.621 2.6873 0.0 0.0 0.465 0.0
0.09 9.390273 2644.0 -3.255 5.289 0.113 -9.9872 6.621 2.6873 0.0 0.0 0.465 0.0
0.09 9.39584 2644.0 -3.255 5.289 0.113 -9.986680435967303 6.621 2.6873 0.0 0.0 0.465 0.0
0.09 9.401335 2644.0 -3.255 5.289 0.113 -9.983 6.621 2.6873 0.0 0.0 0.465 0.0
0.09 9.406763 2644.0 -3.255 5.289 0.113 -9.983 6.621 2.6873 0.0 0.0 0.465 0.0
0.09 9.412124 2644.0 -3.255 5.289 0.113 -9.982482126696832 6.621 2.6873 0.0 0.0 0.465 0.0
0.09 9.41742 2644.0 -3.255 5.289 0.113 -9.9788 6.621 2.6873 0.0 0.0 0.465 0.0
0.09 9.422652 2644.0 -3.255 5.289 0.113 -9.978545443062572 6.621 2.6873 0.0 0.0 0.465 0.0
0.09 9.42782 2644.0 -3.255 5.289 0.113 -9.97648667897396 6.621 2.6873 0.0 0.0 0.465 0.0
0.09 9.432929 2644.0 -3.255 5.289 0.113 -9.9747 6.621 2.6873 0.0 0.0 0.465 0.0
0.09 9.437979 2644.0 -3.255 5.289 0.113 -9.9747 6.621 2.6873 0.0 0.0 0.465 0.0
0.09 9.44297 2644.0 -3.255 5.289 0.113 -9.97444588845919 6.621 2.6873 0.0 0.0 0.465 0.0
0.09 9.447905 2644.0 -3.255 5.289 0.113 -9.972386708731936 6.621 2.6873 0.0 0.0 0.465 0.0
0.09 9.452783 2644.0 -3.255 5.289 0.113 -9.9706 6.621062018730489 2.6873 0.0 0.0 0.465 0.0
0.09 9.46238 2644.0 -3.255 5.289 0.113 -9.970351967666454 6.622 2.6873 0.0 0.0 0.465 0.0
0.09 9.47177 2644.0 -3.255 5.289 0.113 -9.966351793088458 6.622 2.6873 0.0 0.0 0.465 0.0
0.09 9.480959 2644.0 -3.255 5.289 0.113 -9.9626 6.622 2.6873 0.0 0.0 0.465 0.0
0.09 9.48996 2644.0 -3.255 5.289 0.113 -9.962433927893738 6.622 2.6873 0.0 0.0 0.465 0.0
0.09 9.503119 2644.0 -3.255 5.289 0.113 -9.958358298319329 6.622 2.6873 0.0 0.0 0.465 0.0
0.09 9.511676 2644.0 -3.255 5.289 0.113 -9.9547 6.622 2.6873 0.0 0.0 0.465 0.0
0.09 9.520068 2644.0 -3.255 5.289 0.113 -9.954537737688932 6.622 2.687295839427921 0.0 0.0 0.465 0.0
0.09 9.532358 2644.0 -3.255 5.289 0.113 -9.95055862241078 6.622 2.6872 0.0 0.0 0.465 0.0
0.09 9.540363 2644.0 -3.255 5.289 0.113 -9.9469 6.622 2.6872 0.0 0.0 0.465 0.0
0.09 9.5521 2644.0 -3.2549381201044385 5.289 0.113 -9.946664856396866 6.622 2.6872 0.0 0.0 0.465 0.0
0.09 9.559752 2644.0 -3.254 5.289 0.113 -9.942942497554034 6.622 2.6872 0.0 0.0 0.465 0.0
0.09 9.570983 2644.0 -3.254 5.289 0.113 -9.939142576877451 6.622 2.6872 0.0 0.0 0.465 0.0
0.09 9.581931 2644.0 -3.254 5.289 0.113 -9.9355 6.622 2.6872 0.0 0.0 0.465 0.0
0.09 9.589079 2644.0 -3.254 5.289 0.113 -9.9355 6.622 2.6872 0.0 0.0 0.465 0.0
0.09 9.599586 2644.0 -3.254 5.289 0.113 -9.931646508910314 6.622 2.6872 0.0 0.0 0.465 0.0
0.09 9.609844 2644.0 -3.254 5.289 0.113 -9.927951061708704 6.622 2.6872 0.0 0.0 0.465 0.0
0.09 9.619865 2644.0 -3.254 5.289 0.113 -9.9245 6.622 2.6871958694543596 0.0 0.0 0.465 0.0
0.09 9.629661 2644.0 -3.254 5.289 0.113 -9.924384965062417 6.622 2.6871 0.0 0.0 0.465 0.0
0.09 9.63924 2644.0 -3.254 5.289 0.113 -9.921602339640417 6.622 2.6871 0.0 0.0 0.465 0.0
0.09 9.651694 2644.0 -3.254 5.289 0.113 -9.917050773111086 6.622 2.6871 0.0 0.0 0.465 0.0
0.09 9.660804 2644.0 -3.254 5.289 0.113 -9.913455375139979 6.622 2.6871 0.0 0.0 0.465 0.0
0.09 9.669727 2644.0 -3.254 5.289 0.113 -9.909991048241466 6.622 2.6871 0.0 0.0 0.465 0.0
0.09 9.681347 2644.0 -3.254 5.289 0.113 -9.9066 6.622 2.6871 0.0 0.0 0.465 0.0
0.09 9.689862 2644.0 -3.254 5.289 0.113 -9.906491294562477 6.622 2.6871 0.0 0.0 0.465 0.0
0.09 9.700961 2644.0 -3.254 5.289 0.113 -9.90299142276798 6.622 2.687096897793371 0.0 0.0 0.465 0.0
0.09 9.709105 2644.0 -3.254 5.289 0.113 -9.90035971747761 6.622 2.687021706213646 0.0 0.0 0.465 0.0
0.09 9.719729 2644.0 -3.254 5.289 0.113 -9.896094507612258 6.622 2.687 0.0 0.0 0.465 0.0
0.09 9.7301 2644.0 -3.254 5.289 0.113 -9.892694337016573 6.622 2.687 0.0 0.0 0.465 0.0
0.09 9.740228 2644.030991318393 -3.254 5.289 0.113 -9.889297728649304 6.622 2.687 0.0 0.0 0.465 0.0
0.09 9.750127 2645.0 -3.254 5.289 0.113 -9.885994671623296 6.622 2.687 0.0 0.0 0.465 0.0
0.09 9.759805 2645.0 -3.254 5.289 0.113 -9.88259757179054 6.622 2.687 0.0 0.0 0.465 0.0
0.09 9.769271 2645.0 -3.254 5.289 0.113 -9.8793177712407 6.622 2.686997508219415 0.0 0.0 0.465 0.0
0.09 9.780821 2645.0 -3.254 5.289 0.113 -9.8761 6.622 2.6869 0.0 0.0 0.465 0.0
0.09 9.789845 2645.0 -3.254 5.289 0.113 -9.87594100099737 6.622 2.6869 0.0 0.0 0.465 0.0
0.09 9.800868 2645.0 -3.254 5.289 0.113 -9.8697 6.622 2.6869 0.0 0.0 0.465 0.0
0.09 9.809489 2645.0 -3.254 5.289 0.113 -9.869541016402769 6.622 2.6869 0.0 0.0 0.465 0.0
0.09 9.82003 2645.0 -3.254 5.289 0.113 -9.863220442847432 6.622 2.6869 0.0 0.0 0.465 0.0
0.09 9.830321 2645.0 -3.254 5.289 0.113 -9.860022954568048 6.622 2.6868975146634857 0.0 0.0 0.465 0.0
0.09 9.840374 2645.0 -3.253975180551317 5.289 0.113 -9.856923059709082 6.622 2.6868 0.0 0.0 0.465 0.0
0.09 9.850199 2645.0 -3.253 5.289 0.113 -9.853823249765941 6.622 2.6868 0.0 0.0 0.465 0.0
0.09 9.859808 2645.0 -3.253 5.289 0.113 -9.850722870813398 6.622 2.6868 0.0 0.0 0.465 0.0
0.09 9.869208 2645.0 -3.253 5.289 0.113 -9.84763768142235 6.622 2.6868 0.0 0.0 0.465 0.0
0.09 9.880226 2645.0 -3.253 5.289 0.113 -9.844622992090898 6.622 2.6867975158739 0.0 0.0 0.465 0.0
0.09 9.889199 2645.0 -3.253 5.289 0.113 -9.841537630529713 6.622 2.6867 0.0 0.0 0.465 0.0
0.09 9.899727 2645.0 -3.253 5.289 0.113 -9.838537864644106 6.622 2.6867 0.0 0.0 0.465 0.0
0.09 9.910006 2645.0 -3.253 5.289 0.113 -9.835539956201472 6.622 2.6867 0.0 0.0 0.465 0.0
0.09 9.920047 2645.0 -3.253 5.289 0.113 -9.832637977390773 6.622 2.6867 0.0 0.0 0.465 0.0
0.09 9.929862 2645.0207248489896 -3.253 5.289 0.113 -9.82957979587586 6.622 2.6866979275151013 0.0 0.0 0.465 0.0
0.09 9.939459 2646.0 -3.253 5.289 0.113 -9.823848578740519 6.622 2.6866 0.0 0.0 0.465 0.0
0.09 9.950395 2646.0 -3.253 5.289 0.113 -9.820942239685658 6.622 2.6866 0.0 0.0 0.465 0.0
0.09 9.959554 2646.0 -3.253 5.289 0.113 -9.818148392652123 6.622 2.6866 0.0 0.0 0.465 0.0
0.09 9.970001 2646.0 -3.253 5.289 0.113 -9.815200685871057 6.622 2.6865982265334116 0.0 0.0 0.465 0.0
0.09 9.980203 2646.0 -3.253 5.289 0.113 -9.809650295857988 6.622 2.6865 0.0 0.0 0.465 0.0
0.09 9.99017 2646.0 -3.253 5.288982252769799 0.113 -9.806800615510875 6.622 2.6865 0.0 0.0 0.465 0.0
nan nan nan nan nan nan nan nan nan nan nan nan nan
