# M_Ms    log_t_yr  Teff     L_Ls    g   R_Rs Log_Li_Li0 logTc  logROc   Mrad     Rrad       k2conv      k2rad
 0.110     5.709729     2945.  -1.075  3.384  1.115   0.0000   5.914  -0.1628  0.0000   0.000E+00  4.430E-01  0.000E+00
 0.110     5.739124     2946.  -1.076  3.386  1.113   0.0000   5.915  -0.1604  0.0000   0.000E+00  4.430E-01  0.000E+00
 0.110     5.765960     2946.  -1.078  3.388  1.111   0.0000   5.915  -0.1580  0.0000   0.000E+00  4.431E-01  0.000E+00
 0.110     5.790594     2947.  -1.079  3.389  1.109   0.0000   5.916  -0.1557  0.0000   0.000E+00  4.431E-01  0.000E+00
 0.110     5.813315     2947.  -1.081  3.391  1.106   0.0000   5.917  -0.1533  0.0000   0.000E+00  4.432E-01  0.000E+00
 0.110     5.834360     2948.  -1.082  3.393  1.104   0.0000   5.917  -0.1509  0.0000   0.000E+00  4.432E-01  0.000E+00
 0.110     5.853923     2949.  -1.083  3.395  1.102   0.0000   5.918  -0.1486  0.0000   0.000E+00  4.433E-01  0.000E+00
 0.110     5.872169     2949.  -1.085  3.396  1.100   0.0000   5.919  -0.1462  0.0000   0.000E+00  4.434E-01  0.000E+00
 0.110     5.889237     2950.  -1.086  3.398  1.098   0.0000   5.920  -0.1439  0.0000   0.000E+00  4.434E-01  0.000E+00
 0.110     5.905245     2950.  -1.088  3.400  1.096   0.0000   5.920  -0.1415  0.0000   0.000E+00  4.435E-01  0.000E+00
 0.110     5.920294     2951.  -1.089  3.401  1.093   0.0000   5.921  -0.1392  0.0000   0.000E+00  4.435E-01  0.000E+00
 0.110     5.934473     2951.  -1.090  3.403  1.091   0.0000   5.922  -0.1368  0.0000   0.000E+00  4.436E-01  0.000E+00
 0.110     5.947859     2952.  -1.092  3.405  1.089   0.0000   5.922  -0.1345  0.0000   0.000E+00  4.436E-01  0.000E+00
 0.110     5.960519     2952.  -1.093  3.406  1.087   0.0000   5.923  -0.1322  0.0000   0.000E+00  4.437E-01  0.000E+00
 0.110     5.972512     2953.  -1.094  3.408  1.085   0.0000   5.924  -0.1299  0.0000   0.000E+00  4.438E-01  0.000E+00
 0.110     5.983892     2954.  -1.096  3.410  1.083   0.0000   5.925  -0.1276  0.0000   0.000E+00  4.438E-01  0.000E+00
 0.110     5.994705     2954.  -1.097  3.411  1.081   0.0000   5.925  -0.1252  0.0000   0.000E+00  4.439E-01  0.000E+00
 0.110     6.004992     2955.  -1.098  3.413  1.079   0.0000   5.926  -0.1229  0.0000   0.000E+00  4.439E-01  0.000E+00
 0.110     6.014793     2955.  -1.100  3.415  1.077   0.0000   5.927  -0.1207  0.0000   0.000E+00  4.440E-01  0.000E+00
 0.110     6.024141     2956.  -1.101  3.416  1.075   0.0000   5.927  -0.1184  0.0000   0.000E+00  4.441E-01  0.000E+00
 0.110     6.033066     2956.  -1.102  3.418  1.073   0.0000   5.928  -0.1161  0.0000   0.000E+00  4.441E-01  0.000E+00
 0.110     6.041598     2957.  -1.104  3.420  1.071   0.0000   5.929  -0.1138  0.0000   0.000E+00  4.442E-01  0.000E+00
 0.110     6.049757     2958.  -1.105  3.421  1.069   0.0000   5.929  -0.1115  0.0000   0.000E+00  4.442E-01  0.000E+00
 0.110     6.057575     2958.  -1.106  3.423  1.067   0.0000   5.930  -0.1093  0.0000   0.000E+00  4.443E-01  0.000E+00
 0.110     6.065064     2959.  -1.107  3.425  1.065   0.0000   5.931  -0.1070  0.0000   0.000E+00  4.443E-01  0.000E+00
 0.110     6.072250     2959.  -1.109  3.426  1.063   0.0000   5.931  -0.1048  0.0000   0.000E+00  4.444E-01  0.000E+00
 0.110     6.079145     2960.  -1.110  3.428  1.061   0.0000   5.932  -0.1026  0.0000   0.000E+00  4.444E-01  0.000E+00
 0.110     6.085772     2961.  -1.111  3.429  1.059   0.0000   5.933  -0.1003  0.0000   0.000E+00  4.445E-01  0.000E+00
 0.110     6.092141     2961.  -1.112  3.431  1.057   0.0000   5.933  -0.0981  0.0000   0.000E+00  4.446E-01  0.000E+00
 0.110     6.098270     2962.  -1.114  3.433  1.055   0.0000   5.934  -0.0959  0.0000   0.000E+00  4.446E-01  0.000E+00
 0.110     6.104169     2962.  -1.115  3.434  1.053   0.0000   5.935  -0.0937  0.0000   0.000E+00  4.447E-01  0.000E+00
 0.110     6.109852     2963.  -1.116  3.436  1.051   0.0000   5.935  -0.0915  0.0000   0.000E+00  4.447E-01  0.000E+00
 0.110     6.115331     2964.  -1.117  3.437  1.049   0.0000   5.936  -0.0894  0.0000   0.000E+00  4.448E-01  0.000E+00
 0.110     6.120610     2964.  -1.119  3.439  1.047   0.0000   5.937  -0.0872  0.0000   0.000E+00  4.448E-01  0.000E+00
 0.110     6.125709     2965.  -1.120  3.440  1.045   0.0000   5.937  -0.0850  0.0000   0.000E+00  4.449E-01  0.000E+00
 0.110     6.130626     2965.  -1.121  3.442  1.044   0.0000   5.938  -0.0829  0.0000   0.000E+00  4.449E-01  0.000E+00
 0.110     6.135381     2966.  -1.122  3.443  1.042   0.0000   5.939  -0.0808  0.0000   0.000E+00  4.450E-01  0.000E+00
 0.110     6.139973     2967.  -1.123  3.445  1.040   0.0000   5.939  -0.0786  0.0000   0.000E+00  4.450E-01  0.000E+00
 0.110     6.144412     2967.  -1.124  3.447  1.038   0.0000   5.940  -0.0765  0.0000   0.000E+00  4.451E-01  0.000E+00
 0.110     6.148711     2968.  -1.126  3.448  1.036   0.0000   5.941  -0.0744  0.0000   0.000E+00  4.451E-01  0.000E+00
 0.110     6.152866     2969.  -1.127  3.450  1.034   0.0000   5.941  -0.0723  0.0000   0.000E+00  4.452E-01  0.000E+00
 0.110     6.156891     2969.  -1.128  3.451  1.033   0.0000   5.942  -0.0703  0.0000   0.000E+00  4.452E-01  0.000E+00
 0.110     6.160790     2970.  -1.129  3.453  1.031   0.0000   5.942  -0.0682  0.0000   0.000E+00  4.453E-01  0.000E+00
 0.110     6.164567     2970.  -1.130  3.454  1.029   0.0000   5.943  -0.0661  0.0000   0.000E+00  4.453E-01  0.000E+00
 0.110     6.168226     2971.  -1.131  3.455  1.027   0.0000   5.944  -0.0641  0.0000   0.000E+00  4.454E-01  0.000E+00
 0.110     6.171779     2972.  -1.132  3.457  1.026   0.0000   5.944  -0.0621  0.0000   0.000E+00  4.454E-01  0.000E+00
 0.110     6.175222     2972.  -1.133  3.458  1.024   0.0000   5.945  -0.0601  0.0000   0.000E+00  4.455E-01  0.000E+00
 0.110     6.178565     2973.  -1.134  3.460  1.022   0.0000   5.946  -0.0581  0.0000   0.000E+00  4.455E-01  0.000E+00
 0.110     6.181812     2974.  -1.135  3.461  1.021   0.0000   5.946  -0.0561  0.0000   0.000E+00  4.456E-01  0.000E+00
 0.110     6.184964     2974.  -1.137  3.463  1.019   0.0000   5.947  -0.0541  0.0000   0.000E+00  4.456E-01  0.000E+00
 0.110     6.191001     2975.  -1.139  3.466  1.016   0.0000   5.948  -0.0502  0.0000   0.000E+00  4.457E-01  0.000E+00
 0.110     6.199445     2977.  -1.142  3.470  1.011   0.0000   5.950  -0.0444  0.0000   0.000E+00  4.458E-01  0.000E+00
 0.110     6.209687     2980.  -1.146  3.475  1.004   0.0000   5.952  -0.0369  0.0000   0.000E+00  4.460E-01  0.000E+00
 0.110     6.221078     2983.  -1.150  3.482  0.997   0.0000   5.955  -0.0278  0.0000   0.000E+00  4.462E-01  0.000E+00
 0.110     6.229226     2986.  -1.154  3.487  0.991   0.0000   5.957  -0.0207  0.0000   0.000E+00  4.464E-01  0.000E+00
 0.110     6.240100     2989.  -1.159  3.494  0.983   0.0000   5.960  -0.0106  0.0000   0.000E+00  4.466E-01  0.000E+00
 0.110     6.249619     2992.  -1.164  3.501  0.975   0.0000   5.963  -0.0009  0.0000   0.000E+00  4.469E-01  0.000E+00
 0.110     6.259326     2993.  -1.172  3.509  0.966   0.0000   5.967   0.0097  0.0000   0.000E+00  4.471E-01  0.000E+00
 0.110     6.270040     2993.  -1.181  3.518  0.956   0.0000   5.971   0.0224  0.0000   0.000E+00  4.474E-01  0.000E+00
 0.110     6.279190     2994.  -1.189  3.526  0.947   0.0000   5.974   0.0341  0.0000   0.000E+00  4.477E-01  0.000E+00
 0.110     6.289529     2994.  -1.198  3.536  0.936   0.0000   5.979   0.0483  0.0000   0.000E+00  4.480E-01  0.000E+00
 0.110     6.299577     2995.  -1.209  3.547  0.925   0.0000   5.983   0.0630  0.0000   0.000E+00  4.483E-01  0.000E+00
 0.110     6.309125     2996.  -1.219  3.558  0.913   0.0000   5.988   0.0778  0.0000   0.000E+00  4.486E-01  0.000E+00
 0.110     6.318987     2997.  -1.229  3.569  0.902   0.0000   5.993   0.0937  0.0000   0.000E+00  4.490E-01  0.000E+00
 0.110     6.329070     2998.  -1.241  3.581  0.889   0.0000   5.998   0.1104  0.0000   0.000E+00  4.494E-01  0.000E+00
 0.110     6.339851     3000.  -1.253  3.594  0.876   0.0000   6.004   0.1284  0.0000   0.000E+00  4.497E-01  0.000E+00
 0.110     6.352358     3001.  -1.266  3.608  0.862   0.0000   6.011   0.1491  0.0000   0.000E+00  4.501E-01  0.000E+00
 0.110     6.360582     3002.  -1.276  3.618  0.852   0.0000   6.015   0.1626  0.0000   0.000E+00  4.504E-01  0.000E+00
 0.110     6.373081     3003.  -1.289  3.632  0.838   0.0000   6.021   0.1827  0.0000   0.000E+00  4.508E-01  0.000E+00
 0.110     6.381518     3004.  -1.298  3.642  0.829   0.0000   6.026   0.1962  0.0000   0.000E+00  4.511E-01  0.000E+00
 0.110     6.390034     3005.  -1.307  3.651  0.820   0.0000   6.030   0.2096  0.0000   0.000E+00  4.513E-01  0.000E+00
 0.110     6.402961     3007.  -1.320  3.665  0.807   0.0000   6.036   0.2299  0.0000   0.000E+00  4.517E-01  0.000E+00
 0.110     6.411680     3008.  -1.329  3.675  0.798   0.0000   6.040   0.2434  0.0000   0.000E+00  4.520E-01  0.000E+00
 0.110     6.420479     3009.  -1.338  3.684  0.789   0.0000   6.045   0.2569  0.0000   0.000E+00  4.522E-01  0.000E+00
 0.110     6.429355     3010.  -1.347  3.694  0.781   0.0000   6.049   0.2704  0.0000   0.000E+00  4.525E-01  0.000E+00
 0.110     6.442814     3012.  -1.360  3.708  0.768   0.0000   6.055   0.2906  0.0000   0.000E+00  4.529E-01  0.000E+00
 0.110     6.451879     3013.  -1.369  3.717  0.760   0.0000   6.060   0.3041  0.0000   0.000E+00  4.531E-01  0.000E+00
 0.110     6.461017     3014.  -1.378  3.727  0.752   0.0000   6.064   0.3177  0.0000   0.000E+00  4.533E-01  0.000E+00
 0.110     6.470224     3015.  -1.386  3.736  0.744   0.0000   6.068   0.3312  0.0000   0.000E+00  4.536E-01  0.000E+00
 0.110     6.479503     3016.  -1.395  3.746  0.736   0.0000   6.073   0.3447  0.0000   0.000E+00  4.538E-01  0.000E+00
 0.110     6.493554     3018.  -1.408  3.760  0.724   0.0000   6.079   0.3649  0.0000   0.000E+00  4.542E-01  0.000E+00
 0.110     6.503007     3020.  -1.417  3.769  0.716   0.0000   6.083   0.3784  0.0000   0.000E+00  4.544E-01  0.000E+00
 0.110     6.512530     3021.  -1.425  3.779  0.708   0.0000   6.088   0.3919  0.0000   0.000E+00  4.546E-01  0.000E+00
 0.110     6.522122     3022.  -1.434  3.788  0.701   0.0000   6.092   0.4055  0.0000   0.000E+00  4.549E-01  0.000E+00
 0.110     6.531782     3024.  -1.443  3.797  0.693   0.0000   6.096   0.4190  0.0000   0.000E+00  4.551E-01  0.000E+00
 0.110     6.541511     3025.  -1.451  3.807  0.686   0.0000   6.101   0.4325  0.0000   0.000E+00  4.553E-01  0.000E+00
 0.110     6.551307     3026.  -1.460  3.816  0.678   0.0000   6.105   0.4461  0.0000   0.000E+00  4.555E-01  0.000E+00
 0.110     6.561171     3028.  -1.468  3.825  0.671   0.0000   6.109   0.4597  0.0000   0.000E+00  4.557E-01  0.000E+00
 0.110     6.571102     3029.  -1.477  3.835  0.664   0.0000   6.114   0.4732  0.0000   0.000E+00  4.560E-01  0.000E+00
 0.110     6.581100     3031.  -1.485  3.844  0.657   0.0000   6.118   0.4868  0.0000   0.000E+00  4.561E-01  0.000E+00
 0.110     6.591165     3032.  -1.494  3.854  0.650   0.0000   6.122   0.5004  0.0000   0.000E+00  4.563E-01  0.000E+00
 0.110     6.601293     3034.  -1.502  3.863  0.643   0.0000   6.126   0.5140  0.0000   0.000E+00  4.565E-01  0.000E+00
 0.110     6.611486     3035.  -1.511  3.872  0.636   0.0000   6.131   0.5276  0.0000   0.000E+00  4.567E-01  0.000E+00
 0.110     6.621741     3037.  -1.519  3.882  0.629   0.0000   6.135   0.5412  0.0000   0.000E+00  4.569E-01  0.000E+00
 0.110     6.632054     3039.  -1.527  3.891  0.622   0.0000   6.139   0.5549  0.0000   0.000E+00  4.571E-01  0.000E+00
 0.110     6.642424     3041.  -1.536  3.900  0.616   0.0000   6.144   0.5685  0.0000   0.000E+00  4.572E-01  0.000E+00
 0.110     6.652848     3042.  -1.544  3.910  0.609   0.0000   6.148   0.5822  0.0000   0.000E+00  4.574E-01  0.000E+00
 0.110     6.663321     3044.  -1.552  3.919  0.603   0.0000   6.152   0.5958  0.0000   0.000E+00  4.576E-01  0.000E+00
 0.110     6.673842     3046.  -1.560  3.928  0.596   0.0000   6.157   0.6095  0.0000   0.000E+00  4.577E-01  0.000E+00
 0.110     6.679119     3047.  -1.565  3.933  0.593   0.0000   6.159   0.6163  0.0000   0.000E+00  4.578E-01  0.000E+00
 0.110     6.689705     3049.  -1.573  3.942  0.587   0.0000   6.163   0.6299  0.0000   0.000E+00  4.580E-01  0.000E+00
 0.110     6.700328     3052.  -1.581  3.952  0.580   0.0000   6.167   0.6435  0.0000   0.000E+00  4.582E-01  0.000E+00
 0.110     6.710987     3054.  -1.589  3.961  0.574   0.0000   6.172   0.6571  0.0000   0.000E+00  4.583E-01  0.000E+00
 0.110     6.721679     3056.  -1.597  3.970  0.568   0.0000   6.176   0.6707  0.0000   0.000E+00  4.585E-01  0.000E+00
 0.110     6.732399     3059.  -1.605  3.980  0.562   0.0000   6.180   0.6843  0.0000   0.000E+00  4.586E-01  0.000E+00
 0.110     6.743144     3061.  -1.613  3.989  0.556   0.0000   6.185   0.6979  0.0000   0.000E+00  4.588E-01  0.000E+00
 0.110     6.753911     3064.  -1.620  3.998  0.550   0.0000   6.189   0.7114  0.0000   0.000E+00  4.589E-01  0.000E+00
 0.110     6.759303     3064.  -1.625  4.003  0.547   0.0000   6.191   0.7182  0.0000   0.000E+00  4.590E-01  0.000E+00
 0.110     6.770115     3065.  -1.634  4.012  0.541   0.0000   6.195   0.7317  0.0000   0.000E+00  4.591E-01  0.000E+00
 0.110     6.780979     3065.  -1.643  4.021  0.536   0.0000   6.199   0.7452  0.0000   0.000E+00  4.593E-01  0.000E+00
 0.110     6.791899     3065.  -1.652  4.030  0.530   0.0000   6.204   0.7586  0.0000   0.000E+00  4.595E-01  0.000E+00
 0.110     6.802869     3065.  -1.661  4.040  0.524   0.0000   6.208   0.7721  0.0000   0.000E+00  4.596E-01  0.000E+00
 0.110     6.813892     3065.  -1.670  4.049  0.519   0.0000   6.212   0.7856  0.0000   0.000E+00  4.597E-01  0.000E+00
 0.110     6.819424     3066.  -1.675  4.053  0.516   0.0000   6.214   0.7923  0.0000   0.000E+00  4.598E-01  0.000E+00
 0.110     6.830526     3066.  -1.684  4.063  0.511   0.0000   6.218   0.8058  0.0000   0.000E+00  4.600E-01  0.000E+00
 0.110     6.841684     3066.  -1.693  4.072  0.505   0.0000   6.223   0.8193  0.0000   0.000E+00  4.601E-01  0.000E+00
 0.110     6.852898     3067.  -1.702  4.081  0.500   0.0000   6.227   0.8328  0.0000   0.000E+00  4.602E-01  0.000E+00
 0.110     6.864169     3067.  -1.711  4.090  0.495   0.0000   6.231   0.8463  0.0000   0.000E+00  4.604E-01  0.000E+00
 0.110     6.869825     3067.  -1.715  4.095  0.492   0.0000   6.233   0.8530  0.0000   0.000E+00  4.605E-01  0.000E+00
 0.110     6.881181     3068.  -1.724  4.104  0.487   0.0000   6.237   0.8665  0.0000   0.000E+00  4.606E-01  0.000E+00
 0.110     6.892601     3068.  -1.733  4.113  0.482   0.0000   6.242   0.8801  0.0000   0.000E+00  4.607E-01  0.000E+00
 0.110     6.904078     3069.  -1.742  4.122  0.477   0.0000   6.246   0.8937  0.0000   0.000E+00  4.608E-01  0.000E+00
 0.110     6.909839     3069.  -1.746  4.127  0.474   0.0000   6.248   0.9005  0.0000   0.000E+00  4.609E-01  0.000E+00
 0.110     6.921409     3070.  -1.755  4.136  0.469   0.0000   6.252   0.9141  0.0000   0.000E+00  4.610E-01  0.000E+00
 0.110     6.933039     3070.  -1.764  4.146  0.464   0.0000   6.256   0.9277  0.0000   0.000E+00  4.611E-01  0.000E+00
 0.110     6.944728     3071.  -1.773  4.155  0.459   0.0000   6.261   0.9414  0.0000   0.000E+00  4.612E-01  0.000E+00
 0.110     6.950596     3072.  -1.777  4.159  0.457   0.0000   6.263   0.9482  0.0000   0.000E+00  4.613E-01  0.000E+00
 0.110     6.962372     3072.  -1.786  4.169  0.452   0.0000   6.267   0.9620  0.0000   0.000E+00  4.614E-01  0.000E+00
 0.110     6.974206     3073.  -1.795  4.178  0.447   0.0000   6.271   0.9757  0.0000   0.000E+00  4.615E-01  0.000E+00
 0.110     6.980143     3074.  -1.799  4.183  0.445   0.0000   6.273   0.9826  0.0000   0.000E+00  4.615E-01  0.000E+00
 0.110     6.992056     3074.  -1.808  4.192  0.440   0.0000   6.277   0.9964  0.0000   0.000E+00  4.616E-01  0.000E+00
 0.110     7.004020     3075.  -1.817  4.201  0.435   0.0000   6.282   1.0103  0.0000   0.000E+00  4.617E-01  0.000E+00
 0.110     7.010016     3076.  -1.821  4.206  0.433   0.0000   6.284   1.0172  0.0000   0.000E+00  4.618E-01  0.000E+00
 0.110     7.022045     3077.  -1.830  4.215  0.429   0.0000   6.288   1.0310  0.0000   0.000E+00  4.618E-01  0.000E+00
 0.110     7.034111     3078.  -1.839  4.224  0.424   0.0000   6.292   1.0449  0.0000   0.000E+00  4.619E-01  0.000E+00
 0.110     7.040159     3078.  -1.843  4.229  0.422   0.0000   6.295   1.0519  0.0000   0.000E+00  4.620E-01  0.000E+00
 0.110     7.052267     3079.  -1.852  4.238  0.417   0.0000   6.299   1.0658  0.0000   0.000E+00  4.620E-01  0.000E+00
 0.110     7.064402     3080.  -1.861  4.248  0.413   0.0000   6.303   1.0797  0.0000   0.000E+00  4.621E-01  0.000E+00
 0.110     7.070481     3080.  -1.865  4.252  0.411   0.0000   6.305   1.0866  0.0000   0.000E+00  4.622E-01  0.000E+00
 0.110     7.082649     3081.  -1.874  4.261  0.406   0.0000   6.309   1.1005  0.0000   0.000E+00  4.622E-01  0.000E+00
 0.110     7.094838     3081.  -1.883  4.271  0.402   0.0000   6.314   1.1144  0.0000   0.000E+00  4.623E-01  0.000E+00
 0.110     7.100942     3082.  -1.887  4.275  0.400   0.0000   6.316   1.1213  0.0000   0.000E+00  4.623E-01  0.000E+00
 0.110     7.113161     3083.  -1.896  4.285  0.396   0.0000   6.320   1.1352  0.0000   0.000E+00  4.624E-01  0.000E+00
 0.110     7.119279     3083.  -1.901  4.289  0.393   0.0000   6.322   1.1421  0.0000   0.000E+00  4.624E-01  0.000E+00
 0.110     7.131526     3083.  -1.910  4.298  0.389   0.0000   6.327   1.1560  0.0000   0.000E+00  4.625E-01  0.000E+00
 0.110     7.143786     3084.  -1.919  4.308  0.385   0.0000   6.331   1.1699  0.0000   0.000E+00  4.625E-01  0.000E+00
 0.110     7.149921     3084.  -1.923  4.312  0.383   0.0000   6.333   1.1768  0.0000   0.000E+00  4.626E-01  0.000E+00
 0.110     7.162200     3085.  -1.932  4.322  0.379   0.0000   6.337   1.1907  0.0000   0.000E+00  4.626E-01  0.000E+00
 0.110     7.174490     3085.  -1.941  4.331  0.375   0.0000   6.341   1.2045  0.0000   0.000E+00  4.627E-01  0.000E+00
 0.110     7.180642     3086.  -1.945  4.335  0.373   0.0000   6.343   1.2115  0.0000   0.000E+00  4.627E-01  0.000E+00
 0.110     7.192958     3086.  -1.954  4.345  0.369   0.0000   6.348   1.2253  0.0000   0.000E+00  4.628E-01  0.000E+00
 0.110     7.199124     3086.  -1.959  4.349  0.367   0.0000   6.350   1.2322  0.0000   0.000E+00  4.628E-01  0.000E+00
 0.110     7.211468     3087.  -1.968  4.358  0.363   0.0000   6.354   1.2460  0.0000   0.000E+00  4.628E-01  0.000E+00
 0.110     7.223831     3087.  -1.977  4.368  0.359   0.0000   6.358   1.2598  0.0000   0.000E+00  4.629E-01  0.000E+00
 0.110     7.230020     3088.  -1.981  4.372  0.358   0.0000   6.360   1.2666  0.0000   0.000E+00  4.629E-01  0.000E+00
 0.110     7.242422     3088.  -1.990  4.381  0.354   0.0000   6.365   1.2804  0.0000   0.000E+00  4.629E-01  0.000E+00
 0.110     7.254848     3088.  -1.999  4.391  0.350   0.0000   6.369   1.2942  0.0000   0.000E+00  4.630E-01  0.000E+00
 0.110     7.261070     3089.  -2.003  4.395  0.348   0.0000   6.371   1.3011  0.0000   0.000E+00  4.630E-01  0.000E+00
 0.110     7.273531     3089.  -2.012  4.404  0.345   0.0000   6.375   1.3149  0.0000   0.000E+00  4.631E-01  0.000E+00
 0.110     7.279772     3089.  -2.017  4.409  0.343   0.0000   6.377   1.3218  0.0000   0.000E+00  4.631E-01  0.000E+00
 0.110     7.292272     3090.  -2.026  4.418  0.339  -0.0004   6.381   1.3356  0.0000   0.000E+00  4.631E-01  0.000E+00
 0.110     7.304801     3090.  -2.035  4.427  0.336  -0.0004   6.386   1.3494  0.0000   0.000E+00  4.631E-01  0.000E+00
 0.110     7.311078     3090.  -2.039  4.432  0.334  -0.0004   6.388   1.3563  0.0000   0.000E+00  4.631E-01  0.000E+00
 0.110     7.323650     3091.  -2.048  4.441  0.330  -0.0004   6.392   1.3701  0.0000   0.000E+00  4.632E-01  0.000E+00
 0.110     7.329949     3091.  -2.053  4.446  0.329  -0.0004   6.394   1.3770  0.0000   0.000E+00  4.632E-01  0.000E+00
 0.110     7.342569     3091.  -2.061  4.455  0.325  -0.0009   6.398   1.3908  0.0000   0.000E+00  4.632E-01  0.000E+00
 0.110     7.355210     3092.  -2.070  4.464  0.322  -0.0009   6.402   1.4045  0.0000   0.000E+00  4.632E-01  0.000E+00
 0.110     7.361539     3092.  -2.075  4.469  0.320  -0.0009   6.404   1.4114  0.0000   0.000E+00  4.632E-01  0.000E+00
 0.110     7.374217     3093.  -2.084  4.478  0.317  -0.0013   6.408   1.4252  0.0000   0.000E+00  4.632E-01  0.000E+00
 0.110     7.380564     3093.  -2.088  4.482  0.315  -0.0017   6.410   1.4321  0.0000   0.000E+00  4.632E-01  0.000E+00
 0.110     7.393273     3093.  -2.097  4.491  0.312  -0.0022   6.414   1.4458  0.0000   0.000E+00  4.632E-01  0.000E+00
 0.110     7.399637     3094.  -2.102  4.496  0.310  -0.0022   6.417   1.4527  0.0000   0.000E+00  4.633E-01  0.000E+00
 0.110     7.412390     3093.  -2.111  4.505  0.307  -0.0031   6.420   1.4665  0.0000   0.000E+00  4.633E-01  0.000E+00
 0.110     7.425182     3093.  -2.120  4.514  0.304  -0.0039   6.425   1.4802  0.0000   0.000E+00  4.633E-01  0.000E+00
 0.110     7.431595     3092.  -2.125  4.519  0.302  -0.0044   6.427   1.4871  0.0000   0.000E+00  4.633E-01  0.000E+00
 0.110     7.444459     3091.  -2.135  4.528  0.299  -0.0057   6.431   1.5008  0.0000   0.000E+00  4.633E-01  0.000E+00
 0.110     7.450908     3091.  -2.140  4.533  0.297  -0.0066   6.433   1.5077  0.0000   0.000E+00  4.633E-01  0.000E+00
 0.110     7.463835     3090.  -2.149  4.542  0.294  -0.0083   6.437   1.5214  0.0000   0.000E+00  4.633E-01  0.000E+00
 0.110     7.470313     3090.  -2.154  4.546  0.293  -0.0092   6.439   1.5282  0.0000   0.000E+00  4.633E-01  0.000E+00
 0.110     7.483298     3089.  -2.164  4.556  0.289  -0.0119   6.443   1.5419  0.0000   0.000E+00  4.633E-01  0.000E+00
 0.110     7.489802     3089.  -2.168  4.560  0.288  -0.0137   6.445   1.5488  0.0000   0.000E+00  4.633E-01  0.000E+00
 0.110     7.502837     3088.  -2.178  4.569  0.285  -0.0173   6.449   1.5624  0.0000   0.000E+00  4.633E-01  0.000E+00
 0.110     7.509069     3087.  -2.183  4.574  0.284  -0.0195   6.451   1.5690  0.0000   0.000E+00  4.633E-01  0.000E+00
 0.110     7.519673     3087.  -2.190  4.581  0.281  -0.0237   6.454   1.5801  0.0000   0.000E+00  4.634E-01  0.000E+00
 0.110     7.532429     3086.  -2.200  4.590  0.278  -0.0301   6.458   1.5934  0.0000   0.000E+00  4.634E-01  0.000E+00
 0.110     7.539511     3086.  -2.205  4.595  0.277  -0.0343   6.460   1.6008  0.0000   0.000E+00  4.634E-01  0.000E+00
 0.110     7.551394     3085.  -2.214  4.603  0.274  -0.0429   6.463   1.6131  0.0000   0.000E+00  4.634E-01  0.000E+00
 0.110     7.561157     3084.  -2.221  4.610  0.272  -0.0516   6.466   1.6233  0.0000   0.000E+00  4.634E-01  0.000E+00
 0.110     7.569456     3084.  -2.227  4.616  0.270  -0.0600   6.469   1.6319  0.0000   0.000E+00  4.634E-01  0.000E+00
 0.110     7.579969     3083.  -2.235  4.623  0.268  -0.0726   6.472   1.6427  0.0000   0.000E+00  4.634E-01  0.000E+00
 0.110     7.590174     3082.  -2.242  4.630  0.266  -0.0872   6.475   1.6533  0.0000   0.000E+00  4.634E-01  0.000E+00
 0.110     7.599955     3082.  -2.249  4.637  0.264  -0.1046   6.478   1.6633  0.0000   0.000E+00  4.634E-01  0.000E+00
 0.110     7.609268     3081.  -2.256  4.644  0.262  -0.1238   6.480   1.6729  0.0000   0.000E+00  4.634E-01  0.000E+00
 0.110     7.619722     3080.  -2.264  4.651  0.259  -0.1494   6.483   1.6836  0.0000   0.000E+00  4.635E-01  0.000E+00
 0.110     7.629257     3079.  -2.271  4.657  0.258  -0.1772   6.486   1.6934  0.0000   0.000E+00  4.635E-01  0.000E+00
 0.110     7.639188     3079.  -2.278  4.664  0.255  -0.2118   6.489   1.7035  0.0000   0.000E+00  4.635E-01  0.000E+00
 0.110     7.649144     3078.  -2.285  4.671  0.253  -0.2526   6.492   1.7136  0.0000   0.000E+00  4.635E-01  0.000E+00
 0.110     7.659309     3077.  -2.293  4.678  0.251  -0.3028   6.495   1.7240  0.0000   0.000E+00  4.635E-01  0.000E+00
 0.110     7.669031     3076.  -2.300  4.685  0.250  -0.3585   6.497   1.7338  0.0000   0.000E+00  4.635E-01  0.000E+00
 0.110     7.679167     3075.  -2.307  4.691  0.248  -0.4283   6.500   1.7441  0.0000   0.000E+00  4.636E-01  0.000E+00
 0.110     7.689088     3074.  -2.314  4.698  0.246  -0.5086   6.503   1.7541  0.0000   0.000E+00  4.636E-01  0.000E+00
 0.110     7.699096     3073.  -2.322  4.705  0.244  -0.6055   6.506   1.7642  0.0000   0.000E+00  4.636E-01  0.000E+00
 0.110     7.709128     3073.  -2.329  4.712  0.242  -0.7190   6.508   1.7743  0.0000   0.000E+00  4.636E-01  0.000E+00
 0.110     7.718971     3072.  -2.336  4.718  0.240  -0.8508   6.511   1.7842  0.0000   0.000E+00  4.636E-01  0.000E+00
 0.110     7.729021     3071.  -2.344  4.725  0.238  -1.0110   6.514   1.7942  0.0000   0.000E+00  4.636E-01  0.000E+00
 0.110     7.738997     3070.  -2.351  4.732  0.236  -1.1972   6.516   1.8042  0.0000   0.000E+00  4.636E-01  0.000E+00
 0.110     7.749011     3069.  -2.358  4.739  0.234  -1.4179   6.519   1.8142  0.0000   0.000E+00  4.637E-01  0.000E+00
 0.110     7.759012     3068.  -2.365  4.745  0.233  -1.6757   6.522   1.8242  0.0000   0.000E+00  4.637E-01  0.000E+00
 0.110     7.769016     3067.  -2.373  4.752  0.231  -1.9830   6.525   1.8341  0.0000   0.000E+00  4.637E-01  0.000E+00
 0.110     7.779004     3066.  -2.380  4.759  0.229  -2.3382   6.527   1.8440  0.0000   0.000E+00  4.637E-01  0.000E+00
 0.110     7.788992     3065.  -2.387  4.765  0.227  -2.7570   6.530   1.8539  0.0000   0.000E+00  4.637E-01  0.000E+00
 0.110     7.799005     3064.  -2.394  4.772  0.226  -3.2510   6.532   1.8638  0.0000   0.000E+00  4.637E-01  0.000E+00
 0.110     7.808993     3063.  -2.402  4.779  0.224  -3.8268   6.535   1.8737  0.0000   0.000E+00  4.638E-01  0.000E+00
 0.110     7.819464     3062.  -2.409  4.786  0.222  -4.3161   6.538   1.8840  0.0000   0.000E+00  4.638E-01  0.000E+00
 0.110     7.831059     3060.  -2.417  4.793  0.220  -4.5768   6.541   1.8954  0.0000   0.000E+00  4.638E-01  0.000E+00
 0.110     7.839396     3060.  -2.423  4.799  0.219  -4.7122   6.543   1.9035  0.0000   0.000E+00  4.638E-01  0.000E+00
 0.110     7.851127     3058.  -2.432  4.806  0.217  -4.8729   6.546   1.9150  0.0000   0.000E+00  4.638E-01  0.000E+00
 0.110     7.864965     3057.  -2.442  4.815  0.215  -5.0458   6.550   1.9284  0.0000   0.000E+00  4.639E-01  0.000E+00
 0.110     7.871898     3056.  -2.447  4.820  0.214  -5.1355   6.551   1.9352  0.0000   0.000E+00  4.639E-01  0.000E+00
 0.110     7.885786     3054.  -2.457  4.829  0.211  -5.3161   6.555   1.9486  0.0000   0.000E+00  4.639E-01  0.000E+00
 0.110     7.892740     3054.  -2.462  4.834  0.210  -5.4078   6.556   1.9553  0.0000   0.000E+00  4.639E-01  0.000E+00
 0.110     7.899701     3053.  -2.467  4.838  0.209  -5.5031   6.558   1.9621  0.0000   0.000E+00  4.639E-01  0.000E+00
 0.110     7.913646     3051.  -2.477  4.847  0.207  -5.6990   6.562   1.9755  0.0000   0.000E+00  4.639E-01  0.000E+00
 0.110     7.920629     3050.  -2.482  4.852  0.206  -5.8013   6.563   1.9823  0.0000   0.000E+00  4.640E-01  0.000E+00
 0.110     7.934615     3048.  -2.492  4.861  0.204  -6.0155   6.567   1.9957  0.0000   0.000E+00  4.640E-01  0.000E+00
 0.110     7.941617     3047.  -2.497  4.865  0.203  -6.1261   6.569   2.0024  0.0000   0.000E+00  4.640E-01  0.000E+00
 0.110     7.955644     3046.  -2.507  4.874  0.201  -6.3565   6.572   2.0158  0.0000   0.000E+00  4.640E-01  0.000E+00
 0.110     7.962669     3045.  -2.512  4.879  0.200  -6.4750   6.574   2.0226  0.0000   0.000E+00  4.640E-01  0.000E+00
 0.110     7.969701     3044.  -2.517  4.883  0.199  -6.5969   6.575   2.0293  0.0000   0.000E+00  4.640E-01  0.000E+00
 0.110     7.983793     3042.  -2.527  4.892  0.197  -6.8477   6.579   2.0427  0.0000   0.000E+00  4.641E-01  0.000E+00
 0.110     7.990852     3041.  -2.532  4.896  0.196  -6.9788   6.580   2.0494  0.0000   0.000E+00  4.641E-01  0.000E+00
 0.110     8.004996     3038.  -2.542  4.905  0.194  -7.2472   6.584   2.0628  0.0000   0.000E+00  4.641E-01  0.000E+00
 0.110     8.012086     3037.  -2.547  4.910  0.193  -7.3862   6.585   2.0695  0.0000   0.000E+00  4.641E-01  0.000E+00
 0.110     8.019183     3036.  -2.552  4.914  0.192  -7.5272   6.587   2.0763  0.0000   0.000E+00  4.641E-01  0.000E+00
 0.110     8.033420     3034.  -2.563  4.923  0.190  -7.8153   6.590   2.0897  0.0000   0.000E+00  4.641E-01  0.000E+00
 0.110     8.040555     3033.  -2.568  4.928  0.189  -7.9626   6.592   2.0964  0.0000   0.000E+00  4.641E-01  0.000E+00
 0.110     8.054870     3031.  -2.578  4.937  0.187  -8.2652   6.595   2.1098  0.0000   0.000E+00  4.642E-01  0.000E+00
 0.110     8.062048     3029.  -2.583  4.941  0.186  -8.4168   6.597   2.1165  0.0000   0.000E+00  4.642E-01  0.000E+00
 0.110     8.069242     3028.  -2.588  4.946  0.185  -8.5686   6.598   2.1232  0.0000   0.000E+00  4.642E-01  0.000E+00
 0.110     8.083689     3026.  -2.599  4.955  0.183  -8.8601   6.602   2.1366  0.0000   0.000E+00  4.642E-01  0.000E+00
 0.110     8.090942     3024.  -2.604  4.959  0.182  -9.0000   6.603   2.1433  0.0000   0.000E+00  4.642E-01  0.000E+00
 0.110     8.105507     3022.  -2.614  4.968  0.180  -9.2373   6.607   2.1567  0.0000   0.000E+00  4.642E-01  0.000E+00
 0.110     8.112826     3021.  -2.619  4.972  0.179  -9.3372   6.608   2.1634  0.0000   0.000E+00  4.642E-01  0.000E+00
 0.110     8.120166     3019.  -2.624  4.977  0.178  -9.4271   6.610   2.1701  0.0000   0.000E+00  4.642E-01  0.000E+00
 0.110     8.134929     3017.  -2.635  4.986  0.176  -9.5800   6.613   2.1835  0.0000   0.000E+00  4.643E-01  0.000E+00
 0.110     8.142352     3015.  -2.640  4.990  0.176  -9.6459   6.614   2.1902  0.0000   0.000E+00  4.643E-01  0.000E+00
 0.110     8.149804     3014.  -2.645  4.995  0.175  -9.7077   6.616   2.1969  0.0000   0.000E+00  4.643E-01  0.000E+00
 0.110     8.164802     3011.  -2.656  5.003  0.173  -9.8153   6.619   2.2103  0.0000   0.000E+00  4.643E-01  0.000E+00
 0.110     8.172355     3010.  -2.661  5.008  0.172  -9.8665   6.621   2.2171  0.0000   0.000E+00  4.643E-01  0.000E+00
 0.110     8.179945     3008.  -2.666  5.012  0.171  -9.9136   6.622   2.2238  0.0000   0.000E+00  4.643E-01  0.000E+00
 0.110     8.195246     3005.  -2.677  5.021  0.169  -9.9957   6.625   2.2372  0.0000   0.000E+00  4.643E-01  0.000E+00
 0.110     8.202962     3004.  -2.682  5.026  0.169 -10.0353   6.627   2.2440  0.0000   0.000E+00  4.643E-01  0.000E+00
 0.110     8.210725     3002.  -2.688  5.030  0.168 -10.0711   6.629   2.2507  0.0000   0.000E+00  4.643E-01  0.000E+00
 0.110     8.226394     2999.  -2.698  5.039  0.166 -10.1349   6.632   2.2641  0.0000   0.000E+00  4.643E-01  0.000E+00
 0.110     8.234307     2997.  -2.704  5.043  0.165 -10.1630   6.633   2.2709  0.0000   0.000E+00  4.643E-01  0.000E+00
 0.110     8.242278     2996.  -2.709  5.048  0.164 -10.1884   6.635   2.2776  0.0000   0.000E+00  4.643E-01  0.000E+00
 0.110     8.250305     2994.  -2.715  5.052  0.163 -10.2111   6.636   2.2843  0.0000   0.000E+00  4.643E-01  0.000E+00
 0.110     8.266552     2991.  -2.725  5.061  0.162 -10.2503   6.639   2.2978  0.0000   0.000E+00  4.643E-01  0.000E+00
 0.110     8.274774     2989.  -2.731  5.066  0.161 -10.2660   6.641   2.3045  0.0000   0.000E+00  4.643E-01  0.000E+00
 0.110     8.283070     2987.  -2.736  5.070  0.160 -10.2807   6.642   2.3112  0.0000   0.000E+00  4.643E-01  0.000E+00
 0.110     8.291444     2986.  -2.742  5.074  0.159 -10.2924   6.644   2.3179  0.0000   0.000E+00  4.643E-01  0.000E+00
 0.110     8.299902     2984.  -2.747  5.079  0.159 -10.3028   6.645   2.3246  0.0000   0.000E+00  4.643E-01  0.000E+00
 0.110     8.317083     2980.  -2.758  5.088  0.157 -10.3188   6.648   2.3381  0.0000   0.000E+00  4.643E-01  0.000E+00
 0.110     8.325821     2978.  -2.763  5.092  0.156 -10.3242   6.649   2.3448  0.0000   0.000E+00  4.643E-01  0.000E+00
 0.110     8.334667     2977.  -2.769  5.096  0.155 -10.3279   6.651   2.3514  0.0000   0.000E+00  4.643E-01  0.000E+00
 0.110     8.343627     2975.  -2.774  5.101  0.155 -10.3298   6.652   2.3581  0.0000   0.000E+00  4.643E-01  0.000E+00
 0.110     8.352709     2973.  -2.780  5.105  0.154 -10.3307   6.654   2.3648  0.0000   0.000E+00  4.643E-01  0.000E+00
 0.110     8.361922     2971.  -2.785  5.109  0.153 -10.3298   6.655   2.3714  0.0000   0.000E+00  4.643E-01  0.000E+00
 0.110     8.371280     2969.  -2.791  5.114  0.152 -10.3279   6.657   2.3781  0.0000   0.000E+00  4.643E-01  0.000E+00
 0.110     8.380794     2967.  -2.796  5.118  0.151 -10.3242   6.658   2.3847  0.0000   0.000E+00  4.643E-01  0.000E+00
 0.110     8.390478     2965.  -2.802  5.122  0.151 -10.3188   6.660   2.3913  0.0000   0.000E+00  4.642E-01  0.000E+00
 0.110     8.400346     2963.  -2.807  5.127  0.150 -10.3125   6.661   2.3979  0.0000   0.000E+00  4.642E-01  0.000E+00
 0.110     8.410416     2961.  -2.813  5.131  0.149 -10.3036   6.662   2.4045  0.0000   0.000E+00  4.642E-01  0.000E+00
 0.110     8.420706     2959.  -2.818  5.135  0.149 -10.2933   6.664   2.4111  0.0000   0.000E+00  4.642E-01  0.000E+00
 0.110     8.431245     2957.  -2.824  5.140  0.148 -10.2815   6.665   2.4176  0.0000   0.000E+00  4.642E-01  0.000E+00
 0.110     8.442053     2955.  -2.829  5.144  0.147 -10.2676   6.666   2.4241  0.0000   0.000E+00  4.642E-01  0.000E+00
 0.110     8.453167     2953.  -2.835  5.148  0.146 -10.2518   6.668   2.4306  0.0000   0.000E+00  4.642E-01  0.000E+00
 0.110     8.464619     2950.  -2.840  5.152  0.146 -10.2336   6.669   2.4371  0.0000   0.000E+00  4.642E-01  0.000E+00
 0.110     8.476452     2948.  -2.846  5.157  0.145 -10.2132   6.670   2.4435  0.0000   0.000E+00  4.642E-01  0.000E+00
 0.110     8.488711     2946.  -2.851  5.161  0.144 -10.1904   6.672   2.4499  0.0000   0.000E+00  4.642E-01  0.000E+00
 0.110     8.501458     2944.  -2.856  5.165  0.144 -10.1649   6.673   2.4563  0.0000   0.000E+00  4.642E-01  0.000E+00
 0.110     8.514052     2942.  -2.862  5.169  0.143 -10.1403   6.674   2.4623  0.0000   0.000E+00  4.641E-01  0.000E+00
 0.110     8.526490     2940.  -2.866  5.172  0.142 -10.1152   6.675   2.4679  0.0000   0.000E+00  4.641E-01  0.000E+00
 0.110     8.538767     2938.  -2.871  5.176  0.142 -10.0910   6.676   2.4732  0.0000   0.000E+00  4.641E-01  0.000E+00
 0.110     8.550879     2936.  -2.875  5.179  0.141 -10.0680   6.677   2.4782  0.0000   0.000E+00  4.641E-01  0.000E+00
 0.110     8.562821     2934.  -2.879  5.182  0.141 -10.0453   6.678   2.4829  0.0000   0.000E+00  4.641E-01  0.000E+00
 0.110     8.574589     2933.  -2.883  5.185  0.140 -10.0241   6.679   2.4872  0.0000   0.000E+00  4.641E-01  0.000E+00
 0.110     8.586182     2931.  -2.887  5.188  0.140 -10.0039   6.680   2.4912  0.0000   0.000E+00  4.641E-01  0.000E+00
 0.110     8.597598     2930.  -2.890  5.190  0.139  -9.9830   6.681   2.4950  0.0000   0.000E+00  4.641E-01  0.000E+00
 0.110     8.608834     2929.  -2.893  5.192  0.139  -9.9666   6.681   2.4985  0.0000   0.000E+00  4.641E-01  0.000E+00
 0.110     8.619890     2928.  -2.896  5.194  0.139  -9.9508   6.682   2.5017  0.0000   0.000E+00  4.641E-01  0.000E+00
 0.110     8.630766     2927.  -2.898  5.196  0.138  -9.9318   6.683   2.5046  0.0000   0.000E+00  4.640E-01  0.000E+00
 0.110     8.641461     2926.  -2.900  5.198  0.138  -9.9172   6.683   2.5074  0.0000   0.000E+00  4.640E-01  0.000E+00
 0.110     8.651977     2925.  -2.903  5.200  0.138  -9.9031   6.684   2.5099  0.0000   0.000E+00  4.640E-01  0.000E+00
 0.110     8.662316     2924.  -2.905  5.201  0.138  -9.8928   6.684   2.5122  0.0000   0.000E+00  4.640E-01  0.000E+00
 0.110     8.672477     2923.  -2.907  5.202  0.137  -9.8794   6.684   2.5143  0.0000   0.000E+00  4.640E-01  0.000E+00
 0.110     8.682463     2922.  -2.908  5.204  0.137  -9.8697   6.685   2.5162  0.0000   0.000E+00  4.640E-01  0.000E+00
 0.110     8.692276     2922.  -2.910  5.205  0.137  -9.8570   6.685   2.5180  0.0000   0.000E+00  4.640E-01  0.000E+00
 0.110     8.701919     2921.  -2.911  5.206  0.137  -9.8477   6.686   2.5196  0.0000   0.000E+00  4.640E-01  0.000E+00
 0.110     8.713215     2920.  -2.913  5.207  0.137  -9.8297   6.686   2.5214  0.0000   0.000E+00  4.640E-01  0.000E+00
 0.110     8.726393     2920.  -2.914  5.208  0.137  -9.8013   6.686   2.5232  0.0000   0.000E+00  4.640E-01  0.000E+00
 0.110     8.741697     2919.  -2.916  5.209  0.136  -9.7670   6.686   2.5251  0.0000   0.000E+00  4.640E-01  0.000E+00
 0.110     8.759376     2918.  -2.918  5.211  0.136  -9.7258   6.687   2.5269  0.0000   0.000E+00  4.640E-01  0.000E+00
 0.110     8.779684     2917.  -2.919  5.212  0.136  -9.6757   6.687   2.5287  0.0000   0.000E+00  4.640E-01  0.000E+00
 0.110     8.801958     2917.  -2.920  5.213  0.136  -9.6271   6.688   2.5303  0.0000   0.000E+00  4.640E-01  0.000E+00
 0.110     8.823146     2916.  -2.922  5.214  0.136  -9.5918   6.688   2.5315  0.0000   0.000E+00  4.640E-01  0.000E+00
 0.110     8.843348     2916.  -2.922  5.214  0.136  -9.5654   6.688   2.5324  0.0000   0.000E+00  4.640E-01  0.000E+00
 0.110     8.862652     2916.  -2.923  5.215  0.136  -9.5452   6.688   2.5332  0.0000   0.000E+00  4.640E-01  0.000E+00
 0.110     8.881135     2916.  -2.924  5.215  0.135  -9.5302   6.688   2.5337  0.0000   0.000E+00  4.640E-01  0.000E+00
 0.110     8.898862     2915.  -2.924  5.215  0.135  -9.5171   6.688   2.5342  0.0000   0.000E+00  4.640E-01  0.000E+00
 0.110     8.915895     2915.  -2.924  5.216  0.135  -9.5072   6.688   2.5345  0.0000   0.000E+00  4.640E-01  0.000E+00
 0.110     8.932284     2915.  -2.924  5.216  0.135  -9.4989   6.688   2.5348  0.0000   0.000E+00  4.640E-01  0.000E+00
 0.110     8.948077     2915.  -2.925  5.216  0.135  -9.4921   6.688   2.5350  0.0000   0.000E+00  4.640E-01  0.000E+00
 0.110     8.963316     2915.  -2.925  5.216  0.135  -9.4855   6.689   2.5351  0.0000   0.000E+00  4.639E-01  0.000E+00
 0.110     8.978039     2915.  -2.925  5.216  0.135  -9.4802   6.689   2.5352  0.0000   0.000E+00  4.639E-01  0.000E+00
 0.110     8.992279     2915.  -2.925  5.216  0.135  -9.4750   6.689   2.5353  0.0000   0.000E+00  4.639E-01  0.000E+00
 0.110     9.006068     2915.  -2.925  5.216  0.135  -9.4711   6.689   2.5354  0.0000   0.000E+00  4.639E-01  0.000E+00
 0.110     9.019428     2915.  -2.925  5.216  0.135  -9.4672   6.689   2.5355  0.0000   0.000E+00  4.639E-01  0.000E+00
 0.110     9.032393     2915.  -2.925  5.216  0.135  -9.4634   6.689   2.5355  0.0000   0.000E+00  4.639E-01  0.000E+00
 0.110     9.044982     2915.  -2.925  5.216  0.135  -9.4597   6.689   2.5355  0.0000   0.000E+00  4.639E-01  0.000E+00
 0.110     9.057217     2915.  -2.925  5.216  0.135  -9.4559   6.689   2.5356  0.0000   0.000E+00  4.639E-01  0.000E+00
 0.110     9.069117     2915.  -2.925  5.216  0.135  -9.4535   6.689   2.5356  0.0000   0.000E+00  4.639E-01  0.000E+00
 0.110     9.080695     2915.  -2.925  5.216  0.135  -9.4498   6.689   2.5356  0.0000   0.000E+00  4.639E-01  0.000E+00
 0.110     9.091976     2915.  -2.925  5.216  0.135  -9.4473   6.689   2.5356  0.0000   0.000E+00  4.639E-01  0.000E+00
 0.110     9.102972     2915.  -2.925  5.216  0.135  -9.4437   6.689   2.5356  0.0000   0.000E+00  4.639E-01  0.000E+00
 0.110     9.113696     2915.  -2.925  5.216  0.135  -9.4413   6.689   2.5356  0.0000   0.000E+00  4.639E-01  0.000E+00
 0.110     9.124162     2915.  -2.925  5.216  0.135  -9.4377   6.689   2.5356  0.0000   0.000E+00  4.639E-01  0.000E+00
 0.110     9.134381     2915.  -2.925  5.216  0.135  -9.4353   6.689   2.5356  0.0000   0.000E+00  4.639E-01  0.000E+00
 0.110     9.144362     2915.  -2.925  5.216  0.135  -9.4330   6.689   2.5356  0.0000   0.000E+00  4.639E-01  0.000E+00
 0.110     9.154123     2915.  -2.925  5.216  0.135  -9.4306   6.689   2.5356  0.0000   0.000E+00  4.639E-01  0.000E+00
 0.110     9.163668     2915.  -2.925  5.216  0.135  -9.4271   6.689   2.5356  0.0000   0.000E+00  4.639E-01  0.000E+00
 0.110     9.173008     2915.  -2.925  5.216  0.135  -9.4248   6.689   2.5356  0.0000   0.000E+00  4.639E-01  0.000E+00
 0.110     9.182152     2915.  -2.925  5.216  0.135  -9.4225   6.689   2.5356  0.0000   0.000E+00  4.639E-01  0.000E+00
 0.110     9.191104     2915.  -2.925  5.216  0.135  -9.4202   6.689   2.5356  0.0000   0.000E+00  4.639E-01  0.000E+00
 0.110     9.199879     2915.  -2.925  5.216  0.135  -9.4179   6.689   2.5356  0.0000   0.000E+00  4.639E-01  0.000E+00
 0.110     9.208479     2915.  -2.925  5.216  0.135  -9.4157   6.689   2.5356  0.0000   0.000E+00  4.639E-01  0.000E+00
 0.110     9.216912     2915.  -2.925  5.216  0.135  -9.4134   6.689   2.5356  0.0000   0.000E+00  4.639E-01  0.000E+00
 0.110     9.225185     2915.  -2.925  5.216  0.135  -9.4101   6.689   2.5356  0.0000   0.000E+00  4.639E-01  0.000E+00
 0.110     9.233301     2915.  -2.925  5.216  0.135  -9.4078   6.689   2.5356  0.0000   0.000E+00  4.639E-01  0.000E+00
 0.110     9.241270     2915.  -2.925  5.216  0.135  -9.4056   6.689   2.5356  0.0000   0.000E+00  4.639E-01  0.000E+00
 0.110     9.249096     2915.  -2.925  5.216  0.135  -9.4034   6.689   2.5356  0.0000   0.000E+00  4.639E-01  0.000E+00
 0.110     9.256783     2915.  -2.925  5.216  0.135  -9.4012   6.689   2.5356  0.0000   0.000E+00  4.639E-01  0.000E+00
 0.110     9.264336     2915.  -2.925  5.216  0.135  -9.3990   6.689   2.5356  0.0000   0.000E+00  4.639E-01  0.000E+00
 0.110     9.271758     2915.  -2.925  5.216  0.135  -9.3969   6.689   2.5356  0.0000   0.000E+00  4.639E-01  0.000E+00
 0.110     9.279058     2915.  -2.925  5.216  0.135  -9.3947   6.689   2.5356  0.0000   0.000E+00  4.639E-01  0.000E+00
 0.110     9.286236     2915.  -2.925  5.216  0.135  -9.3925   6.689   2.5355  0.0000   0.000E+00  4.639E-01  0.000E+00
 0.110     9.293298     2915.  -2.925  5.216  0.135  -9.3904   6.689   2.5355  0.0000   0.000E+00  4.639E-01  0.000E+00
 0.110     9.300248     2915.  -2.925  5.216  0.135  -9.3883   6.689   2.5355  0.0000   0.000E+00  4.639E-01  0.000E+00
 0.110     9.307087     2915.  -2.925  5.216  0.135  -9.3862   6.689   2.5355  0.0000   0.000E+00  4.639E-01  0.000E+00
 0.110     9.313819     2915.  -2.925  5.216  0.135  -9.3840   6.689   2.5355  0.0000   0.000E+00  4.639E-01  0.000E+00
 0.110     9.320450     2915.  -2.925  5.216  0.135  -9.3820   6.689   2.5355  0.0000   0.000E+00  4.639E-01  0.000E+00
 0.110     9.326981     2915.  -2.925  5.216  0.135  -9.3809   6.689   2.5355  0.0000   0.000E+00  4.639E-01  0.000E+00
 0.110     9.333415     2915.  -2.925  5.216  0.135  -9.3788   6.689   2.5355  0.0000   0.000E+00  4.639E-01  0.000E+00
 0.110     9.339755     2915.  -2.925  5.216  0.135  -9.3768   6.689   2.5355  0.0000   0.000E+00  4.639E-01  0.000E+00
 0.110     9.346003     2915.  -2.925  5.216  0.135  -9.3747   6.689   2.5355  0.0000   0.000E+00  4.639E-01  0.000E+00
 0.110     9.352163     2915.  -2.925  5.216  0.135  -9.3726   6.689   2.5355  0.0000   0.000E+00  4.639E-01  0.000E+00
 0.110     9.358238     2915.  -2.925  5.216  0.135  -9.3706   6.689   2.5355  0.0000   0.000E+00  4.639E-01  0.000E+00
 0.110     9.364228     2915.  -2.925  5.216  0.135  -9.3686   6.689   2.5355  0.0000   0.000E+00  4.639E-01  0.000E+00
 0.110     9.370137     2915.  -2.925  5.216  0.135  -9.3665   6.689   2.5355  0.0000   0.000E+00  4.639E-01  0.000E+00
 0.110     9.375965     2915.  -2.925  5.216  0.135  -9.3655   6.689   2.5355  0.0000   0.000E+00  4.639E-01  0.000E+00
 0.110     9.381718     2915.  -2.925  5.216  0.135  -9.3635   6.689   2.5355  0.0000   0.000E+00  4.639E-01  0.000E+00
 0.110     9.387395     2915.  -2.925  5.216  0.135  -9.3615   6.689   2.5355  0.0000   0.000E+00  4.639E-01  0.000E+00
 0.110     9.392999     2915.  -2.925  5.216  0.135  -9.3595   6.689   2.5355  0.0000   0.000E+00  4.639E-01  0.000E+00
 0.110     9.398532     2915.  -2.925  5.216  0.135  -9.3575   6.689   2.5355  0.0000   0.000E+00  4.639E-01  0.000E+00
 0.110     9.403993     2915.  -2.925  5.216  0.135  -9.3556   6.689   2.5355  0.0000   0.000E+00  4.639E-01  0.000E+00
 0.110     9.409389     2915.  -2.925  5.216  0.135  -9.3546   6.689   2.5355  0.0000   0.000E+00  4.639E-01  0.000E+00
 0.110     9.414718     2915.  -2.925  5.216  0.135  -9.3526   6.689   2.5355  0.0000   0.000E+00  4.639E-01  0.000E+00
 0.110     9.419982     2915.  -2.925  5.216  0.135  -9.3507   6.689   2.5355  0.0000   0.000E+00  4.639E-01  0.000E+00
 0.110     9.425184     2915.  -2.925  5.216  0.135  -9.3487   6.689   2.5355  0.0000   0.000E+00  4.639E-01  0.000E+00
 0.110     9.430322     2915.  -2.925  5.216  0.135  -9.3478   6.689   2.5355  0.0000   0.000E+00  4.639E-01  0.000E+00
 0.110     9.435402     2915.  -2.925  5.216  0.135  -9.3458   6.689   2.5354  0.0000   0.000E+00  4.639E-01  0.000E+00
 0.110     9.440423     2915.  -2.925  5.216  0.135  -9.3439   6.689   2.5354  0.0000   0.000E+00  4.639E-01  0.000E+00
 0.110     9.445386     2915.  -2.925  5.216  0.135  -9.3420   6.689   2.5354  0.0000   0.000E+00  4.639E-01  0.000E+00
 0.110     9.450294     2915.  -2.925  5.216  0.135  -9.3410   6.689   2.5354  0.0000   0.000E+00  4.639E-01  0.000E+00
 0.110     9.455146     2915.  -2.925  5.216  0.135  -9.3391   6.689   2.5354  0.0000   0.000E+00  4.639E-01  0.000E+00
 0.110     9.459944     2915.  -2.925  5.216  0.135  -9.3372   6.689   2.5354  0.0000   0.000E+00  4.639E-01  0.000E+00
 0.110     9.464691     2915.  -2.925  5.216  0.135  -9.3363   6.689   2.5354  0.0000   0.000E+00  4.639E-01  0.000E+00
 0.110     9.469386     2915.  -2.925  5.216  0.135  -9.3344   6.689   2.5354  0.0000   0.000E+00  4.639E-01  0.000E+00
 0.110     9.474031     2915.  -2.925  5.216  0.135  -9.3325   6.689   2.5354  0.0000   0.000E+00  4.639E-01  0.000E+00
 0.110     9.483173     2915.  -2.925  5.216  0.135  -9.3298   6.689   2.5354  0.0000   0.000E+00  4.639E-01  0.000E+00
 0.110     9.492129     2915.  -2.925  5.216  0.135  -9.3270   6.689   2.5354  0.0000   0.000E+00  4.639E-01  0.000E+00
 0.110     9.500903     2915.  -2.925  5.216  0.135  -9.3233   6.689   2.5354  0.0000   0.000E+00  4.639E-01  0.000E+00
 0.110     9.509502     2915.  -2.925  5.216  0.135  -9.3206   6.689   2.5354  0.0000   0.000E+00  4.639E-01  0.000E+00
 0.110     9.522092     2915.  -2.925  5.216  0.135  -9.3161   6.689   2.5354  0.0000   0.000E+00  4.639E-01  0.000E+00
 0.110     9.530286     2915.  -2.925  5.216  0.135  -9.3134   6.689   2.5354  0.0000   0.000E+00  4.639E-01  0.000E+00
 0.110     9.542295     2916.  -2.925  5.216  0.135  -9.3089   6.689   2.5354  0.0000   0.000E+00  4.639E-01  0.000E+00
 0.110     9.550119     2916.  -2.925  5.216  0.135  -9.3063   6.689   2.5353  0.0000   0.000E+00  4.639E-01  0.000E+00
 0.110     9.561600     2916.  -2.924  5.216  0.135  -9.3019   6.689   2.5353  0.0000   0.000E+00  4.639E-01  0.000E+00
 0.110     9.569087     2916.  -2.924  5.216  0.135  -9.2993   6.689   2.5353  0.0000   0.000E+00  4.639E-01  0.000E+00
 0.110     9.580083     2916.  -2.924  5.216  0.135  -9.2950   6.689   2.5353  0.0000   0.000E+00  4.639E-01  0.000E+00
 0.110     9.590806     2916.  -2.924  5.216  0.135  -9.2916   6.689   2.5353  0.0000   0.000E+00  4.639E-01  0.000E+00
 0.110     9.601272     2916.  -2.924  5.216  0.135  -9.2874   6.689   2.5353  0.0000   0.000E+00  4.639E-01  0.000E+00
 0.110     9.611491     2916.  -2.924  5.216  0.135  -9.2840   6.689   2.5353  0.0000   0.000E+00  4.639E-01  0.000E+00
 0.110     9.621475     2916.  -2.924  5.216  0.135  -9.2798   6.689   2.5353  0.0000   0.000E+00  4.639E-01  0.000E+00
 0.110     9.631235     2916.  -2.924  5.216  0.135  -9.2765   6.689   2.5353  0.0000   0.000E+00  4.639E-01  0.000E+00
 0.110     9.640779     2916.  -2.924  5.216  0.135  -9.2733   6.689   2.5352  0.0000   0.000E+00  4.639E-01  0.000E+00
 0.110     9.650120     2916.  -2.924  5.216  0.135  -9.2692   6.689   2.5352  0.0000   0.000E+00  4.639E-01  0.000E+00
 0.110     9.659263     2916.  -2.924  5.216  0.135  -9.2660   6.689   2.5352  0.0000   0.000E+00  4.639E-01  0.000E+00
 0.110     9.671162     2916.  -2.924  5.216  0.135  -9.2612   6.689   2.5352  0.0000   0.000E+00  4.639E-01  0.000E+00
 0.110     9.679877     2916.  -2.924  5.216  0.135  -9.2581   6.689   2.5352  0.0000   0.000E+00  4.639E-01  0.000E+00
 0.110     9.691232     2916.  -2.924  5.216  0.135  -9.2541   6.689   2.5352  0.0000   0.000E+00  4.639E-01  0.000E+00
 0.110     9.699558     2916.  -2.924  5.216  0.135  -9.2503   6.689   2.5352  0.0000   0.000E+00  4.639E-01  0.000E+00
 0.110     9.710415     2916.  -2.924  5.216  0.135  -9.2464   6.689   2.5351  0.0000   0.000E+00  4.639E-01  0.000E+00
 0.110     9.721008     2916.  -2.924  5.216  0.135  -9.2426   6.689   2.5351  0.0000   0.000E+00  4.639E-01  0.000E+00
 0.110     9.731349     2916.  -2.924  5.216  0.135  -9.2388   6.689   2.5351  0.0000   0.000E+00  4.639E-01  0.000E+00
 0.110     9.741449     2916.  -2.924  5.216  0.135  -9.2343   6.689   2.5351  0.0000   0.000E+00  4.639E-01  0.000E+00
 0.110     9.751320     2916.  -2.924  5.216  0.135  -9.2306   6.689   2.5351  0.0000   0.000E+00  4.639E-01  0.000E+00
 0.110     9.760971     2916.  -2.924  5.216  0.135  -9.2269   6.689   2.5351  0.0000   0.000E+00  4.639E-01  0.000E+00
 0.110     9.770412     2916.  -2.924  5.216  0.135  -9.2233   6.689   2.5350  0.0000   0.000E+00  4.639E-01  0.000E+00
 0.110     9.779653     2916.  -2.924  5.216  0.135  -9.2197   6.689   2.5350  0.0000   0.000E+00  4.639E-01  0.000E+00
 0.110     9.790934     2916.  -2.924  5.216  0.135  -9.2147   6.689   2.5350  0.0000   0.000E+00  4.639E-01  0.000E+00
 0.110     9.799753     2916.  -2.924  5.216  0.135  -9.2118   6.689   2.5350  0.0000   0.000E+00  4.639E-01  0.000E+00
 0.110     9.810530     2916.  -2.924  5.216  0.135  -9.2076   6.689   2.5350  0.0000   0.000E+00  4.639E-01  0.000E+00
 0.110     9.821046     2916.  -2.924  5.216  0.135  -9.2027   6.689   2.5349  0.0000   0.000E+00  4.639E-01  0.000E+00
 0.110     9.829279     2916.  -2.924  5.216  0.135  -9.2000   6.689   2.5349  0.0000   0.000E+00  4.639E-01  0.000E+00
 0.110     9.839355     2916.  -2.924  5.216  0.135  -9.1959   6.689   2.5349  0.0000   0.000E+00  4.639E-01  0.000E+00
 0.110     9.849204     2917.  -2.924  5.216  0.135  -9.1918   6.689   2.5349  0.0000   0.000E+00  4.639E-01  0.000E+00
 0.110     9.860734     2917.  -2.924  5.216  0.135  -9.1871   6.689   2.5349  0.0000   0.000E+00  4.639E-01  0.000E+00
 0.110     9.870115     2917.  -2.924  5.216  0.135  -9.1831   6.689   2.5348  0.0000   0.000E+00  4.639E-01  0.000E+00
 0.110     9.879297     2917.  -2.923  5.216  0.135  -9.1798   6.689   2.5348  0.0000   0.000E+00  4.639E-01  0.000E+00
 0.110     9.890065     2917.  -2.923  5.216  0.135  -9.1752   6.689   2.5348  0.0000   0.000E+00  4.639E-01  0.000E+00
 0.110     9.900572     2917.  -2.923  5.216  0.135  -9.1707   6.689   2.5348  0.0000   0.000E+00  4.639E-01  0.000E+00
 0.110     9.909139     2917.  -2.923  5.216  0.135  -9.1675   6.689   2.5348  0.0000   0.000E+00  4.639E-01  0.000E+00
 0.110     9.919200     2917.  -2.923  5.216  0.135  -9.1630   6.689   2.5347  0.0000   0.000E+00  4.639E-01  0.000E+00
 0.110     9.929034     2917.  -2.923  5.216  0.135  -9.1593   6.690   2.5347  0.0000   0.000E+00  4.639E-01  0.000E+00
 0.110     9.940231     2917.  -2.923  5.216  0.135  -9.1549   6.690   2.5347  0.0000   0.000E+00  4.639E-01  0.000E+00
 0.110     9.949605     2917.  -2.923  5.216  0.135  -9.1512   6.690   2.5346  0.0000   0.000E+00  4.639E-01  0.000E+00
 0.110     9.960291     2917.  -2.923  5.216  0.135  -9.1469   6.690   2.5346  0.0000   0.000E+00  4.639E-01  0.000E+00
 0.110     9.969246     2917.  -2.923  5.216  0.135  -9.1433   6.690   2.5346  0.0000   0.000E+00  4.639E-01  0.000E+00
 0.110     9.979465     2917.  -2.923  5.216  0.135  -9.1391   6.690   2.5346  0.0000   0.000E+00  4.639E-01  0.000E+00
 0.110     9.989449     2917.  -2.923  5.216  0.135  -9.1349   6.690   2.5345  0.0000   0.000E+00  4.639E-01  0.000E+00
 0.110     9.999209     2917.  -2.923  5.216  0.135  -9.1308   6.690   2.5345  0.0000   0.000E+00  4.639E-01  0.000E+00 
