M_Ms log_t_yr Teff L_Ls g R_Rs Log_Li_Li0 logTc logROc Mrad Rrad k2conv k2rad
0.3 5.703957 3460.0 -0.20618952483801306 3.2308246040316777 2.197891108711303 0.0 6.045094762419006 -0.5974171256299494 0.0 0.0 0.4407729841612671 0.0
0.3 5.738317 3459.0 -0.22606603871234876 3.2501994617534415 2.1500013456163956 0.0 6.0545997308767205 -0.5701340958492908 0.0 0.0 0.44118665769589066 0.0
0.3 5.769327 3457.0 -0.24890234971010006 3.2719023497101 2.096219713152275 0.0 6.06495117485505 -0.5388306072627411 0.0 0.0 0.44169877937137625 0.0
0.3 5.797516 3455.0 -0.27345347394540903 3.295625310173697 2.038608560794046 0.0 6.0763126550868485 -0.5039823200992563 0.0 0.0 0.44226563275434244 0.0
0.3 5.823296 3452.584084520694 -0.299575070272366 3.32115915479306 1.981018028496656 0.0 6.08807957739653 -0.4679028593583406 0.0 0.0 0.4427831830958612 0.0
0.3 5.846997 3450.346677864875 -0.32518654348637566 3.345186543486376 1.9273202687569986 0.0 6.09991993281075 -0.4333735069055616 0.0 0.0 0.443330664427025 0.0
0.3 5.868886 3447.4029273392575 -0.3479707266074225 3.36637365394668 1.879058546785155 0.0 6.109985363303712 -0.4020395190799796 0.0 0.0 0.4437194145321484 0.0
0.3 5.889182 3445.3040623717684 -0.3689593762823139 3.3862634386540824 1.8370812474353722 0.0 6.1194796881411575 -0.37370484201887616 0.0 0.0 0.4441391875256463 0.0
0.3 5.908067 3442.388161868331 -0.3881183813166901 3.404506543185021 1.79976323736662 0.0 6.128059190658345 -0.3477790014093015 0.0 0.0 0.4444611838131669 0.0
0.3 5.925695 3439.6305185185183 -0.4056948148148148 3.420694814814815 1.765979851851852 0.0 6.135847407407407 -0.32411200000000007 0.0 0.0 0.44477389629629627 0.0
0.3 5.942195 3437.0201585282316 -0.4228891280947253 3.435909286622957 1.735191506018202 0.0 6.142959682943537 -0.30223607006556436 0.0 0.0 0.44509798414717683 0.0
0.3 5.95768 3435.026414369417 -0.4378679281529151 3.449867928152915 1.7077509365094614 0.0 6.149947171261166 -0.2820769762750938 0.0 0.0 0.4452973585630583 0.0
0.3 5.972245 3432.244765892653 -0.4517761705367337 3.4628985534830603 1.6822028930338793 0.0 6.156388085268367 -0.2634399314807769 0.0 0.0 0.4455755234107347 0.0
0.3 5.985973 3430.65530161109 -0.46506819033345875 3.474723491944549 1.6588977144998118 0.0 6.1616893967778195 -0.24609052079430438 0.0 0.0 0.44583446983889097 0.0
0.3 5.998937 3428.23888372093 -0.47780558139534873 3.485925023255814 1.638030511627907 0.0 6.1674027906976745 -0.22998857674418616 0.0 0.0 0.446076111627907 0.0
0.3 6.011202 3426.0 -0.4891110095934218 3.497111009593422 1.6177903152124256 0.0 6.172049337597076 -0.21483471904979418 0.0 0.0 0.4462024668798538 0.0
0.3 6.022824 3426.0737578344992 -0.4986638205104913 3.506663820510491 1.5997461168135165 0.0 6.176368789172495 -0.20061902080116287 0.0 0.0 0.4464147515668998 0.0
0.3 6.033854 3427.0752348265896 -0.5076771134393064 3.515752348265896 1.5827210079479768 0.0 6.181300939306358 -0.18729185332369935 0.0 0.0 0.446607523482659 0.0
0.3 6.044336 3428.0 -0.51617497749775 3.5251749774977497 1.5666500450045 0.0 6.1850874887488745 -0.17460691269126888 0.0 0.0 0.4467043744374437 0.0
0.3 6.05431 3428.41733058813 -0.5237559752931696 3.5331733058812995 1.5519053800017908 0.0 6.18908665294065 -0.1626077701190586 0.0 0.0 0.44688346611762597 0.0
0.3 6.063814 3429.2667200997416 -0.5314004808976753 3.5414004808976753 1.537465758304391 0.0 6.193066880398967 -0.15122595066346115 0.0 0.0 0.44705334401994834 0.0
0.3 6.072875 3430.073179364658 -0.5386586142819221 3.548658614281922 1.5238291301654718 0.0 6.196292717458632 -0.14041939651358276 0.0 0.0 0.4472146358729316 0.0
0.3 6.081531 3430.8391292805945 -0.5455521635253517 3.5555521635253515 1.5115739315104857 0.0 6.199356517122379 -0.1301556676400319 0.0 0.0 0.44736782585611895 0.0
0.3 6.089803 3431.068484742196 -0.5526163626797614 3.562616362679761 1.4999042441248684 0.0 6.203273938968783 -0.12038230445457741 0.0 0.0 0.4474136969484392 0.0
0.3 6.097715 3431.7622763942477 -0.5588604875482289 3.568860487548229 1.4888035776920376 0.0 6.206049105576991 -0.11108549631708142 0.0 0.0 0.4475524552788495 0.0
0.3 6.105296 3432.0 -0.564820939761137 3.5748209397611372 1.4782072182024233 0.0 6.2086981954493945 -0.10221104524452936 0.0 0.0 0.4476849097724697 0.0
0.3 6.112558 3432.0 -0.5705155112651646 3.5805727902946276 1.468140814558059 0.0 6.211286395147314 -0.09372673310225302 0.0 0.0 0.44780572790294626 0.0
0.3 6.119523 3432.0 -0.5759474870017331 3.5866083188908147 1.459087521663778 0.0 6.214304159445407 -0.08557876949740027 0.0 0.0 0.44786608318890814 0.0
0.3 6.126209 3432.0 -0.5813917169974118 3.5919133735979294 1.450173252804141 0.0 6.216956686798965 -0.07779509922346825 0.0 0.0 0.4479478343399482 0.0
0.3 6.132634 3432.2921676399865 -0.5866295087598766 3.596921676399863 1.4413253177602192 0.0 6.219168670559945 -0.07038495362418358 0.0 0.0 0.4480584335279973 0.0
0.3 6.138808 3432.822397801443 -0.5914015802129855 3.6022239780144285 1.4328416351769144 0.0 6.221289591205772 -0.06327986946066598 0.0 0.0 0.44816447956028854 0.0
0.3 6.144749 3433.0 -0.5959761782786888 3.606976178278689 1.425039702868852 0.0 6.22332274590164 -0.05643573258196675 0.0 0.0 0.448233068647541 0.0
0.3 6.150465 3433.0 -0.6003685963114753 3.6113685963114754 1.417719006147541 0.0 6.225274931693989 -0.04984710553278696 0.0 0.0 0.4482818732923497 0.0
0.3 6.15597 3433.0 -0.604583213103624 3.615583213103624 1.4106946448272935 0.0 6.227435118390902 -0.0435538827123821 0.0 0.0 0.44835740473563607 0.0
0.3 6.161278 3433.0 -0.6086375286429604 3.6196375286429605 1.4039374522617325 0.0 6.229687515912755 -0.03751745735381448 0.0 0.0 0.44844750063651023 0.0
0.3 6.166395 3433.0 -0.6127111937774768 3.623711193777477 1.3976043287115323 0.0 6.23168447751099 -0.03170700033818097 0.0 0.0 0.44853422387554953 0.0
0.3 6.171331 3433.0 -0.6167925576696417 3.6277925576696415 1.391679070550597 0.0 6.2333522478531735 -0.026111163495537378 0.0 0.0 0.44860880619632937 0.0
0.3 6.176097 3433.0 -0.6204037716787342 3.631403771678734 1.385660380535443 0.0 6.234957231857215 -0.02069434248189879 0.0 0.0 0.44864893079643037 0.0
0.3 6.180699 3433.0 -0.6238907223438287 3.6348907223438287 1.3798487960936188 0.0 6.236506987708369 -0.015463916484256972 0.0 0.0 0.4486876746927092 0.0
0.3 6.185145 3433.0 -0.627496860085406 3.638496860085406 1.374254709871891 0.0 6.238248430042703 -0.010454207485555984 0.0 0.0 0.44872496860085404 0.0
0.3 6.189445 3433.0 -0.6310972954868963 3.6420972954868964 1.3688540567696554 0.0 6.240048647743448 -0.005629624047558948 0.0 0.0 0.44876097295486894 0.0
0.3 6.193603 3433.0 -0.6345788327890821 3.645578832789082 1.3636317508163769 0.0 6.241789416394541 -0.0009643640626300111 0.0 0.0 0.4487957883278908 0.0
0.3 6.197628 3433.0 -0.6373491745872936 3.6483491745872936 1.3588889444722363 0.0 6.243174587293646 0.0035935967983990163 0.0 0.0 0.44885872936468235 0.0
0.3 6.20152 3433.0 -0.640177203622165 3.651177203622165 1.3542341945667524 0.0 6.244470881448866 0.007977452853701168 0.0 0.0 0.44892354407244334 0.0
0.3 6.205294 3433.0 -0.6433125363462658 3.654312536346266 1.3495311954806013 0.0 6.245725014538507 0.012178798703996237 0.0 0.0 0.44898625072692533 0.0
0.3 6.208946 3433.0 -0.6463465149123537 3.6573465149123536 1.3449802276314695 0.0 6.246938605964941 0.016244329982553957 0.0 0.0 0.4490469302982471 0.0
0.3 6.212489 3432.9711451012813 -0.6492596940884663 3.660259694088466 1.3405960314179413 0.0 6.248115419594874 0.020189541132699378 0.0 0.0 0.4491028854898719 0.0
0.3 6.215923 3432.6872261264984 -0.6518149648615131 3.6628149648615134 1.3366211657709794 0.0 6.249251095494006 0.024022447292269742 0.0 0.0 0.44913127738735015 0.0
0.3 6.219254 3432.411823067383 -0.6542935923935512 3.6652935923935512 1.3327655229433646 0.0 6.2503527077304675 0.027740388590326882 0.0 0.0 0.44915881769326166 0.0
0.3 6.222488 3432.144439851178 -0.6567000413393965 3.6677000413393968 1.3290221579164943 0.0 6.2514222405952875 0.0313500620090948 0.0 0.0 0.4491855560148822 0.0
0.3 6.225625 3432.0 -0.6591453526697427 3.670145352669743 1.32539650626236 0.0 6.252687211601845 0.03483477257745527 0.0 0.0 0.44922290705339485 0.0
0.3 6.228672 3432.0 -0.6616560646011869 3.6726560646011865 1.3218815095583385 0.0 6.254193638760712 0.03819912656559028 0.0 0.0 0.44927312129202374 0.0
0.3 6.23163 3432.0 -0.6639804613742714 3.6749804613742714 1.3184748378622446 0.0 6.255435760610787 0.04147069206140695 0.0 0.0 0.4493108940152697 0.0
0.3 6.234507 3432.0 -0.6661061489204496 3.6771061489204495 1.3151682127904119 0.0 6.256380510631311 0.044659223380674434 0.0 0.0 0.4493345127657828 0.0
0.3 6.237302 3432.0 -0.6681712503078562 3.679171250307856 1.311955832854446 0.0 6.257298333470159 0.04775687546178423 0.0 0.0 0.44935745833675395 0.0
0.3 6.24002 3432.0 -0.6701794598144654 3.681179459814465 1.3088319513997206 0.0 6.258190871028652 0.050769189721697944 0.0 0.0 0.4493797717757163 0.0
0.3 6.250178 3431.371045532576 -0.6782895446742416 3.6886605902068177 1.2971946374560617 0.0 6.261515817869697 0.06199088531022618 0.0 0.0 0.4495257908934848 0.0
0.3 6.259319 3431.0 -0.6857499999999996 3.69575 1.2867500000000005 0.0 6.2645 0.07202499999999952 0.0 0.0 0.4496 0.0
0.3 6.269532 3430.2949634443544 -0.6940503655564579 3.703345329000812 1.2751294882209587 0.0 6.2685251827782285 0.08321799350121818 0.0 0.0 0.44974100731112915 0.0
0.3 6.280296 3429.0 -0.7017753816331476 3.7116978434698327 1.2639144657135932 0.0 6.272310152653259 0.09494676520474925 0.0 0.0 0.4499077538163315 0.0
0.3 6.289723 3429.0 -0.7093894677328165 3.718550520959535 1.2532547451740566 0.0 6.275355787093127 0.10522578143930242 0.0 0.0 0.4499838946773282 0.0
0.3 6.299337 3428.3868190230946 -0.7171318097690516 3.7255186287921465 1.243028647300233 0.0 6.278452723907621 0.11561662509052906 0.0 0.0 0.450122636195381 0.0
0.3 6.309952 3427.067587092631 -0.7256620645368436 3.7336620645368437 1.231473109648419 0.0 6.281864825814737 0.12704716647937048 0.0 0.0 0.45029324129073683 0.0
0.3 6.319012 3426.3082712787254 -0.7329172872127472 3.7402255584914723 1.2220075266234287 0.0 6.285458643606374 0.1367691648650812 0.0 0.0 0.45036917287212747 0.0
0.3 6.329247 3424.990121883215 -0.741098781167848 3.7480889030510633 1.2118715844817975 0.0 6.289039512467139 0.1477323667649163 0.0 0.0 0.450501975623357 0.0
0.3 6.339183 3424.1985979447145 -0.7490140205528563 3.7552126184975707 1.2015817732812868 0.0 6.292205608221143 0.15833878754082745 0.0 0.0 0.4506602804110571 0.0
0.3 6.349149 3423.4066222010483 -0.7569337779895189 3.762340400190567 1.1912860886136254 0.0 6.2959668889947595 0.1689512625059553 0.0 0.0 0.4507593377798952 0.0
0.3 6.359221 3422.2156210392905 -0.7649218948035488 3.7699218948035487 1.1812937262357415 0.0 6.29956875792142 0.1796553390367553 0.0 0.0 0.45087843789607096 0.0
0.3 6.368995 3420.6705120101137 -0.7726474399494312 3.776982695954488 1.1713583280657394 0.0 6.302658975979773 0.18994109513274351 0.0 0.0 0.45103294879898864 0.0
0.3 6.380304 3418.9431603773587 -0.7815683962264149 3.785511556603774 1.1603179245283022 0.0 6.306284198113207 0.2018559669811319 0.0 0.0 0.4512056839622641 0.0
0.3 6.391022 3418.100550314465 -0.7899944968553464 3.7930950471698117 1.1502066037735843 0.0 6.310497248427673 0.2130626808176107 0.0 0.0 0.45128994496855346 0.0
0.3 6.399075 3416.938494084463 -0.7963075295776854 3.798776776619917 1.1426309645067776 0.0 6.313123011831074 0.2214590143383215 0.0 0.0 0.4514061505915537 0.0
0.3 6.411288 3415.0273480231285 -0.8058632598843566 3.8078632598843565 1.1311640881387721 0.0 6.316945303953743 0.2342167682450378 0.0 0.0 0.4515972651976871 0.0
0.3 6.419516 3413.7446609508966 -0.8122766952455183 3.8136490257209665 1.123467965705378 0.0 6.319510678098207 0.24274800467653926 0.0 0.0 0.4517255339049103 0.0
0.3 6.431994 3411.9017282802447 -0.8219827171975513 3.822884445477796 1.1118207393629385 0.0 6.32439308687902 0.2556168410447188 0.0 0.0 0.451819654343951 0.0
0.3 6.440402 3411.2500968766954 -0.8284990312330466 3.828749128109742 1.104001162520344 0.0 6.326999612493219 0.2643487018522825 0.0 0.0 0.45194998062466096 0.0
0.3 6.453155 3408.764465675322 -0.8385908775714616 3.8381198089221047 1.0924091224285384 0.0 6.330942137298713 0.2774326065182217 0.0 0.0 0.45214710686493564 0.0
0.3 6.461752 3408.102087988289 -0.8458770321288231 3.844081208105401 1.085122967871177 0.0 6.333591648046845 0.2862422297557589 0.0 0.0 0.45227958240234223 0.0
0.3 6.470425 3406.808007349001 -0.8526399755033297 3.84963997550333 1.0772960269463374 0.0 6.3372559902013315 0.29515116741942854 0.0 0.0 0.45240639975503333 0.0
0.3 6.479174 3404.7987445456633 -0.8593375181811227 3.856337518181123 1.0699287300007652 0.0 6.339935007272449 0.3040588991808931 0.0 0.0 0.45247337518181124 0.0
0.3 6.492443 3402.5077928989585 -0.8694610355052076 3.8654610355052075 1.0582928609442717 0.0 6.343984414202083 0.31759778757697815 0.0 0.0 0.45264922071010416 0.0
0.3 6.501384 3401.148255150916 -0.876258724245419 3.872258724245419 1.0508154033300392 0.0 6.346703489698168 0.3267066904888615 0.0 0.0 0.45278517448490835 0.0
0.3 6.510406 3399.7820493416075 -0.8836987286211592 3.878480777962767 1.0433012713788408 0.0 6.350044876645982 0.3358602694112302 0.0 0.0 0.45286089753291964 0.0
0.3 6.519509 3399.0 -0.8909678781480924 3.884374302518474 1.035438546222289 0.0 6.353187151259237 0.3450769567184438 0.0 0.0 0.45295935756296185 0.0
0.3 6.533317 3397.329500187899 -0.9013524990605036 3.8943524990605036 1.023812251033446 0.0 6.357340999624201 0.35899234874107483 0.0 0.0 0.45316704998121005 0.0
0.3 6.542625 3395.9341447024563 -0.9083292764877178 3.9002963488389457 1.0166377958635104 0.0 6.360164638243859 0.36834452325841893 0.0 0.0 0.45320658552975435 0.0
0.3 6.552014 3394.532068991264 -0.9153396550436792 3.9066056895393113 1.008926379451953 0.0 6.36366982752184 0.3778085343089669 0.0 0.0 0.4533467931008736 0.0
0.3 6.561484 3394.0 -0.9223963977374221 3.913396397737422 1.0016036022625778 0.0 6.3667585590949685 0.38737910092289396 0.0 0.0 0.45348792795474846 0.0
0.3 6.571034 3392.697638261642 -0.9295118086917896 3.920360627822611 0.9934881913082104 0.0 6.369604723476716 0.3969560598208339 0.0 0.0 0.4535151180869179 0.0
0.3 6.580662 3391.272007107426 -0.936639964462871 3.926775968016584 0.9863600355371289 0.0 6.372455985785148 0.4066503516695047 0.0 0.0 0.4535863996446287 0.0
0.3 6.590365 3389.9194700036805 -0.9438052999631947 3.9337247699668754 0.9791141700404857 0.0 6.376322119985279 0.41639520794994495 0.0 0.0 0.45370805299963196 0.0
0.3 6.600142 3389.1997791682 -0.9510022083179976 3.940201987486198 0.9711975708502025 0.0 6.379200883327199 0.4261830033124769 0.0 0.0 0.45378002208317997 0.0
0.3 6.609986 3387.953440702782 -0.9582327964860907 3.946232796486091 0.9637672035139092 0.0 6.382116398243045 0.4360166032210835 0.0 0.0 0.4539023279648609 0.0
0.3 6.619897 3386.5023426061493 -0.9654882869692533 3.9534882869692534 0.9565117130307467 0.0 6.385744143484626 0.44588407027818444 0.0 0.0 0.45397488286969256 0.0
0.3 6.629869 3386.0 -0.9727765444720314 3.959821235577625 0.9492234555279685 0.0 6.388910617788813 0.4557961004819628 0.0 0.0 0.45409553088944066 0.0
0.3 6.6399 3384.583084432141 -0.9800845778392948 3.967084577839295 0.9419154221607051 0.0 6.391833831135718 0.4658058716398339 0.0 0.0 0.45417084577839295 0.0
0.3 6.649986 3384.0 -0.9874227973248038 3.9735382378598434 0.9345772026751963 0.0 6.394769118929921 0.4759034603082292 0.0 0.0 0.4542 0.0
0.3 6.66012 3382.645100456952 -0.9947744977152391 3.980774497715239 0.927225502284761 0.0 6.3983872488576194 0.4859810618698775 0.0 0.0 0.4542677449771524 0.0
0.3 6.670305 3382.0 -1.0021543585288155 3.9873234868230525 0.9198456414711844 0.0 6.401661743411527 0.49604992759918926 0.0 0.0 0.45438308717057635 0.0
0.3 6.680532 3380.6908013584793 -1.009545993207602 3.9945459932076024 0.9124540067923979 0.0 6.405272996603801 0.5062334706264909 0.0 0.0 0.45446545993207604 0.0
0.3 6.690803 3380.0 -1.0169617604617602 4.0011694083694085 0.9050382395382398 0.0 6.408584704184704 0.516387994227994 0.0 0.0 0.4545 0.0
0.3 6.701112 3378.8612429866207 -1.024387570133794 4.008248813120415 0.8977511868795854 0.0 6.411555028053518 0.5266148467846358 0.0 0.0 0.45461387570133793 0.0
0.3 6.71146 3378.1168896561644 -1.0318311034383536 4.014947993094518 0.8910520069054816 0.0 6.414532441375341 0.5368869227449282 0.0 0.0 0.4546883110343835 0.0
0.3 6.721848 3376.87091222031 -1.0392908777969014 4.022161790017211 0.8838382099827887 0.0 6.418516351118761 0.5471814113597241 0.0 0.0 0.454712908777969 0.0
0.3 6.732271 3376.1234222604703 -1.0467657773952956 4.028889199655766 0.877110800344234 0.0 6.421506310958118 0.5574967728055078 0.0 0.0 0.4547876577739529 0.0
0.3 6.742732 3374.874275906458 -1.0542572409354218 4.03613151684188 0.8698684831581203 0.0 6.424628620467711 0.5679349924908823 0.0 0.0 0.4549 0.0
0.3 6.753231 3374.123435600372 -1.0617656439962815 4.042889079596653 0.8631109204033467 0.0 6.428382821998141 0.5782965887148684 0.0 0.0 0.4549 0.0
0.3 6.76377 3372.870558013415 -1.0692944198658487 4.050164977879264 0.8558350221207361 0.0 6.431647209932924 0.5887862994148712 0.0 0.0 0.4550129441986585 0.0
0.3 6.76906 3372.4930783502214 -1.0730692164977877 4.0535622948480095 0.852437705151991 0.0 6.433534608248894 0.5939955187669471 0.0 0.0 0.4550506921649779 0.0
0.3 6.779694 3371.4691375623665 -1.0806543121881682 4.060654312188168 0.8453456878118317 0.0 6.437061724875267 0.6045160370634356 0.0 0.0 0.4551 0.0
0.3 6.790398 3370.9721036151436 -1.0882789638485624 4.067278963848563 0.8387489325362939 -1.1158553942491172e-05 6.440139481924281 0.6150877597495016 0.0 0.0 0.4552 0.0
0.3 6.801174 3370.2052376885854 -1.095947623114147 4.074947623114147 0.8318471391972677 -0.0003179049245658784 6.443973811557074 0.6257471961286644 0.0 0.0 0.4552 0.0
0.3 6.812024 3368.9336459221367 -1.1036635407786302 4.0825971867007675 0.8244028132992327 -0.0004 6.447265416311452 0.6365223216822962 0.0 0.0 0.45530663540778626 0.0
0.3 6.82295 3368.1574310883775 -1.1114256891162257 4.089583120204603 0.8174168797953968 -0.0004 6.45037027564649 0.6473117078715538 0.0 0.0 0.4553842568911623 0.0
0.3 6.833946 3367.7535121328224 -1.119232439335888 4.09698595146871 0.8110140485312898 -0.0004 6.454492975734355 0.6581007662835252 0.0 0.0 0.4554246487867178 0.0
0.3 6.839472 3366.984685195689 -1.1231531480431083 4.100153148043108 0.8078621667612026 -0.0004 6.456061259217244 0.6635128757799206 0.0 0.0 0.4555 0.0
0.3 6.850583 3366.196894498015 -1.1310310550198526 4.108031055019853 0.8007720504821327 -0.0004 6.459212422007941 0.6744631664775951 0.0 0.0 0.4555 0.0
0.3 6.861762 3365.904933814681 -1.1379506618531885 4.114950661853189 0.7941444043321303 -0.0004475330926594285 6.463380264741275 0.6855119133574002 0.0 0.0 0.4556095066185319 0.0
0.3 6.873014 3365.108444821972 -1.1459155517802795 4.122915551780279 0.7869760033977485 -0.0008457775890139707 6.466566220712111 0.6965034614567855 0.0 0.0 0.4556891555178028 0.0
0.3 6.884334 3364.807817359344 -1.1539218264065592 4.12992182640656 0.7802703562340967 -0.000976873056262369 6.46996091320328 0.7076713387051173 0.0 0.0 0.4557192182640656 0.0
0.3 6.89002 3364.4059230986713 -1.1579407690132881 4.133940769013288 0.7766533078880408 -0.0011376307605315242 6.471970384506644 0.7132576689284704 0.0 0.0 0.45575940769013285 0.0
0.3 6.901441 3364.0 -1.16600988700565 4.14120790960452 0.76979209039548 -0.0013 6.47560395480226 0.7245138418079099 0.0 0.0 0.4558 0.0
0.3 6.912923 3363.7886568848758 -1.173113431151242 4.149113431151242 0.7633092550790065 -0.0018056715575620926 6.479056715575621 0.7357588036117386 0.0 0.0 0.45592113431151243 0.0
0.3 6.924468 3363.0 -1.1812572959255607 4.157205836740449 0.7567941632595515 -0.0022205836740448546 6.483102918370224 0.7471602142957849 0.0 0.0 0.456 0.0
0.3 6.930261 3363.0 -1.1853408994783587 4.160472719582687 0.7535272804173129 -0.00254727195826871 6.484736359791344 0.7528772592697025 0.0 0.0 0.456 0.0
0.3 6.941885 3363.0 -1.192777104614301 4.168530116238112 0.7469759070095102 -0.002976505811905608 6.488765058119056 0.7643421627333571 0.0 0.0 0.45607530116238115 0.0
0.3 6.953562 3363.0 -1.2007523930180182 4.175752393018018 0.7403980855855855 -0.0036354307432432697 6.492300957207207 0.7758533502252255 0.0 0.0 0.4561150478603604 0.0
0.3 6.959417 3363.0 -1.2048733108108114 4.179873310810811 0.737101351351351 -0.0043771959459460216 6.4939493243243245 0.7816226351351357 0.0 0.0 0.4561974662162162 0.0
0.3 6.971157 3363.0 -1.2123195441114392 4.188132826790488 0.7304937385676097 -0.005457267482763432 6.498066413395244 0.7931859575066831 0.0 0.0 0.4562 0.0
0.3 6.982933 3363.0 -1.220417611036813 4.195417611036813 0.7238659111705498 -0.006411874428098822 6.501567044414726 0.804798831561906 0.0 0.0 0.4563 0.0
0.3 6.994744 3363.0 -1.2287311184627296 4.20373111846273 0.7172151052298164 -0.008240846061800505 6.5048924473850915 0.8165208770324487 0.0 0.0 0.4563 0.0
0.3 7.000664 3363.0 -1.2321195606252642 4.2078994507815795 0.7138804393747359 -0.009001901140684426 6.507339670468948 0.8223592310942122 0.0 0.0 0.4563779890156316 0.0
0.3 7.012521 3363.0 -1.240134371523915 4.215134371523916 0.7073399332591772 -0.011335172413792947 6.510948609566184 0.8340541268075633 0.0 0.0 0.4564237152391546 0.0
0.3 7.024408 3363.1475878608985 -1.248033115026289 4.22303311502629 0.7011144728346094 -0.014098487224425776 6.514590351443594 0.8457939488977031 0.0 0.0 0.4565147587860899 0.0
0.3 7.030365 3363.697075915506 -1.2518795314085416 4.2268795314085414 0.6978175445069643 -0.015582104971866045 6.5167883036620236 0.8517284198874642 0.0 0.0 0.4565697075915506 0.0
0.3 7.0423 3364.0 -1.2597718225286334 4.234771822528634 0.6911901478928054 -0.019382108306460637 6.520885911264316 0.8635615367508064 0.0 0.0 0.4566 0.0
0.3 7.054257 3364.3997960224374 -1.267398776134625 4.243398776134625 0.6850010198878125 -0.0241390617032126 6.524199388067312 0.875478021417644 0.0 0.0 0.45663997960224373 0.0
0.3 7.060244 3365.0 -1.271066111111111 4.247066111111111 0.6819433333333333 -0.026956666666666695 6.526037777777778 0.881402 0.0 0.0 0.4567 0.0
0.3 7.072239 3365.144015101044 -1.2788640906062625 4.2548640906062625 0.675423939595825 -0.033720886075949405 6.530432045303131 0.8933961359093938 0.0 0.0 0.4567144015101044 0.0
0.3 7.084254 3366.4535496102803 -1.2867212976616809 4.263174847271961 0.6697322519485993 -0.04204697703812906 6.53436064883084 0.9054087212976614 0.0 0.0 0.4568 0.0
0.3 7.090269 3367.0 -1.2905183869619725 4.267518386961973 0.6665680108650229 -0.04696030087755964 6.536259193480986 0.911429419139156 0.0 0.0 0.4568 0.0
0.3 7.102324 3367.312028657617 -1.2981842006033184 4.275184200603318 0.6601278280542986 -0.058588329562594355 6.53993608597285 0.9235387066365008 0.0 0.0 0.4568312028657617 0.0
0.3 7.114401 3368.4823375050464 -1.3058940250302784 4.283376362535325 0.6535883124747679 -0.07296332256762209 6.543447012515139 0.9357233750504642 0.0 0.0 0.4569 0.0
0.3 7.120449 3369.0910351659236 -1.309546210995542 4.287637246161466 0.6505448241703815 -0.08140208023774095 6.545364140663695 0.9418194551758293 0.0 0.0 0.45690910351659236 0.0
0.3 7.132567 3370.295708111368 -1.316774248668208 4.296069956779576 0.6445214594431601 -0.10213673736053888 6.549887124334104 0.9539866519248166 0.0 0.0 0.457 0.0
0.3 7.144711 3371.534158261412 -1.3242049495684725 4.304204949568473 0.6383292086929395 -0.1276048975772074 6.553602474784236 0.9662813351356974 0.0 0.0 0.457 0.0
0.3 7.150796 3372.157553744969 -1.3281028762147833 4.308102876214783 0.6352122312751548 -0.1423587709826238 6.555472661234907 0.9724228035731811 0.0 0.0 0.4570157553744969 0.0
0.3 7.162985 3373.3665277918913 -1.3361991667513464 4.316565694543237 0.6295338888324358 -0.17807550045726986 6.5594661111675645 0.9847652779189104 0.0 0.0 0.4571 0.0
0.3 7.169089 3373.98678996037 -1.339920739762219 4.3209075297225885 0.6270528401585207 -0.1981719947159828 6.56194715984148 0.9909678996036984 0.0 0.0 0.4571 0.0
0.3 7.181315 3375.2068289663707 -1.3472409737982256 4.329240973798226 0.6209658551681454 -0.24913481534969925 6.565620486899113 1.0034476067670721 0.0 0.0 0.4571206828966371 0.0
0.3 7.193567 3376.4474845542804 -1.354684907325684 4.3371323918799645 0.6147625772285967 -0.3121910856134145 6.569342453662841 1.0159538393645189 0.0 0.0 0.4572 0.0
0.3 7.199706 3377.051394260126 -1.3583597598208832 4.341359759820883 0.6117430286993693 -0.34836397313250256 6.571205577040504 1.0222139426012615 0.0 0.0 0.4572 0.0
0.3 7.212006 3378.5933671945027 -1.3667801015835075 4.350076785180759 0.605813265610995 -0.43719175380937975 6.575890050791754 1.034755841051688 0.0 0.0 0.4572 0.0
0.3 7.224347 3380.5321572580647 -1.3741929435483868 4.358192943548387 0.6003392137096776 -0.5479789012096747 6.5795964717741935 1.0474280040322579 0.0 0.0 0.45725321572580646 0.0
0.3 7.230531 3381.3064243868535 -1.3779192731605598 4.362072485353987 0.5972339390328667 -0.6120233541852829 6.581612848773707 1.0537934068116372 0.0 0.0 0.4573 0.0
0.3 7.242929 3383.390435835351 -1.3853426150121066 4.370733050847458 0.5914382566585956 -0.7700761501210664 6.586171307506054 1.0665824455205812 0.0 0.0 0.4573 0.0
0.3 7.249142 3384.0339825119236 -1.389101947535771 4.375118938791733 0.5889150437201908 -0.8599258942766282 6.588050973767886 1.0729750099364068 0.0 0.0 0.4573 0.0
0.3 7.261598 3386.2570970007023 -1.3965425820042132 4.383799679004915 0.5827145149964889 -1.082136272444585 6.5920283880028085 1.0857480991072328 0.0 0.0 0.4573257097000702 0.0
0.3 7.274086 3388.014877683475 -1.4040446330504242 4.392552071892162 0.5769702446330505 -1.3607926010983464 6.596522316525212 1.0986773639540686 0.0 0.0 0.4574 0.0
0.3 7.280342 3389.1325518485123 -1.4077953110910733 4.396927862939585 0.574337240757439 -1.5221811541929728 6.598397655545536 1.1051652840396755 0.0 0.0 0.4574 0.0
0.3 7.292874 3390.775032509753 -1.415325097529259 4.405712613784136 0.5684499349804939 -1.9179332899870138 6.602162548764629 1.1181301690507157 0.0 0.0 0.4574 0.0
0.3 7.299152 3392.031018611167 -1.4190930558335004 4.4100930558335 0.565922453472083 -2.1427333299980136 6.6040620372223335 1.1246612967780674 0.0 0.0 0.4574 0.0
0.3 7.311731 3394.5482192877153 -1.4266446578631453 4.417918767507003 0.5599035614245699 -2.704253781512613 6.608822328931573 1.1377507402961187 0.0 0.0 0.4574274109643857 0.0
0.3 7.324338 3396.5358501902665 -1.4342151011415982 4.426750951331864 0.5543207490486682 -3.4053191868615964 6.613143400761065 1.1509264269977968 0.0 0.0 0.4575 0.0
0.3 7.330655 3397.3299980380616 -1.4379899941141847 4.431154993133215 0.5513400039238769 -3.7876504218167457 6.615494997057093 1.1575489896017264 0.0 0.0 0.4575 0.0
0.3 7.34331 3399.7219027705173 -1.4455266596968113 4.43988761108207 0.5461952430737063 -4.3893848405645555 6.619443805541035 1.170731416623105 0.0 0.0 0.4575 0.0
0.3 7.349649 3400.82645060115 -1.4493925771040252 4.4443058024046005 0.5434338734971249 -4.557055201254581 6.6216529012023 1.1773587036069004 0.0 0.0 0.4575 0.0
0.3 7.362351 3402.9152486910994 -1.4576609947643981 4.453618619109948 0.5382118782722511 -4.792066344895296 6.625830497382199 1.190657591623037 0.0 0.0 0.4575 0.0
0.3 7.375074 3404.9669621273165 -1.4648843674456082 4.461867848509266 0.5320991136180501 -4.971835616438353 6.629933924254633 1.2038869057211923 0.0 0.0 0.4575 0.0
0.3 7.381444 3406.821270310192 -1.468642540620384 4.46655317577548 0.529268094534712 -5.059662259970455 6.632731905465288 1.2105655096011816 0.0 0.0 0.4575910635155096 0.0
0.3 7.394196 3408.796893491124 -1.4770860207100591 4.475086020710059 0.5245077662721894 -5.23663845414201 6.636593786982248 1.223868099112426 0.0 0.0 0.4576 0.0
0.3 7.400581 3409.7424085320695 -1.4809696341282774 4.4797120426603465 0.521772774403792 -5.326228810546588 6.638484817064139 1.2305711005776923 0.0 0.0 0.4576 0.0
0.3 7.413365 3411.958048708049 -1.4885547965547963 4.488874146124146 0.5164032521532522 -5.515522141372137 6.643277398277398 1.2440028289278287 0.0 0.0 0.4576 0.0
0.3 7.419769 3413.384541134541 -1.492358776358776 4.493153623403623 0.514025764775765 -5.613379521829512 6.645179388179388 1.2507073433323428 0.0 0.0 0.4576 0.0
0.3 7.432604 3414.751060188974 -1.50048939811026 4.502240458299234 0.5085063611338441 -5.820984443121799 6.649995759244104 1.2641100513354666 0.0 0.0 0.4576 0.0
0.3 7.439037 3414.2724499665205 -1.5052755003347964 4.506547950301317 0.5056346997991222 -5.929581102596529 6.651910200133918 1.2708584554720628 0.0 0.0 0.4576 0.0
0.3 7.451926 3414.0 -1.5138555093555097 4.515669958419958 0.5008866943866942 -6.153489864864871 6.655927754677755 1.2844162681912685 0.0 0.0 0.4576 0.0
0.3 7.464849 3414.0 -1.5234489099807211 4.524448909980721 0.4954204360077116 -6.390663117306844 6.660579563992289 1.2979284739730095 0.0 0.0 0.4576 0.0
0.3 7.471325 3413.8750648004147 -1.5281244167962678 4.529124416796267 0.4932503888024881 -6.514682789009858 6.662624675997926 1.3046615863141529 0.0 0.0 0.4576 0.0
0.3 7.484301 3413.0 -1.536858242083457 4.537858242083457 0.4876567031666172 -6.770959129920103 6.667343296833383 1.318218703758509 0.0 0.0 0.4576 0.0
0.3 7.490802 3413.0 -1.5416003989361702 4.5426003989361705 0.4856664450354609 -6.905085948581563 6.669266843971631 1.3250406250000002 0.0 0.0 0.4576 0.0
0.3 7.503829 3413.0 -1.550290603333825 4.551290603333825 0.48082563799970496 -7.179255362147809 6.673174362000295 1.3386068446673551 0.0 0.0 0.4576 0.0
0.3 7.510355 3412.9896117291682 -1.5551038827083175 4.556093494437485 0.4779480586458412 -7.321036218964104 6.676041553083327 1.3453464746187276 0.0 0.0 0.4576 0.0
0.3 7.523432 3412.026154866279 -1.5647384513372136 4.564764606203493 0.47313077433139317 -7.61190384587048 6.6798953805348855 1.3589312163854712 0.0 0.0 0.4576 0.0
0.3 7.529983 3412.0 -1.5686463145505367 4.569557893188171 0.4702652640870974 -7.758633426511686 6.682734735912902 1.3656810504634393 0.0 0.0 0.4576 0.0
0.3 7.543113 3412.0 -1.5782037023433484 4.578283332109013 0.46539814882832575 -8.054377550870498 6.68668148093734 1.3792772203041215 0.0 0.0 0.4576 0.0
0.3 7.54969 3411.194102112676 -1.5830294894366197 4.583029489436619 0.46338820422535215 -8.198798195422533 6.688611795774648 1.3860412852112676 0.0 0.0 0.4576 0.0
0.3 7.562868 3411.0 -1.5918187747325223 4.5918187747325225 0.4586562362597098 -8.465738252967904 6.69334376374029 1.3995625384728125 0.0 0.0 0.4576 0.0
0.3 7.574057 3411.0 -1.5998714390065742 4.5996842951059165 0.4542514243973703 -8.656929349890431 6.696935719503287 1.411020014609204 0.0 0.002483399561723979 0.4576 2.8857589481374346e-05
0.3 7.583352 3411.0 -1.606661066471877 4.6057949598246894 0.4515355734112492 -8.791635558802039 6.700330533235938 1.420525493060628 0.0 0.011493235208180805 0.4576 0.00013355364499634365
0.3 7.591318 3410.105324580598 -1.611578701677608 4.61147337709701 0.44831597374179416 -8.894157943107224 6.702789350838804 1.4287521954777538 0.0002684026258205827 0.022565677607586182 0.4576 0.0008653774908826042
0.3 7.601487 3410.0 -1.6188820572594156 4.618193851533475 0.44455897137029227 -9.000618751365916 6.705752822903766 1.4391348801631816 0.0007817440081590811 0.0326617308953154 0.4576 0.002335077511473676
0.3 7.610113 3410.0 -1.625161647024589 4.624161647024589 0.4417353411901644 -9.084320587807364 6.708264658809835 1.4479895387749164 0.0011896988214753453 0.039117558562490995 0.4576 0.0035093326058489942
0.3 7.619907 3409.9717604355715 -1.6312823956442832 4.631254156079855 0.4388588021778584 -9.168548210526318 6.7121129582577135 1.4580981778584394 0.0018197676950998285 0.04470300834845742 0.4576 0.004959997241379333
0.3 7.630201 3409.2244646098 -1.638755353901996 4.637979818511796 0.435122323049002 -9.246565894736838 6.7151021415607985 1.4686350490018143 0.002342874773139717 0.048222771687840095 0.4576 0.00612428413793097
0.3 7.640556 3409.0 -1.6462409366109854 4.645240936610985 0.43186614632723036 -9.319342439273468 6.718107082938216 1.4792774673572104 0.003424093661098535 0.05467735064556125 0.4575973229265446 0.008483248668757722
0.3 7.64936 3409.0 -1.652020789262528 4.651020789262528 0.42865511707637327 -9.375535451163469 6.720675906338902 1.4883325698446275 0.004002078926252806 0.057252596104748615 0.4575331023415275 0.009688669049529464
0.3 7.659376 3408.2076945328317 -1.6589615273358402 4.657169221868672 0.42541538906566384 -9.435558374312988 6.723584610934337 1.4986253688168933 0.005013074920451261 0.06147191495516345 0.4575 0.011744072895574205
0.3 7.669919 3408.0 -1.66591619748809 4.664573552764545 0.42171322361772773 -9.49102957990472 6.727286776382273 1.5095001804532986 0.00638323949761802 0.06617413165872674 0.4574342644723545 0.014394449256532417
0.3 7.679717 3408.0 -1.672641147635525 4.67091291810842 0.41854354094579 -9.538275115340255 6.73045645905421 1.5195704296424455 0.007 0.06796055507497116 0.4574 0.01558
0.3 7.689565 3408.0 -1.6791573834196893 4.677730426021877 0.4157078295912492 -9.578446560161199 6.733292170408751 1.5296945092112841 0.007573042602187696 0.06925822394933798 0.4573426957397812 0.016645859240069113
0.3 7.69925 3407.461151802384 -1.6856942409880802 4.684155392790465 0.4123834554071518 -9.615571204940402 6.736077696395232 1.5396797070228354 0.008538848197616043 0.07166867442194476 0.4572461151802384 0.0184207037196612
0.3 7.709159 3407.0 -1.69280487804878 4.690804878048779 0.409078048780488 -9.64699219512195 6.7389219512195115 1.5498229268292676 0.010921951219511998 0.07751995121951172 0.4571039024390244 0.022681073170731356
0.3 7.719013 3407.0 -1.6991730851825342 4.697173085182534 0.4062564065855404 -9.674069906943451 6.741743593414459 1.5599769362920546 0.011 0.07713384538296347 0.4571 0.02281314101646385
0.3 7.729013 3407.0 -1.7060085714285718 4.704008571428572 0.4033965714285713 -9.699889485714287 6.744603428571429 1.570192171428572 0.012603428571428696 0.0802452171428574 0.4569396571428571 0.02559194857142879
0.3 7.739224 3407.0 -1.7126565750106855 4.7106565750106855 0.39985745832739694 -9.72039542669896 6.747514033338082 1.5806505200170968 0.014382718335945344 0.08340548083772625 0.4567114474996438 0.028624336087761878
0.3 7.749093 3406.3385446276293 -1.7193072768618536 4.717307276861854 0.39667708925525863 -9.738305173393973 6.7503229107447416 1.590762478681069 0.0152 0.08447573052870948 0.4566 0.03001
0.3 7.759024 3406.0 -1.725812708082454 4.723812708082454 0.3938610186300205 -9.752834483247149 6.75313898136998 1.6009003329319262 0.01637643975348873 0.08604188000283351 0.456493050931501 0.031961820500106305
0.3 7.769006 3406.0 -1.732410336063259 4.729928268850607 0.39103586557469644 -9.766868878847783 6.755964134425303 1.611070883931093 0.0174 0.08730860773792715 0.4564 0.03366
0.3 7.779002 3406.0 -1.7394569657698271 4.736456965769827 0.3882172136920692 -9.77905286660093 6.758782786307931 1.621218030708551 0.019361064938723922 0.09001942527116519 0.45613258205381035 0.03686010142273585
0.3 7.78911 3406.0 -1.7458958114081249 4.742895811408125 0.38537963937416675 -9.790381442503332 6.761620360625833 1.6314332982529998 0.0196 0.08974456254823544 0.4561 0.03724344909843542
0.3 7.798976 3406.0 -1.7524581528573424 4.7494581528573425 0.3826167388570631 -9.79963480508593 6.764383261142937 1.6413797401145729 0.021190750314377466 0.0914848917144054 0.45589251082855947 0.03968837222299836
0.3 7.809045 3406.0 -1.7589188738269033 4.755918873826904 0.3798138338547097 -9.807421265206813 6.76718616614529 1.651470198123045 0.023102391379909677 0.0936397184567258 0.455581383385471 0.042687429961765805
0.3 7.819059 3406.0 -1.7649316641305852 4.762414580163232 0.3770341679347073 -9.815252621386083 6.769965832065293 1.6614769954350537 0.0241 0.09441371282335036 0.4554 0.04426517083967354
0.3 7.829017 3405.1431326629013 -1.7712843366854942 4.768427469348396 0.37428626532580234 -9.823084143821463 6.771856867337099 1.6713694448271117 0.0241 0.0937129976580796 0.4554 0.04426
0.3 7.839033 3405.0 -1.7775326302814487 4.774532630281449 0.371541053208245 -9.829309682941862 6.774458946791755 1.681313682120112 0.025452420735465272 0.09487562076285691 0.4552155789906184 0.046374694240909335
0.3 7.84897 3405.586530612245 -1.7839326530612243 4.780932653061225 0.3688269387755103 -9.83440093877551 6.77717306122449 1.6911230204081629 0.027590367346938673 0.0970283469387754 0.45486538775510205 0.049700069387754946
0.3 7.858986 3406.0 -1.7897784998646087 4.786778499864608 0.3661107500676957 -9.841267749796913 6.779889249932305 1.7009012997562953 0.0285 0.09749934876793936 0.4547 0.05110055375033848
0.3 7.869011 3406.0 -1.7958153473995433 4.793461497110603 0.36341540115575854 -9.845541513237468 6.782584598844242 1.710604555839269 0.02992152936433279 0.09853614702324959 0.45444154011557586 0.053277524526273407
0.3 7.879364 3406.0 -1.8023904292188748 4.7997123433751 0.36064382831245007 -9.849802066115702 6.78535617168755 1.72058221807518 0.0307 0.09875383364436152 0.4543 0.05446321914156225
0.3 7.890986 3406.0 -1.8089807654434453 4.806980765443446 0.35767307818551825 -9.85768653581041 6.7884358957526425 1.7316692247095125 0.03313974266395329 0.10075256351342482 0.45375641042473575 0.05817179347469314
0.3 7.901732 3406.0 -1.8153297446333618 4.8133297446333625 0.35555675178887935 -9.862130821243353 6.791257664281494 1.741827591413379 0.03469171535482179 0.10174018249852294 0.4534742335718506 0.060513861353640154
0.3 7.912677 3406.0 -1.822276988636364 4.8202215909090915 0.3528892045454544 -9.866677272727273 6.794110795454545 1.7519988636363641 0.0351 0.10137230113636361 0.4534 0.06111944602272727
0.3 7.919654 3406.0 -1.826781766528926 4.82382541322314 0.35108729338842953 -9.869560330578512 6.7959127066115705 1.7584857438016535 0.0351 0.10092182334710739 0.4534 0.06111043646694215
0.3 7.933642 3406.8713692946058 -1.8339709543568463 4.831842323651452 0.34751452282157674 -9.875276763485477 6.799485477178423 1.7711734439834024 0.03701701244813277 0.10194564315352696 0.4529643153526971 0.0639768049792531
0.3 7.940643 3407.0 -1.838145741324921 4.836145741324921 0.34574170347003164 -9.8761 6.801258296529968 1.7774669526813875 0.0373 0.10178542586750791 0.4529 0.06439370851735016
0.3 7.954667 3407.0 -1.8459188786901515 4.844535102952121 0.34323244852393947 -9.8806664599355 6.805151327214091 1.7898864301662119 0.0395 0.10300811213098486 0.4524 0.06766616224261969
0.3 7.961691 3407.1257184786596 -1.8501314663079371 4.848131466307938 0.3414971260853613 -9.883127442827442 6.807502873914639 1.7959600587012357 0.03978915250091727 0.10282571847865968 0.45233714076067016 0.06806858505564396
0.3 7.975766 3407.9863641922466 -1.857877277730219 4.855877277730219 0.33805454323101386 -9.886053638253639 6.810945456768986 1.8080090986914517 0.04176863764216704 0.10368636419224654 0.45190681790387677 0.07086568362480125
0.3 7.982818 3408.0 -1.86128910295003 4.860111378687537 0.33635544852498506 -9.888813509933774 6.812644551475015 1.8139559301625523 0.0418 0.10328886213124626 0.4519 0.07091
0.3 7.98988 3408.0 -1.865325395880462 4.86366031670437 0.3353349208239076 -9.891661269198714 6.814330158352185 1.8197225383974285 0.0418 0.10280095249434455 0.4519 0.07090334920823908
0.3 8.004033 3409.0 -1.8726544545243073 4.8716544545243075 0.33233821819027703 -9.893925029076529 6.817661781809723 1.8311500581530582 0.04252795999069529 0.10259633635729223 0.4517014654570831 0.07197539544079987
0.3 8.01113 3409.0765942896223 -1.876612754316977 4.875689348606599 0.33077021713113364 -9.8962 6.8193829714481105 1.8367263634809368 0.044 0.10351574628141565 0.45130765942896217 0.07415
0.3 8.025363 3409.8877300963127 -1.883101840770502 4.882989570866815 0.3283368097110617 -9.8962 6.823438650481564 1.847595583290591 0.044 0.10262349689405596 0.4513887730096313 0.07415
0.3 8.032498 3410.0 -1.886878399465002 4.886302719572002 0.3268486402139992 -9.8981573116362 6.825151359786001 1.8528994872938027 0.044 0.10221216005349978 0.4514 0.07415575679893001
0.3 8.039644 3410.0 -1.8904664031620548 4.889833003952568 0.3252667984189726 -9.8996 6.826733201581027 1.858082905138339 0.044 0.10178003952569177 0.4514 0.07416
0.3 8.053988 3410.0 -1.8976296296296296 4.896703703703704 0.32307407407407407 -9.8996 6.8307777777777785 1.868125925925926 0.044 0.10093703703703703 0.4514 0.07416925925925925
0.3 8.061181 3410.6898854961833 -1.9007595419847323 4.900449427480916 0.3216202290076338 -9.90201459923664 6.832379770992366 1.8730152671755718 0.044 0.10055505725190846 0.4514 0.07418379770992367
0.3 8.075616 3411.0 -1.9069663951120164 4.906966395112017 0.3188067209775967 -9.903776476578411 6.83557983706721 1.8823983299389004 0.044 0.09980336048879836 0.4514 0.07420386558044807
0.3 8.082861 3411.0 -1.9106552953156817 4.9106552953156815 0.31806894093686366 -9.906358706720976 6.837793177189409 1.8869725661914452 0.044 0.09943447046843185 0.4514 0.07421862118126273
0.3 8.090124 3411.0 -1.9136225983076152 4.913622598307615 0.3166887008461924 -9.911189547038326 6.839311299153808 1.8913338974614229 0.042557570930811625 0.09781988451966184 0.4517933897461423 0.07210880836236974
0.3 8.104706 3412.0 -1.9193891932741356 4.920311354619308 0.3139221613451729 -9.92108800302286 6.843155677309654 1.8997514641979971 0.04162097109389766 0.09633085206877014 0.45204670319289625 0.07076780275836018
0.3 8.112025 3412.0 -1.9228461175136966 4.923076894010958 0.31323077649726067 -9.923646126960136 6.844538447005479 1.9037614963158882 0.04003078594369951 0.09465078688834339 0.45246153410164364 0.06852771585112453
0.3 8.119365 3412.0 -1.9257960755547403 4.926245094443426 0.3121019622226298 -9.927777837887401 6.846347056666055 1.9076145057766365 0.0395 0.09389243168897855 0.4526 0.06779347056666056
0.3 8.134104 3412.0 -1.931096568236233 4.932096568236233 0.3102258579409417 -9.92049752593775 6.849548284118116 1.9150351955307263 0.03779688747007181 0.09176109337589783 0.4529870710295291 0.06529403830806063
0.3 8.141506 3412.0 -1.9340733686368294 4.934658694909464 0.30917065254526827 -9.90430364707892 6.851244021182097 1.918497770755039 0.03638771779979507 0.09018575589340629 0.45330733686368296 0.06319987017423992
0.3 8.156373 3412.6762298540207 -1.9397049194160834 4.940381149270104 0.30732377014597917 -9.797108151210857 6.854352459708042 1.9250487722555063 0.03212458864230828 0.08556848198464223 0.45420860686861875 0.05677630917222117
0.3 8.163838 3413.0 -1.9422402358772757 4.943240235877275 0.30637988206136213 -9.701448910349532 6.855930176907957 1.9281262712588672 0.029335740534996737 0.08250280574309857 0.45474804717545514 0.052514699598324506
0.3 8.171329 3413.0 -1.944801042645928 4.945801042645928 0.3050994786770361 -9.591910400820437 6.857850781984445 1.931071199042817 0.026518853089479388 0.07930819929920503 0.45526020852918553 0.04816773010853751
0.3 8.186386 3413.0 -1.9490286316529073 4.950028631652907 0.30374284208677316 -9.305305814157713 6.860514315826454 1.9366286316529073 0.019611294572281175 0.07042209555594509 0.4562828737045495 0.03713835236254956
0.3 8.193951 3413.0 -1.9516862813982083 4.952686281398209 0.3030784296504479 -9.057546416652015 6.861843140699104 1.9392862813982084 0.01369802388898616 0.06203056648515676 0.45701372738450735 0.0274711514140167
0.3 8.201545 3413.0 -1.9537907536076962 4.954790753607696 0.30240308213076794 -8.721484215214714 6.863193835738464 1.9421070550507746 0.005240067699983051 0.024604133262074265 0.45757753429538567 0.010613152503119519
0.3 8.209166 3413.2799023596417 -1.9558397070789257 4.956839707078926 0.30172009764035806 -8.514691863303499 6.864559804719284 1.9449755899104961 0.0 0.0 0.4579 0.0
0.3 8.224492 3414.0 -1.9593520066121772 4.961028009918266 0.30032399669391135 -8.547134153733122 6.866676003306089 1.9507716135549633 0.0 0.0 0.4579 0.0
0.3 8.2322 3414.0 -1.9611694488482703 4.962779632565513 0.29961018371724324 -8.570464105194443 6.867389816282757 1.9535423202462 0.0 0.0 0.4579 0.0
0.3 8.23994 3414.0 -1.9632268549227712 4.964226854922772 0.2988865725386145 -8.5834 6.8681134274613855 1.9561969961148493 0.0 0.0 0.4579 0.0
0.3 8.255523 3414.0 -1.9661996917445335 4.967199691744534 0.2974001541277333 -8.575482034486079 6.8695998458722665 1.9612195067912535 0.0 0.0 0.4579 0.0
0.3 8.263369 3414.0 -1.9677229293127083 4.968722929312708 0.297 -8.56224777756021 6.870361464656354 1.963548247503427 0.0 0.0 0.4579 0.0
0.3 8.271256 3414.0 -1.9692717770034844 4.970271777003484 0.29686411149825787 -8.544952264808362 6.871135888501742 1.965766898954704 0.0 0.0 0.4579135888501742 0.0
0.3 8.279185 3414.0 -1.970850472872076 4.9718504728720765 0.29607476356396206 -8.526086849178695 6.871925236436038 1.9678981383773022 0.0 0.0 0.4579925236436038 0.0
0.3 8.295178 3414.0 -1.9731049109440957 4.974552455472048 0.295 -8.484978122104394 6.873 1.97187064758571 0.0 0.0 0.458 0.0
0.3 8.30325 3414.0 -1.97439017492406 4.97578034984812 0.29460982507594 -8.463906609406095 6.87339017492406 1.973719367340526 0.0 0.0 0.458 0.0
0.3 8.311377 3414.245578521202 -1.9752455785212018 4.9772455785212015 0.294 -8.44304992542084 6.874245578521202 1.9754665991902836 0.0 0.0 0.458 0.0
0.3 8.319562 3415.0 -1.9761196618252763 4.978119661825276 0.294 -8.423427270756559 6.875 1.97710342510297 0.0 0.0 0.458 0.0
0.3 8.336125 3415.0 -1.9779308557565063 4.979930855756507 0.29306914424349373 -8.386441398323779 6.875930855756507 1.9799962836347593 0.0 0.0 0.458 0.0
0.3 8.344514 3415.0 -1.9788705697622253 4.980870569762225 0.293 -8.36890740242261 6.876 1.981405854643338 0.0 0.0 0.458 0.0
0.3 8.352981 3415.0 -1.9798345315531212 4.981834531553122 0.293 -8.351645338354444 6.876834531553121 1.9826848910190575 0.0 0.0 0.458 0.0
0.3 8.361531 3415.0 -1.9806900573427932 4.9826900573427935 0.2923099426572068 -8.329930440276025 6.877 1.9838660802799104 0.0 0.0 0.458 0.0
0.3 8.370171 3415.0 -1.9814529665946485 4.9834529665946485 0.292 -8.304151379424967 6.877 1.9849341532325078 0.0 0.0 0.458 0.0
0.3 8.387747 3415.0 -1.9827845418212962 4.984784541821297 0.292 -8.247189530402514 6.877784541821296 1.986876812731944 0.0 0.0 0.458 0.0
0.3 8.396696 3415.0 -1.9833651253001663 4.9853651253001665 0.2916348746998337 -8.218496047041436 6.878 1.9877111754202328 0.0 0.0 0.458 0.0
0.3 8.405768 3415.0 -1.9839237115941137 4.985923711594113 0.29107628840588634 -8.189728852903146 6.878 1.9884931962317591 0.0 0.0 0.458 0.0
0.3 8.41497 3415.0 -1.9844254193824127 4.986425419382413 0.291 -8.161891430708408 6.878425419382412 1.9891955871353777 0.0 0.0 0.458 0.0
0.3 8.424315 3415.0 -1.9849246714392563 4.986924671439256 0.291 -8.133833465113794 6.878924671439256 1.9898945400149588 0.0 0.0 0.458 0.0
0.3 8.433811 3415.0 -1.9853770575891818 4.987377057589182 0.291 -8.107353602238282 6.879 1.990452469107018 0.0 0.0 0.458 0.0
0.3 8.443476 3415.0 -1.9858277453951971 4.987827745395197 0.291 -8.080763021683374 6.879 1.9909932944742366 0.0 0.0 0.458 0.0
0.3 8.45332 3415.0 -1.986 4.988 0.2907480747173521 -8.054905054891037 6.879 1.9914771178109127 0.0 0.0 0.458 0.0
0.3 8.463358 3415.0 -1.986 4.988 0.29033688349991804 -8.029287842044898 6.879 1.99192942815009 0.0 0.0 0.458 0.0
0.3 8.473605 3415.0 -1.9860733210104744 4.988073321010475 0.29 -8.00351947011707 6.879073321010474 1.9923586568083795 0.0 0.0 0.458 0.0
0.3 8.484082 3415.0 -1.9864530462832084 4.988453046283208 0.29 -7.9787613823348185 6.879453046283208 1.9926624370265666 0.0 0.0 0.458 0.0
0.3 8.49481 3415.0 -1.986841868725309 4.988841868725309 0.29 -7.953410159109858 6.8798418687253085 1.9929734949802471 0.0 0.0 0.458 0.0
0.3 8.505806 3415.0 -1.987 4.989 0.29 -7.9294482358642995 6.88 1.9932500193861067 0.0 0.0 0.458 0.0
0.3 8.517106 3415.0 -1.987 4.989 0.29 -7.9061910468497585 6.88 1.9935055928917609 0.0 0.0 0.458 0.0
0.3 8.52873 3415.0 -1.987 4.989 0.29 -7.882267014539581 6.88 1.993768494345719 0.0 0.0 0.458 0.0
0.3 8.540717 3415.0 -1.9873075717106028 4.989307571710603 0.29 -7.858823452560677 6.88 1.993923028684241 0.0 0.0 0.458 0.0
0.3 8.553118 3415.0 -1.9876676053884565 4.9896676053884566 0.29 -7.834737199512253 6.88 1.9940670421553826 0.0 0.0 0.458 0.0
0.3 8.565988 3415.0 -1.988 4.99 0.29 -7.810209020152883 6.88 1.9942118498957608 0.0 0.0 0.458 0.0
0.3 8.579052 3415.0 -1.988 4.99 0.29 -7.789146838082001 6.88 1.9943207922168171 0.0 0.0 0.458 0.0
0.3 8.591956 3415.0 -1.988 4.99 0.29 -7.768342612925644 6.88 1.9944284002779709 0.0 0.0 0.458 0.0
0.3 8.604698 3415.0 -1.988 4.99 0.29 -7.749771159808555 6.88 1.9945125101592365 0.0 0.0 0.458 0.0
0.3 8.617271 3415.0 -1.988 4.99 0.29 -7.735465166611481 6.88 1.994550356702086 0.0 0.0 0.458 0.0
0.3 8.629671 3415.0 -1.988 4.99 0.29 -7.7213560187833 6.88 1.9945876824899913 0.0 0.0 0.458 0.0
0.3 8.641893 3415.0 -1.988 4.99 0.29 -7.710324562540507 6.88 1.9946 0.0 0.0 0.458 0.0
0.3 8.653935 3415.0 -1.988 4.99 0.29 -7.70088138690862 6.88 1.9946 0.0 0.0 0.458 0.0
0.3 8.665794 3415.0 -1.988 4.99 0.29 -7.691817201166181 6.88 1.9945959357212273 0.0 0.0 0.458 0.0
0.3 8.677466 3415.0 -1.988 4.99 0.29 -7.68501137026239 6.88 1.9945554248229904 0.0 0.0 0.458 0.0
0.3 8.688953 3415.0 -1.988 4.99 0.29 -7.678313411078717 6.88 1.9945155560183256 0.0 0.0 0.458 0.0
0.3 8.700252 3415.0 -1.988 4.99 0.29 -7.672117284133387 6.88 1.9945 0.0 0.0 0.458 0.0
0.3 8.711363 3415.0 -1.988 4.99 0.29 -7.666277830415633 6.88 1.9945 0.0 0.0 0.458 0.0
0.3 8.722287 3415.0 -1.988 4.99 0.29 -7.660512733920428 6.88 1.9944927936782513 0.0 0.0 0.458 0.0
0.3 8.733023 3415.0 -1.988 4.99 0.29 -7.654730252398176 6.88 1.9944505857839283 0.0 0.0 0.458 0.0
0.3 8.743576 3415.0 -1.988 4.99 0.29 -7.649046335901872 6.88 1.9944090973423494 0.0 0.0 0.458 0.0
0.3 8.753944 3415.0 -1.988 4.99 0.29 -7.644615673381055 6.88 1.9943329615448642 0.0 0.0 0.458 0.0
0.3 8.764131 3415.0 -1.988 4.99 0.29 -7.640588018145497 6.88 1.994248168803063 0.0 0.0 0.458 0.0
0.3 8.774138 3415.0 -1.988 4.99 0.29 -7.636224104005622 6.88 1.994181465214336 0.0 0.0 0.458 0.0
0.3 8.785851 3415.0 -1.988 4.99 0.29 -7.630462262825018 6.88 1.9941300202037948 0.0 0.0 0.458 0.0
0.3 8.7995 3415.0 -1.9876850328187112 4.99 0.29 -7.624233798650273 6.88 1.994068503281871 0.0 0.0 0.458 0.0
0.3 8.815334 3415.0 -1.987 4.989950793419712 0.29 -7.617562061435435 6.88 1.9939901586839424 0.0 0.0 0.458 0.0
0.3 8.833602 3415.0 -1.987 4.989064298539331 0.29 -7.609672257000049 6.88 1.9938128597078664 0.0 0.0 0.458 0.0
0.3 8.853335 3415.0 -1.987 4.989 0.29 -7.602550442207991 6.88 1.9936128697773712 0.0 0.0 0.458 0.0
0.3 8.872209 3415.0 -1.987 4.989 0.29 -7.594053836344314 6.88 1.993506439957492 0.0 0.0 0.458 0.0
0.3 8.890297 3415.0 -1.987 4.989 0.29 -7.58713840567659 6.88 1.9933128942846057 0.0 0.0 0.458 0.0
0.3 8.907662 3415.0 -1.987 4.989 0.29 -7.578935313817195 6.88 1.9931128991281253 0.0 0.0 0.458 0.0
0.3 8.924359 3415.0 -1.987 4.989 0.29 -7.572319543680576 6.88 1.9929129090363253 0.0 0.0 0.458 0.0
0.3 8.940438 3415.0 -1.987 4.989 0.29 -7.565819825436409 6.88 1.9927129177057357 0.0 0.0 0.458 0.0
0.3 8.955943 3415.0 -1.986064645419872 4.989 0.29 -7.559507266145194 6.88 1.9925129290839743 0.0 0.0 0.458 0.0
0.3 8.970913 3415.0 -1.986 4.9880646759507234 0.29 -7.553207458489556 6.88 1.9923129351901445 0.0 0.0 0.458 0.0
0.3 8.985385 3415.0 -1.986 4.988 0.29093531855955684 -7.548497534626038 6.88 1.9921129362880887 0.0 0.0 0.458 0.0
0.3 8.999389 3415.0 -1.986 4.988 0.291 -7.542495435031482 6.88 1.991819447624499 0.0 0.0 0.458 0.0
0.3 9.012955 3415.0 -1.986 4.988 0.291 -7.5364899556868545 6.879064992614476 1.9916129985228952 0.0 0.0 0.458 0.0
0.3 9.026112 3415.0 -1.986 4.988 0.291 -7.531984908966253 6.879 1.991412950407557 0.0 0.0 0.458 0.0
0.3 9.038882 3415.0 -1.9850648046445944 4.988 0.291 -7.526182347403107 6.879 1.9911194413933784 0.0 0.0 0.458 0.0
0.3 9.051288 3415.0 -1.985 4.987064771442417 0.291 -7.521684994346632 6.879 1.9909129542884831 0.0 0.0 0.458 0.0
0.3 9.063348 3415.0 -1.985 4.987 0.291 -7.517378617710584 6.879 1.9906194384449243 0.0 0.0 0.458 0.0
0.3 9.07508 3415.0 -1.985 4.987 0.291 -7.513173211541745 6.879 1.9903195151101245 0.0 0.0 0.458 0.0
0.3 9.086506 3415.0 -1.985 4.987 0.291 -7.508878672279225 6.879 1.9901129615013593 0.0 0.0 0.458 0.0
0.3 9.097639 3415.0 -1.985 4.987 0.291 -7.50476595591543 6.879 1.9898194601889339 0.0 0.0 0.458 0.0
0.3 9.108494 3415.0 -1.9840648703515733 4.987 0.291 -7.500572455476608 6.879 1.989519461105472 0.0 0.0 0.458 0.0
0.3 9.119084 3415.0 -1.984 4.986064882247233 0.291 -7.496466017213657 6.879 1.98921946467417 0.0 0.0 0.458 0.0
0.3 9.129419 3415.0 -1.984 4.986 0.291 -7.492367322224375 6.879 1.9890130401085062 0.0 0.0 0.458 0.0
0.3 9.139517 3415.0 -1.984 4.986 0.291 -7.489668948412698 6.879 1.988719494047619 0.0 0.0 0.458 0.0
0.3 9.149385 3415.0 -1.984 4.986 0.291 -7.485759819344362 6.879 1.9884194864508271 0.0 0.0 0.458 0.0
0.3 9.159035 3415.0 -1.9830648676699536 4.986 0.291 -7.481759470679814 6.878064867669954 1.988119460300986 0.0 0.0 0.458 0.0
0.3 9.168474 3415.0 -1.983 4.985064926798218 0.291 -7.479068809675367 6.878 1.9878194780394653 0.0 0.0 0.458 0.0
0.3 9.17771 3415.0 -1.983 4.985 0.29193474962063726 -7.476469650986344 6.878 1.9875195751138088 0.0 0.0 0.458 0.0
0.3 9.186756 3415.0 -1.983 4.985 0.292 -7.472654704449856 6.878 1.987219592649989 0.0 0.0 0.458 0.0
0.3 9.195617 3415.0 -1.983 4.985 0.292 -7.469969277721261 6.878 1.986919532044761 0.0 0.0 0.458 0.0
0.3 9.204302 3415.0 -1.9820650294015911 4.985 0.292 -7.467369076444137 6.878 1.9866195088204772 0.0 0.0 0.458 0.0
0.3 9.212816 3415.0 -1.982 4.984065035869693 0.292 -7.464862589674232 6.878 1.986319510760908 0.0 0.0 0.458 0.0
0.3 9.221166 3415.0 -1.982 4.984 0.292 -7.461147410071942 6.878 1.9859260431654677 0.0 0.0 0.458 0.0
0.3 9.229357 3415.0 -1.982 4.984 0.292 -7.458563448612978 6.878 1.9856196138335573 0.0 0.0 0.458 0.0
0.3 9.237398 3415.0 -1.982 4.984 0.292 -7.456062847178976 6.878 1.9853195416614773 0.0 0.0 0.458 0.0
0.3 9.245293 3415.0 -1.9810650602409638 4.984 0.292 -7.454778072289156 6.878 1.9850195180722892 0.0 0.0 0.458 0.0
0.3 9.253047 3415.0 -1.981 4.983065074241446 0.292 -7.452362685603616 6.878 1.9847195222724336 0.0 0.0 0.458 0.0
0.3 9.260665 3415.0 -1.981 4.983 0.292 -7.449956425755585 6.878 1.984326070959264 0.0 0.0 0.458 0.0
0.3 9.26815 3415.0 -1.981 4.983 0.292 -7.4474634795399846 6.877065391815993 1.9840196175447982 0.0 0.0 0.458 0.0
0.3 9.275509 3415.0 -1.9800651789359096 4.983 0.292 -7.446178214723092 6.877 1.983719553680773 0.0 0.0 0.458 0.0
0.3 9.282747 3415.0 -1.98 4.982065145228216 0.292 -7.443856348547717 6.877 1.9834195435684647 0.0 0.0 0.458 0.0
0.3 9.289865 3415.0 -1.98 4.982 0.2929348804500703 -7.4414562869198315 6.877 1.983119535864979 0.0 0.0 0.458 0.0
0.3 9.296869 3415.0 -1.98 4.982 0.293 -7.440178204944977 6.877 1.982726068314992 0.0 0.0 0.458 0.0
0.3 9.30376 3415.0 -1.98 4.982 0.293 -7.4378568627450985 6.877 1.982419607843137 0.0 0.0 0.458 0.0
0.3 9.310545 3415.0 -1.9790650826446283 4.982 0.293 -7.436578099173554 6.877 1.9821195247933885 0.0 0.0 0.458 0.0
0.3 9.317225 3415.0 -1.979 4.981065178303866 0.293 -7.434349910098891 6.877 1.9817260713215463 0.0 0.0 0.458 0.0
0.3 9.323805 3415.0 -1.979 4.981 0.293 -7.433078137836604 6.877 1.9814195344591512 0.0 0.0 0.458 0.0
0.3 9.330286 3415.0 -1.979 4.981 0.293 -7.430756416988417 6.877 1.9811195521235523 0.0 0.0 0.458 0.0
0.3 9.33667 3415.0 -1.9780655172413792 4.981 0.293 -7.429572068965517 6.877 1.9808196551724138 0.0 0.0 0.458 0.0
0.3 9.342963 3415.0 -1.978 4.980065532050263 0.293 -7.428378638460315 6.876065532050263 1.980426212820105 0.0 0.0 0.458 0.0
0.3 9.349167 3415.0 -1.978 4.98 0.293 -7.42614996772111 6.876 1.9801195610071014 0.0 0.0 0.458 0.0
0.3 9.355283 3415.0 -1.978 4.98 0.293 -7.424878166939444 6.876 1.979819541734861 0.0 0.0 0.458 0.0
0.3 9.361314 3415.0 -1.978 4.98 0.293 -7.4237717391304345 6.876 1.9794260869565217 0.0 0.0 0.458 0.0
0.3 9.367263 3415.0 -1.977065118626956 4.98 0.293 -7.422578142352347 6.876 1.9791195355880868 0.0 0.0 0.458 0.0
0.3 9.373129 3415.0 -1.977 4.97906549548013 0.2939345045198703 -7.421472045028143 6.876 1.9788196486440388 0.0 0.0 0.458 0.0
0.3 9.378919 3415.0 -1.977 4.979 0.294 -7.420278229292755 6.876 1.9785195573231886 0.0 0.0 0.458 0.0
0.3 9.384633 3415.0 -1.977 4.979 0.294 -7.419171676300579 6.876 1.978126064109301 0.0 0.0 0.458 0.0
0.3 9.390273 3415.0 -1.9760651286601596 4.979 0.294 -7.417978154392192 6.876 1.977819538598048 0.0 0.0 0.458 0.0
0.3 9.39584 3415.0 -1.976 4.978065252561567 0.294 -7.4158435556354485 6.875065252561567 1.9775195757684703 0.0 0.0 0.4579065252561567 0.0
0.3 9.401335 3415.0 -1.976 4.978 0.294 -7.4145786598689005 6.875 1.9772196649672251 0.0 0.0 0.4579 0.0
0.3 9.406763 3415.0 -1.976 4.978 0.294 -7.4145 6.875 1.976826115824419 0.0 0.0 0.4579 0.0
0.3 9.412124 3415.0 -1.976 4.978 0.294 -7.413471868583162 6.875 1.9765196005226804 0.0 0.0 0.4579 0.0
0.3 9.41742 3415.0 -1.975065381708239 4.978 0.294 -7.412371919879063 6.875 1.9762196145124715 0.0 0.0 0.4579 0.0
0.3 9.422652 3415.0 -1.975 4.9770652381863405 0.294 -7.411271762004974 6.875 1.9759195714559021 0.0 0.0 0.4579 0.0
0.3 9.42782 3415.0 -1.975 4.977 0.294 -7.410172183507549 6.875 1.9755262485482 0.0 0.0 0.4579 0.0
0.3 9.432929 3415.0 -1.975 4.977 0.294 -7.408978306878307 6.875 1.9752195767195768 0.0 0.0 0.4579 0.0
0.3 9.437979 3415.0 -1.975 4.977 0.294 -7.407871720174395 6.875 1.9749195600475624 0.0 0.0 0.4579 0.0
0.3 9.44297 3415.9346431435447 -1.9740653568564552 4.977 0.294 -7.4078 6.875 1.9746196070569366 0.0 0.0 0.4579 0.0
0.3 9.447905 3416.0 -1.974 4.976065301155952 0.29493469884404805 -7.406771831271547 6.875 1.9743195903467856 0.0 0.0 0.4579 0.0
0.3 9.452783 3416.0 -1.974 4.976 0.295 -7.405672190319934 6.875 1.974019688269073 0.0 0.0 0.4579 0.0
0.3 9.46238 3416.0 -1.9730652265100672 4.976 0.295 -7.4045 6.874065226510067 1.9733195679530202 0.0 0.0 0.4579 0.0
0.3 9.47177 3416.0 -1.973 4.975 0.295 -7.402371667381055 6.874 1.9727195456493785 0.0 0.0 0.4579 0.0
0.3 9.480959 3416.0 -1.973 4.975 0.295 -7.401272241681261 6.874 1.9721197022767074 0.0 0.0 0.4579 0.0
0.3 9.48996 3416.0 -1.972 4.974065265981225 0.295 -7.4001 6.874 1.9715195797943674 0.0 0.0 0.4579 0.0
0.3 9.503119 3416.0 -1.972 4.974 0.295 -7.397972235023041 6.874 1.9706197004608295 0.0 0.0 0.4579 0.0
0.3 9.511676 3416.0 -1.971 4.9730653349001175 0.29593466509988253 -7.396965334900117 6.873 1.9700196004700352 0.0 0.0 0.4579 0.0
0.3 9.520068 3416.0 -1.971 4.973 0.296 -7.395871962616822 6.873 1.9694196261682244 0.0 0.0 0.4579 0.0
0.3 9.532358 3416.0 -1.97 4.97206533530572 0.296 -7.3947 6.873 1.9685196005917158 0.0 0.0 0.4579 0.0
0.3 9.540363 3416.0 -1.97 4.972 0.296 -7.3936 6.873 1.9679195930670685 0.0 0.0 0.4579 0.0
0.3 9.5521 3416.0 -1.969 4.9710652903225805 0.296 -7.3925 6.873 1.9670195870967744 0.0 0.0 0.4579 0.0
0.3 9.559752 3416.0 -1.969 4.971 0.296 -7.3915 6.872065405831363 1.966519621749409 0.0 0.0 0.4579 0.0
0.3 9.570983 3416.0 -1.968 4.971 0.2969347357065803 -7.3904 6.872 1.965619579288026 0.0 0.0 0.4579 0.0
0.3 9.581931 3416.0 -1.968 4.97 0.297 -7.3893 6.872 1.9648196571744538 0.0 0.0 0.4579 0.0
0.3 9.589079 3416.0 -1.9670655046387404 4.97 0.297 -7.388365504638741 6.872 1.9642196513916221 0.0 0.0 0.4579 0.0
0.3 9.599586 3416.0 -1.967 4.969 0.297 -7.3883 6.872 1.9634196140552995 0.0 0.0 0.4579 0.0
0.3 9.609844 3416.0 -1.966 4.969 0.297 -7.3872 6.871065467413742 1.9626196402241225 0.0 0.0 0.4579 0.0
0.3 9.619865 3416.0 -1.966 4.968021763002895 0.297 -7.386221763002895 6.871 1.9619152341020265 0.0 0.0 0.4579 0.0
0.3 9.629661 3416.0 -1.9650216547497446 4.968 0.2979783452502554 -7.3862 6.871 1.9611173237997956 0.0 0.0 0.4579 0.0
0.3 9.63924 3416.0 -1.965 4.967021723237598 0.298 -7.3851238955613585 6.871 1.9603173785900783 0.0 0.0 0.4579 0.0
0.3 9.651694 3416.0 -1.9640161484695107 4.966016148469511 0.298 -7.384017763316462 6.870016148469511 1.9593161484695107 0.0 0.0 0.4579 0.0
0.3 9.660804 3416.0 -1.964 4.966 0.298 -7.384 6.87 1.9586151438611903 0.0 0.0 0.4579 0.0
0.3 9.669727 3416.0 -1.9630217488789239 4.9650217488789234 0.298 -7.383021748878924 6.87 1.9579152242152467 0.0 0.0 0.4579 0.0
0.3 9.681347 3416.0 -1.9620161873600825 4.965 0.29898381263991736 -7.383 6.87 1.9570145686240745 0.0 0.0 0.4579 0.0
0.3 9.689862 3416.0 -1.962 4.96402161908119 0.299 -7.382021619081189 6.87 1.9563151333568323 0.0 0.0 0.4579 0.0
0.3 9.700961 3416.0 -1.96101622352411 4.964 0.299 -7.382 6.86901622352411 1.955414601171699 0.0 0.0 0.4579 0.0
0.3 9.709105 3416.0 -1.961 4.963021621621622 0.299 -7.380923783783784 6.869 1.9547151351351353 0.0 0.0 0.4579 0.0
0.3 9.719729 3416.0 -1.9600161958568738 4.963 0.299 -7.3809 6.869 1.9538145762711865 0.0 0.0 0.4579 0.0
0.3 9.7301 3416.0 -1.96 4.962016205266711 0.299 -7.3809 6.869 1.9530129642133693 0.0 0.0 0.4579 0.0
0.3 9.740228 3416.0 -1.9590162962962963 4.962 0.2999837037037038 -7.3799162962962965 6.869 1.952213037037037 0.0 0.0 0.4579 0.0
0.3 9.750127 3416.0 -1.959 4.961016270843861 0.3 -7.3799 6.868016270843861 1.9513146437594744 0.0 0.0 0.4579 0.0
0.3 9.759805 3416.0 -1.9580162290676038 4.9600162290676035 0.3 -7.378817851974365 6.868 1.950512983254083 0.0 0.0 0.4579 0.0
0.3 9.769271 3416.0 -1.958 4.96 0.3 -7.3788 6.868 1.9498113917362359 0.0 0.0 0.4579 0.0
0.3 9.780821 3416.0 -1.957012991512212 4.959012991512211 0.3 -7.3778129915122115 6.868 1.948812991512212 0.0 0.0 0.4579 0.0
0.3 9.789845 3416.0 -1.956016295310941 4.959 0.30098370468905883 -7.3778 6.8670162953109415 1.9481114067176588 0.0 0.0 0.4579 0.0
0.3 9.800868 3416.0 -1.956 4.958012977584173 0.301 -7.3778 6.867 1.9472116798257557 0.0 0.0 0.4579 0.0
0.3 9.809489 3416.0 -1.9550162450684614 4.958 0.301 -7.376816245068461 6.867 1.9465113715479228 0.0 0.0 0.4579 0.0
0.3 9.82003 3416.0 -1.955 4.9570130005693676 0.301 -7.3768 6.867 1.9456117005124312 0.0 0.0 0.4579 0.0
0.3 9.830321 3416.0 -1.9540130248833594 4.957 0.301 -7.3768 6.867 1.9447117223950234 0.0 0.0 0.4579 0.0
0.3 9.840374 3416.0 -1.954 4.956012936610608 0.30198706338939213 -7.375714230271669 6.866012936610607 1.9439103492884862 0.0 0.0 0.4579 0.0
0.3 9.850199 3416.0 -1.95301303064237 4.95501303064237 0.302 -7.3757 6.866 1.943110424513896 0.0 0.0 0.4579 0.0
0.3 9.859808 3416.0 -1.953 4.955 0.302 -7.3757 6.866 1.9423103279541905 0.0 0.0 0.4579 0.0
0.3 9.869208 3416.0 -1.9520129814854223 4.954012981485422 0.302 -7.3757 6.866 1.9416090870397957 0.0 0.0 0.4579 0.0
0.3 9.880226 3416.0 -1.9510108034498412 4.954 0.302 -7.374710803449841 6.865010803449842 1.9407097231048571 0.0 0.0 0.4579 0.0
0.3 9.889199 3416.0 -1.951 4.953012931995541 0.302 -7.3747 6.865 1.9400090523968785 0.0 0.0 0.4579 0.0
0.3 9.899727 3416.0 -1.9500108303249097 4.953 0.30298916967509026 -7.3747 6.865 1.9391097472924188 0.0 0.0 0.4579 0.0
0.3 9.910006 3416.0 -1.95 4.952010801868432 0.303 -7.373710801868432 6.865 1.938308641494745 0.0 0.0 0.4579 0.0
0.3 9.920047 3416.0 -1.949010857655145 4.952 0.303 -7.3737 6.865 1.937508686124116 0.0 0.0 0.4579 0.0
0.3 9.929862 3416.0 -1.949 4.951010803098247 0.303 -7.3737 6.864010803098247 1.9367086424785978 0.0 0.0 0.4579 0.0
0.3 9.939459 3416.0 -1.9480108389786346 4.951 0.303 -7.372611922876499 6.864 1.9360075872850442 0.0 0.0 0.4579 0.0
0.3 9.950395 3416.0 -1.948 4.950009238086527 0.3039907619134731 -7.3726 6.864 1.9351083142778742 0.0 0.0 0.4579 0.0
0.3 9.959554 3416.0 -1.9470108114011138 4.95 0.304 -7.3726 6.864 1.9344075679807795 0.0 0.0 0.4579 0.0
0.3 9.970001 3416.0 -1.947 4.949009286740067 0.304 -7.371609286740067 6.864 1.9336074293920535 0.0 0.0 0.4579 0.0
0.3 9.980203 3416.0 -1.9460092165898617 4.949 0.304 -7.3716 6.863009216589862 1.9328073732718896 0.0 0.0 0.4579 0.0
0.3 9.99017 3416.0 -1.946 4.948009232313096 0.304 -7.3716 6.863 1.9321064626191669 0.0 0.0 0.4579 0.0
0.3 9.999914 3416.0 -1.945009238349415 4.948 0.304 -7.370609238349415 6.863 1.931307390679532 0.0 0.0 0.4579 0.0
