M_Ms log_t_yr Teff L_Ls g R_Rs Log_Li_Li0 logTc logROc Mrad Rrad k2conv k2rad
0.6 5.703957 3986.966594827586 0.15983297413793093 3.412133620689655 2.5235323275862065 0.0 6.274066810344828 -0.49036616379310327 0.0 0.0 0.44630334051724135 0.0
0.6 5.738317 3983.3505225417653 0.13350522541765164 3.4368452971241137 2.4514641086276594 0.0 6.286247387291175 -0.4535722633305358 0.0 0.0 0.4466649477458235 0.0
0.6 5.769327 3980.993360494945 0.10996680247472466 3.460029877772748 2.387913686434284 0.0 6.297016598762637 -0.42065352346461454 0.0 0.0 0.44700033197525274 0.0
0.6 5.797516 3977.7485924480143 0.08811725846407921 3.4796313339839355 2.332731701824187 0.0 6.307128518879964 -0.3909401471361008 0.0 0.0 0.44726257037759926 0.0
0.6 5.823296 3975.0 0.06845339299030552 3.4985466070096947 2.2836881431767333 0.0 6.316218642803878 -0.3638347501864277 0.0 0.0 0.4475 0.0
0.6 5.846997 3973.0 0.050816899316899436 3.5151831006831005 2.240360558360559 0.0 6.32390986040986 -0.33904365904365924 0.0 0.0 0.4477 0.0
0.6 5.868886 3971.1204142011834 0.034602071005917244 3.530397928994083 2.200444970414201 0.0 6.331638757396449 -0.31634289940828414 0.0 0.0 0.4478879585798817 0.0
0.6 5.889182 3969.125128960943 0.01962564480471605 3.5453743551952837 2.1645015475313185 0.0 6.338624613117171 -0.2952759027266025 0.0 0.0 0.44808748710390567 0.0
0.6 5.908067 3967.0 0.0047342739564962665 3.558265726043504 2.1318154027042917 0.0 6.3449594356261025 -0.27582798353909477 0.0 0.0 0.4482 0.0
0.6 5.925695 3965.0 -0.008199443141852548 3.5701994431418527 2.1013612250879246 0.0 6.350479777256741 -0.25772077960140644 0.0 0.0 0.44832398886283703 0.0
0.6 5.942195 3963.3443582613786 -0.020278208693106748 3.582278208693107 2.073960120005854 0.0 6.356139104346553 -0.24081050782965055 0.0 0.0 0.4484827820869311 0.0
0.6 5.95768 3961.5406964011972 -0.03159303598802849 3.5925930359880285 2.0484360172275347 0.0 6.361296517994014 -0.2250156799766404 0.0 0.0 0.44864593035988026 0.0
0.6 5.972245 3959.9560055357274 -0.04321997232136387 3.603197975089228 2.0245160608929993 0.0 6.3660879889285455 -0.21029423847330422 0.0 0.0 0.4487021997232136 0.0
0.6 5.985973 3957.9561863173217 -0.05321906841339179 3.612219068413392 2.002518049490538 0.0 6.370131441048035 -0.1963933042212515 0.0 0.0 0.44880438136826784 0.0
0.6 5.998937 3956.0700887014686 -0.06264955649265674 3.6216495564926565 1.9827008870146865 0.0 6.374859822597062 -0.1832836120401337 0.0 0.0 0.4489 0.0
0.6 6.011202 3954.2878523684976 -0.07156073815751252 3.629704664341761 1.9631663760534723 0.0 6.3792803690787565 -0.1709005739610576 0.0 0.0 0.4489856073815751 0.0
0.6 6.022824 3953.6007541150025 -0.08019585236748616 3.637796606482489 1.9456082952650275 0.0 6.382798491769995 -0.15924520339351736 0.0 0.0 0.4491199622942499 0.0
0.6 6.033854 3952.001160176927 -0.08899361902690142 3.6449947792038286 1.928012761946197 0.0 6.385997679646146 -0.1482080052207964 0.0 0.0 0.44919994199115365 0.0
0.6 6.044336 3950.4825589810393 -0.09658720509480417 3.6523284845853237 1.9125668693009112 0.0 6.390034882037922 -0.13772965696917025 0.0 0.0 0.44932587205094804 0.0
0.6 6.05431 3949.038934722825 -0.10380532638587328 3.6588247937472858 1.8974088145896661 0.0 6.392922130554349 -0.12776864958749487 0.0 0.0 0.44939805326385873 0.0
0.6 6.063814 3947.6650303205315 -0.11084233323707776 3.6656748483973436 1.8836503032053131 0.0 6.3966699393589375 -0.11830545769563952 0.0 0.0 0.44941674848397345 0.0
0.6 6.072875 3946.3567715853305 -0.11803775628068157 3.672216142073347 1.8705677158533063 0.0 6.399286456829339 -0.10934388535951477 0.0 0.0 0.4494821614207335 0.0
0.6 6.081531 3945.1073748015588 -0.12446312599220664 3.6775705007937654 1.8580737480155867 0.0 6.401785250396883 -0.10074088613075484 0.0 0.0 0.44958926251984416 0.0
0.6 6.089803 3943.9150834772595 -0.13042458261370168 3.6833821243523315 1.845193293033967 0.0 6.4051698330454805 -0.09251407599309167 0.0 0.0 0.449604245826137 0.0
0.6 6.097715 3942.7763385146804 -0.13611830742659764 3.688506476683938 1.8343752158894646 0.0 6.407447322970639 -0.08465673575129527 0.0 0.0 0.44966118307426595 0.0
0.6 6.105296 3941.685730708435 -0.1415713464578245 3.6935713464578246 1.823857307084351 0.0 6.409942807874694 -0.07713154188820222 0.0 0.0 0.44973142692915646 0.0
0.6 6.112558 3940.463901248744 -0.14696569542127164 3.6987869958375197 1.8134260083249607 0.0 6.412714798335008 -0.06995181570259806 0.0 0.0 0.4498178699583752 0.0
0.6 6.119523 3938.9643318501508 -0.15246411654944744 3.703785560499498 1.8034288790010047 0.0 6.414714224199799 -0.06310378211568818 0.0 0.0 0.449867855604995 0.0
0.6 6.126209 3937.6837202636857 -0.15758139868157084 3.7082651189452567 1.7938372026368583 0.0 6.416632559472629 -0.056517669819432265 0.0 0.0 0.4499 0.0
0.6 6.132634 3936.763325463261 -0.16218337268369487 3.7121833726836946 1.7847515919009798 0.0 6.4185916863418475 -0.0501669456965011 0.0 0.0 0.44991183372683696 0.0
0.6 6.138808 3935.879874078844 -0.16660062960578104 3.716600629605781 1.7763588037490161 0.0 6.42080031480289 -0.044071131144022196 0.0 0.0 0.4499560062960578 0.0
0.6 6.144749 3935.029763182371 -0.17085118408814498 3.720851184088145 1.7682827502325245 0.0 6.422925592044073 -0.03820536595835994 0.0 0.0 0.44999851184088147 0.0
0.6 6.150465 3934.21359223301 -0.17571844660194144 3.724145631067961 1.7609223300970878 0.0 6.42457281553398 -0.03257378640776732 0.0 0.0 0.450078640776699 0.0
0.6 6.15597 3933.4281842818427 -0.1798590785907859 3.727859078590786 1.7535677506775067 0.0 6.426429539295393 -0.027154471544715446 0.0 0.0 0.45012859078590783 0.0
0.6 6.161278 3932.67108828983 -0.18364455855084896 3.731644558550849 1.746375338753387 0.0 6.428322279275425 -0.021930509199828443 0.0 0.0 0.4501664455855085 0.0
0.6 6.166395 3931.8827546955035 -0.18729311326124065 3.7352344906089923 1.739472396129767 0.0 6.430117245304496 -0.016895503699487904 0.0 0.0 0.4502 0.0
0.6 6.171331 3930.4780876494024 -0.1908047808764944 3.7380438247011956 1.73315139442231 0.0 6.431521912350598 -0.012049402390437707 0.0 0.0 0.4502 0.0
0.6 6.176097 3929.561149032992 -0.19419425483504005 3.74119425483504 1.72661149032992 0.0 6.432877701934016 -0.007371928327644729 0.0 0.0 0.45024388509670077 0.0
0.6 6.180699 3928.9069107421597 -0.1975119909181207 3.7444189016602807 1.720162196679439 0.0 6.434232723144601 -0.0028576841209031357 0.0 0.0 0.450304654462892 0.0
0.6 6.185145 3928.276003973322 -0.2009819781467293 3.7472579821200513 1.7144840357598976 0.0 6.435809990066695 0.0014955725840785686 0.0 0.0 0.4503361998013339 0.0
0.6 6.189445 3927.665815240528 -0.20433801617709682 3.750003831417625 1.7089923371647506 0.0 6.43733546189868 0.00570587484035784 0.0 0.0 0.4503667092379736 0.0
0.6 6.193603 3927.0757769263514 -0.20758322690506661 3.7526590038314183 1.7036819923371638 0.0 6.438810557684121 0.009777139208174496 0.0 0.0 0.45039621115368245 0.0
0.6 6.197628 3926.505383961462 -0.21047308019268915 3.755473080192689 1.6985484556531596 0.0 6.4399892320770755 0.013712850665911044 0.0 0.0 0.4504 0.0
0.6 6.20152 3925.931051552224 -0.21322982815925334 3.758206845343328 1.6935633264974186 0.0 6.441114914079627 0.017517162859769602 0.0 0.0 0.45040229828159256 0.0
0.6 6.205294 3925.1304009617425 -0.21589866346085865 3.760608797114773 1.6884925394243686 0.0 6.442449331730429 0.021200155575984935 0.0 0.0 0.4504289866346086 0.0
0.6 6.208946 3924.3556325578106 -0.218481224807298 3.762933102326568 1.6835856728661338 0.0 6.443740612403649 0.024764090234071244 0.0 0.0 0.450454812248073 0.0
0.6 6.212489 3923.6039884025176 -0.22098670532494155 3.7651880347924473 1.678825259882611 0.0 6.44499335266247 0.02822165334841935 0.0 0.0 0.45047986705324944 0.0
0.6 6.215923 3922.9171372106152 -0.22349717673630748 3.7674143139469227 1.674254234895539 0.0 6.446165725578769 0.031571753246753584 0.0 0.0 0.4505 0.0
0.6 6.219254 3922.446922642575 -0.22631846414455162 3.7697653867871264 1.6700223037831725 0.0 6.4471061547148505 0.034816233766234356 0.0 0.0 0.4505 0.0
0.6 6.222488 3921.980826166643 -0.22904793458339254 3.772047934583392 1.6659233046665718 0.0 6.448019173833357 0.03796614972508167 0.0 0.0 0.45050095869166784 0.0
0.6 6.225625 3921.0962921189903 -0.2312592697025238 3.7742592697025237 1.6623851684759618 0.0 6.448903707881009 0.04101779218948282 0.0 0.0 0.4505451853940505 0.0
0.6 6.228672 3920.2371352037217 -0.2334071619906955 3.7764071619906954 1.6589485408148872 0.0 6.449762864796279 0.04398188354715976 0.0 0.0 0.4505881432398139 0.0
0.6 6.23163 3919.702019846576 -0.23548990076711954 3.7783409106904076 1.6553181786191848 0.0 6.45074495038356 0.046856063058624935 0.0 0.0 0.4506148990076712 0.0
0.6 6.234507 3919.2970652403405 -0.2375146737982968 3.780163206418467 1.6516735871630657 0.0 6.451757336899148 0.049650249841649556 0.0 0.0 0.45063514673798294 0.0
0.6 6.237302 3918.90365261454 -0.23948173692729943 3.7819335632345696 1.648132873530861 0.0 6.45274086846365 0.0523647969596732 0.0 0.0 0.450654817369273 0.0
0.6 6.24002 3918.5210781898795 -0.241394609050602 3.783655148145542 1.6446897037089163 0.0 6.453697304525301 0.05500456048983077 0.0 0.0 0.45067394609050604 0.0
0.6 6.250178 3917.092876211887 -0.2494427427286778 3.790535618940565 1.6318358859069833 0.0 6.456814247576226 0.06485915413797946 0.0 0.0 0.4507 0.0
0.6 6.259319 3915.216238956668 -0.2559458701444397 3.7963512831299955 1.6208920207544526 0.0 6.459972935072219 0.07370530079932675 0.0 0.0 0.4507594587014444 0.0
0.6 6.269532 3913.3794117647058 -0.26310294117647054 3.8031029411764705 1.608414705882353 0.0 6.463241176470588 0.08351999999999993 0.0 0.0 0.4508 0.0
0.6 6.280296 3910.8736474694592 -0.2716317626527047 3.809631762652705 1.594926003490402 0.0 6.466315881326352 0.09387183246073252 0.0 0.0 0.4509 0.0
0.6 6.289723 3909.5574869109946 -0.2782125654450265 3.8162125654450265 1.583738638743455 0.0 6.469606282722514 0.1029533403141365 0.0 0.0 0.4509 0.0
0.6 6.299337 3907.4327338630974 -0.28570179841070736 3.8221345322738047 1.5727309354523902 0.0 6.4725672661369025 0.11220706817231345 0.0 0.0 0.45097836330684515 0.0
0.6 6.309952 3905.1079331941546 -0.29330688935281835 3.8293068893528184 1.5602782881002089 0.0 6.475522755741127 0.12234043841336116 0.0 0.0 0.4510630688935282 0.0
0.6 6.319012 3903.478315262719 -0.30013010842368604 3.835086738949124 1.549826522101752 0.0 6.478565054211844 0.130999624687239 0.0 0.0 0.4511 0.0
0.6 6.329247 3901.1130398555756 -0.3077174003610609 3.841717400361061 1.5375086793500903 0.0 6.481886960144425 0.14081001249826405 0.0 0.0 0.4511 0.0
0.6 6.339183 3899.0183696104255 -0.31526597809510637 3.8479448911687233 1.5264313045889362 0.0 6.484642173852766 0.15024944544572338 0.0 0.0 0.4511660543463191 0.0
0.6 6.349149 3897.297922437673 -0.3225103878116341 3.854510387811634 1.5153833795013854 0.0 6.48810623268698 0.15974433518005504 0.0 0.0 0.4512 0.0
0.6 6.359221 3895.3562979871344 -0.32947900670955216 3.860931106038597 1.5042335892647165 -0.00021916026838208574 6.491191602683821 0.16930623919208643 0.0 0.0 0.4512547900670955 0.0
0.6 6.368995 3893.1047829693116 -0.33668565109206516 3.867238042576721 1.4934191318772465 -0.0004 6.493895217030689 0.17858849875587487 0.0 0.0 0.4513 0.0
0.6 6.380304 3890.984892384106 -0.3450553945916111 3.875045322847682 1.4809194260485656 -0.0004 6.498020143487858 0.1892689914459157 0.0 0.0 0.45140050358719647 0.0
0.6 6.391022 3888.766763245033 -0.3531885347682124 3.881699710264901 1.4690894039735092 -0.0004 6.5009776490066224 0.19939844784768274 0.0 0.0 0.45147444122516556 0.0
0.6 6.399075 3886.8005517241377 -0.3589986206896553 3.886998620689655 1.4602022068965514 -0.0004 6.503799172413793 0.20703809655172437 0.0 0.0 0.4515 0.0
0.6 6.411288 3884.434591021757 -0.36841352244560727 3.894413522445607 1.4468797163315892 -0.0004 6.507565408978243 0.21853652575048194 0.0 0.0 0.4516 0.0
0.6 6.419516 3882.1685486091988 -0.37407862847700324 3.900078628477003 1.4383820572844952 -0.0004 6.509831451390801 0.22629772101349446 0.0 0.0 0.4516 0.0
0.6 6.431994 3879.7338099821254 -0.383665475044686 3.907665475044686 1.425001787432971 -0.0009 6.513332737522343 0.238005046060773 0.0 0.0 0.45170665475044686 0.0
0.6 6.440402 3877.4216966863746 -0.389445758284064 3.913445758284064 1.416331362573904 -0.0009 6.516222879142032 0.24586623126632703 0.0 0.0 0.4517644575828406 0.0
0.6 6.453155 3874.9162202994094 -0.39920944925147644 3.921209449251476 1.4036648811976375 -0.0013 6.52008377970059 0.257884850982008 0.0 0.0 0.4518041889850295 0.0
0.6 6.461752 3872.666346483705 -0.4052233962264151 3.9270009605488854 1.3943317324185247 -0.0013444871355060039 6.5225560891938255 0.26591256260720414 0.0 0.0 0.45191112178387655 0.0
0.6 6.470425 3870.881166380789 -0.4117690566037732 3.9323565008576327 1.3854058319039455 -0.001582511149228118 6.5255313893653515 0.27400537907375605 0.0 0.0 0.45197062778730707 0.0
0.6 6.479174 3868.7745474492594 -0.4180636313768516 3.938063631376852 1.3767109160724078 -0.0017 6.528225452550741 0.2821665386725182 0.0 0.0 0.452 0.0
0.6 6.492443 3865.3534164042176 -0.428370806517869 3.946155278652608 1.3637670820210877 -0.0022862111461043285 6.532077639326304 0.2945096261810211 0.0 0.0 0.4521 0.0
0.6 6.501384 3863.5169793235655 -0.4351044091469258 3.9522767355881143 1.3545848966178284 -0.0025310694235245743 6.535138367794056 0.3027735930439544 0.0 0.0 0.4521 0.0
0.6 6.510406 3861.2204896730955 -0.44144877581726116 3.957559020653809 1.3457717138558343 -0.0030448775817261183 6.537779510326905 0.3111503351114752 0.0 0.0 0.45218897551634524 0.0
0.6 6.519509 3858.7322856166725 -0.44823621455415114 3.963669285958319 1.337062999658353 -0.0035535428766655377 6.54083464297916 0.31961022890331414 0.0 0.0 0.4522566928595832 0.0
0.6 6.533317 3855.960725487522 -0.458117823537434 3.972098186281195 1.322862539206327 -0.004415709804991201 6.545039274512478 0.3324335333424252 0.0 0.0 0.45230196372562387 0.0
0.6 6.542625 3853.422733773752 -0.4655874821221824 3.9782988490090583 1.3139795682081317 -0.0054020431791868455 6.547577266226248 0.34106270516924364 0.0 0.0 0.4524144316556562 0.0
0.6 6.552014 3850.8649458557516 -0.47262139889668286 3.984053871824559 1.3050273104951309 -0.006297268950486915 6.550135054144248 0.3497591840904443 0.0 0.0 0.4524783763536062 0.0
0.6 6.561484 3848.287307849272 -0.4792817303768193 3.9902817303768194 1.2968619235478167 -0.007285076860291097 6.553569038226092 0.3585231533124743 0.0 0.0 0.4525 0.0
0.6 6.571034 3845.845715448809 -0.4867714227559536 3.9957714227559538 1.2879200081416649 -0.008969713006309787 6.556308569102382 0.3673491349480969 0.0 0.0 0.4526077142275595 0.0
0.6 6.580662 3844.5392496098784 -0.4933037519506075 4.002303751950607 1.2787747472691493 -0.010406825429133654 6.558921500780243 0.3762331026528262 0.0 0.0 0.45267303751950605 0.0
0.6 6.590365 3843.146454112038 -0.5002677294398096 4.008414183551848 1.2698787246722285 -0.012109609654350477 6.561707091775924 0.3851919845053638 0.0 0.0 0.4527 0.0
0.6 6.600142 3842.2310920695986 -0.5063823555128093 4.01438235551281 1.2605420127655853 -0.014376051412083595 6.565075631721605 0.39425042406225413 0.0 0.0 0.4527768907930401 0.0
0.6 6.609986 3841.2443861490033 -0.5132892969569782 4.020533683105982 1.2519550891920248 -0.017040157397691606 6.56826684155299 0.40334940188877266 0.0 0.0 0.4528755613850997 0.0
0.6 6.619897 3840.073105134474 -0.520561369193154 4.026634474327628 1.2425848410757947 -0.020295305623471857 6.570853789731051 0.41254440097799505 0.0 0.0 0.4529 0.0
0.6 6.629869 3839.102794793262 -0.5272804364471669 4.033280436447167 1.233925153139357 -0.024178541347626342 6.5736916156202145 0.4218028905053599 0.0 0.0 0.4529897205206738 0.0
0.6 6.6399 3837.980702277927 -0.5340675420272557 4.039067542027255 1.2249131602506713 -0.0283492091912863 6.57702894658311 0.4311897344076397 0.0 0.0 0.45300096488610364 0.0
0.6 6.649986 3835.987680060652 -0.5410862395754362 4.046073919636089 1.2158891205458677 -0.03348131159969699 6.580036959818044 0.4405219673995455 0.0 0.0 0.4531 0.0
0.6 6.66012 3835.027293404094 -0.5478089461713418 4.051836239575436 1.2072456406368464 -0.03981986353297936 6.582918119787718 0.450029795299469 0.0 0.0 0.4531 0.0
0.6 6.670305 3833.9111529411766 -0.5546219294117645 4.058621929411764 1.1982003764705886 -0.047526277647058475 6.586266541176471 0.4594795858823526 0.0 0.0 0.4532 0.0
0.6 6.680532 3832.939440993789 -0.5613633540372671 4.065302795031056 1.1895155279503105 -0.05657531055900615 6.589181677018634 0.4690086956521739 0.0 0.0 0.45320605590062113 0.0
0.6 6.690803 3831.6695109643088 -0.568321956142765 4.07115671162492 1.1805127993393891 -0.06769775208734699 6.592495733553537 0.4785854940820255 0.0 0.0 0.4533 0.0
0.6 6.701112 3829.868655097614 -0.575788069414317 4.077788069414317 1.1719492407809107 -0.0805468872017361 6.595394034707159 0.48822956616052104 0.0 0.0 0.4533131344902386 0.0
0.6 6.71146 3828.7705963122794 -0.5826058258140446 4.0846058258140445 1.162935366810514 -0.09611456453511176 6.598688211063162 0.4979022754021184 0.0 0.0 0.4534 0.0
0.6 6.721848 3827.491511803114 -0.5897797086891006 4.091525464590657 1.1539660472124564 -0.1146848819688588 6.601762732295329 0.5076644701155193 0.0 0.0 0.4534254244098443 0.0
0.6 6.732271 3825.703568251458 -0.5970750222397944 4.097778590491252 1.1456285460116635 -0.13674400513986343 6.604889295245626 0.5173864584362953 0.0 0.0 0.4535 0.0
0.6 6.742732 3824.665599679904 -0.6043408022406722 4.104006401920576 1.1369903971191357 -0.16309664899469845 6.6080032009602885 0.5271433630089027 0.0 0.0 0.4535334400320096 0.0
0.6 6.753231 3823.218337060378 -0.6117358202886768 4.110735820288677 1.1278733482415122 -0.19438477332791332 6.611172494409433 0.536995649522261 0.00011724944094329192 0.018951417971134085 0.4536 0.00022160144338282176
0.6 6.76377 3821.547706695851 -0.6191660531290419 4.117713759824893 1.1193816535668093 -0.23109668689682644 6.614356879912447 0.5468515570589991 0.0006618346433190782 0.06084213013630503 0.4536 0.0011350803900109525
0.6 6.76906 3821.0213909063777 -0.6228502636553571 4.120871654561735 1.1151711272510203 -0.25099142373892874 6.615935827280867 0.551798925480051 0.0010828872748979623 0.0752158143468292 0.4536 0.0017961330215898006
0.6 6.779694 3818.9616394104582 -0.6302685241267917 4.1272301635372495 1.1066931152836665 -0.29680294770845866 6.619115081768625 0.5618605895416917 0.001926852412679172 0.09143946497072465 0.4537 0.0029648366646476735
0.6 6.790398 3817.763477562494 -0.6378278285312716 4.133827828531271 1.0980539102499753 -0.3479721915470309 6.6223547836562595 0.572011655456279 0.0028720008031320994 0.10290818190944569 0.4537 0.00409335046682047
0.6 6.801174 3815.799133239266 -0.6454060673251358 4.141205200564402 1.0895939326748643 -0.4037686252771596 6.6256026002822015 0.58220823422697 0.00526156016932063 0.12571126788953788 0.4537 0.006763497984277285
0.6 6.812024 3814.42437678589 -0.6530146812493841 4.147726869642329 1.081697507143561 -0.46627163267316935 6.628863434821165 0.5925917725884323 0.0072468420534042635 0.13912202187407618 0.4537 0.008867495516799672
0.6 6.82295 3812.259140538916 -0.6605930081137934 4.154593008113793 1.0730365621556648 -0.5341149754582788 6.632111289191626 0.6030561254132024 0.00926677351497545 0.14985978162876887 0.4537 0.010866773514975451
0.6 6.833946 3810.5228400688748 -0.6683401195178771 4.161862959586752 1.0641827205509977 -0.6079763192545328 6.635431479793376 0.6136807353388029 0.012117775752051058 0.1628436949255546 0.45365228400688745 0.013646201762382263
0.6 6.839472 3809.9283252929017 -0.6722508614748446 4.165215024121295 1.0597491385251556 -0.6467666436939995 6.637071674707098 0.6190512060647824 0.014071674707098431 0.17124011026877975 0.4536 0.015516299104066048
0.6 6.850583 3807.7806623398237 -0.6798773506407059 4.171877350640706 1.0519033116991177 -0.7299844732900671 6.639438675320353 0.6297831253120323 0.01621933766017646 0.17833607921451172 0.4536 0.017498500582459695
0.6 6.861762 3805.918868563686 -0.6873650914634143 4.1792839600271 1.0426754742547428 -0.8042045054200511 6.643121697154471 0.640666505758807 0.018162262872628548 0.1839746189024385 0.4535918868563686 0.019253196985094694
0.6 6.873014 3804.0130420054197 -0.6959413109756103 4.18595435298103 1.0350521680216795 -0.8724330962059668 6.64598043699187 0.6516250084688354 0.021973915989160153 0.19512370426829348 0.45340130420054203 0.022616980860433837
0.6 6.884334 3802.126010500875 -0.7034959579964997 4.193495957996499 1.0265670472539379 -0.9351164513709478 6.648810984248687 0.6626628385698808 0.025747978998249866 0.20456994749562465 0.4533063005250437 0.02587263188599051
0.6 6.89002 3800.676510067114 -0.7073087248322145 4.196646979865772 1.0220295302013427 -0.9654389261744946 6.650323489932886 0.6682307382550331 0.026 0.20447208053691282 0.4533 0.02608338255033557
0.6 6.901441 3798.8072208453345 -0.7159638957733273 4.203867506195995 1.0139397146493399 -1.0262581686650165 6.65338555830933 0.6794265657445245 0.0308337530979973 0.2152903945341284 0.4530807220845335 0.030139894165717822
0.6 6.912923 3797.2690066313885 -0.7236549668430572 4.210789470158751 1.0054795364726372 -1.0905555228079578 6.656461986737223 0.6908093509277246 0.03429473507937573 0.2215970728113069 0.4529269006631389 0.032931752964029753
0.6 6.924468 3794.722549544724 -0.7313872522763792 4.218109801821103 0.9976127477236207 -1.1585355650776648 6.6595549009105515 0.7022531333690413 0.03612078200321372 0.2238305838243171 0.45281676486341726 0.03440327262988752
0.6 6.930261 3793.946864752727 -0.735292243860001 4.2212656762363645 0.993707756139999 -1.1928867295723722 6.661106270494545 0.7079985143545469 0.0394168975440004 0.2300700327912733 0.45259202971290907 0.037082986682727595
0.6 6.941885 3792.391086127284 -0.7438490262999398 4.229044569363581 0.9851509737000601 -1.2656971692431243 6.664217827745433 0.7196668540453725 0.04283961051997593 0.23504852439269228 0.45235866291909255 0.03980559927725358
0.6 6.953562 3789.8291443850267 -0.7518542780748664 4.235854278074867 0.9771457219251336 -1.338359866310161 6.666341711229947 0.7313814171122995 0.0481 0.24307788770053473 0.45201708556149733 0.043958291443850266
0.6 6.959417 3789.0463903743316 -0.7557680481283425 4.239768048128343 0.9732319518716575 -1.3775758422459916 6.667907219251338 0.7372520721925138 0.0481 0.24206030748663096 0.45209536096256686 0.04395046390374332
0.6 6.971157 3786.717595993322 -0.764368814691152 4.246847212020033 0.964631185308848 -1.4571974156928227 6.671043205342237 0.749164180300501 0.05152360601001675 0.24588008681135232 0.45179567946577626 0.04653672454090155
0.6 6.982933 3784.906837265094 -0.7724658136745303 4.254372650939624 0.9565341863254697 -1.5379351459416235 6.674186325469813 0.7612080367852858 0.05740991603358658 0.25363102758896444 0.4513627349060376 0.051052095161935235
0.6 6.994744 3783.0003992812935 -0.7806652026352566 4.260998802156119 0.9486679976043122 -1.621518746256738 6.676999600718706 0.7732646037133161 0.06286608105410262 0.26006616091036133 0.4508667199041725 0.055186228788181274
0.6 7.000664 3781.8185266520263 -0.7849987356092372 4.264544420043921 0.9447284221734207 -1.6646964929793087 6.678181473347974 0.7793709456311978 0.06459949424369488 0.2615631995741001 0.4507091368869368 0.056482349104944575
0.6 7.012521 3778.9692021770875 -0.7931539891145624 4.272153989114562 0.9368460108854377 -1.7513647152528842 6.681061595645825 0.7915402230187172 0.0702 0.26755380326563133 0.4501 0.060669076065312626
0.6 7.024408 3777.089055154605 -0.8013401310997819 4.279732834536185 0.9289635171820166 -1.8437021717539595 6.6842145931271935 0.8038976428524138 0.07156641726809256 0.26704130967357487 0.44997854068728066 0.06162078395020865
0.6 7.030365 3775.905780308548 -0.8056788055353239 4.283282659074356 0.9250192676951602 -1.8915064755346593 6.685792292921936 0.810129557041647 0.07334132953717795 0.26826402701450036 0.4498207707078064 0.06289477653446328
0.6 7.0423 3774.0255021141647 -0.8138724894291752 4.289897991543341 0.9181020084566598 -1.9856928250528516 6.687974497885834 0.8225985332980968 0.07898779069767423 0.27348779069767426 0.44921275105708247 0.06701762817124722
0.6 7.054257 3771.174570808393 -0.8220265737025583 4.2974762875748205 0.9102485693613106 -2.0833405117410995 6.691100572255476 0.835202289021903 0.08471062948102334 0.27836034335328547 0.4485349141616786 0.07117394922054847
0.6 7.060244 3769.993159244886 -0.8263584161020849 4.301020522265342 0.9063105308162864 -2.1329204170229543 6.692675787673486 0.8415031506939418 0.086443366440834 0.2793054726040913 0.44829863184897717 0.07241049332368607
0.6 7.072239 3768.087190245182 -0.8345640487740916 4.308564048774092 0.8984359512259084 -2.233202386259337 6.695825619509637 0.8541937590140285 0.0920076438966825 0.28347739609282785 0.44764359512259083 0.07634360692277412
0.6 7.084254 3765.274890786986 -0.8426587337810519 4.316175327639042 0.8908246723609574 -2.3365924691921456 6.697966812284019 0.866988100671578 0.09786349351242081 0.28771089522070803 0.44685497815739716 0.08049961139727448
0.6 7.090269 3764.098324313751 -0.8469728108495795 4.319705027058747 0.887294972941253 -2.3901262437243287 6.699535567581665 0.8734592162743693 0.09958912433983183 0.28837761622220776 0.44661966486275023 0.08169970919997396
0.6 7.102324 3762.1633103806676 -0.8551834480966611 4.326346758477329 0.8798165519033389 -2.497413238924258 6.702673379238664 0.8863608548785243 0.10488143432506183 0.29167740678186316 0.4458143172664674 0.08542210471612326
0.6 7.114401 3759.5993283389307 -0.8640033583053475 4.334003358305347 0.8729966416946525 -2.606049031258073 6.70540067166107 0.8994656419529837 0.1101 0.2945787910100749 0.44505993283389306 0.08898195298372515
0.6 7.120449 3758.7283077120987 -0.8679056409596705 4.337815076863703 0.8691849231362966 -2.6627868913616743 6.706362256383868 0.906030533221843 0.11089696404451001 0.29401621534701217 0.44487321026564614 0.08949425226731832
0.6 7.132567 3756.38997877404 -0.8757000707531999 4.34483006367788 0.86216993632212 -2.774559014600887 6.70948002830128 0.9192031195729079 0.11775606226281593 0.29845904032932397 0.443781990094552 0.09426444330095836
0.6 7.144711 3754.409827696235 -0.8844754307594128 4.351475430759413 0.8548196553924697 -2.8879822718570503 6.712590172303765 0.93253774090619 0.12459837906828328 0.3025377153797064 0.44266393107849394 0.0989782093171665
0.6 7.150796 3752.8921305182344 -0.8883595649392192 4.355323608445298 0.8516763915547028 -2.9448121305182293 6.714107869481766 0.9392220473448492 0.12786180422264862 0.30432157389635317 0.4420712348048625 0.10120427383237354
0.6 7.162985 3750.5525911708255 -0.8961580294305822 4.362342226487524 0.8446577735124761 -3.0643625911708243 6.716447408829175 0.952713390914907 0.13137111324376197 0.3047894817658349 0.44144735764555343 0.10346582853486881
0.6 7.169089 3749.5849954960754 -0.9004900270235489 4.366075022519624 0.840924977480376 -3.1244723459014243 6.71783000900785 0.9595105391841457 0.1340260198172691 0.305854510359027 0.4409679963968602 0.10524501351177439
0.6 7.181315 3748.0077519379847 -0.9089612403100773 4.372968992248062 0.8340310077519382 -3.2451085271317788 6.720984496124031 0.9731333333333329 0.14096589147286798 0.30948217054263555 0.4396069767441861 0.10997674418604636
0.6 7.193567 3746.123793373337 -0.9169206887555439 4.38062861987999 0.8273713801200105 -3.368231020088701 6.723876206626663 0.9869527915470908 0.14671430993999474 0.3116876206626663 0.43850793112444564 0.11371779285155227
0.6 7.199706 3744.9225802243673 -0.9209247325854422 4.384232259326898 0.823767740673102 -3.432295721367075 6.725077419775633 0.9938797873728149 0.148516129663449 0.3118077419775633 0.4381075267414558 0.11483892512392381
0.6 7.212006 3743.004593175853 -0.9289770341207346 4.390981627296588 0.8170183727034123 -3.5618293307086564 6.727990813648294 1.0077604986876636 0.15427979002624645 0.31389081364829385 0.43690413385826776 0.11868622047244076
0.6 7.224347 3741.375389304884 -0.9368107481280232 4.397810748128022 0.8105015572195349 -3.689669167053208 6.730936916042674 1.0219028825127556 0.16144828705851155 0.3169555297859651 0.43530661983963953 0.12341137101583717
0.6 7.230531 3740.55582797694 -0.9404987741037704 4.4014987741037706 0.8072233119077596 -3.75457842422636 6.7321662580345905 1.0289920879994698 0.16505435690146444 0.3184717182426612 0.4345280365780929 0.12578809886687428
0.6 7.242929 3738.9059028242536 -0.9483763887029851 4.408470485878731 0.8006236112970149 -3.886852496319106 6.735188194351493 1.043309235711418 0.17099170124481347 0.32025645830544774 0.43312472225940296 0.12948819435149256
0.6 7.249142 3738.07428724401 -0.9517028510239591 4.41262856377995 0.7972971489760409 -3.9527164502743917 6.73685142551198 1.050461129701512 0.17356970954356837 0.3207554276535938 0.4324594297952082 0.13115142551197959
0.6 7.261598 3737.198531887669 -0.9600146811233079 4.419411744898647 0.7905882551013537 -4.093326789682807 6.739404404336993 1.0649653983433227 0.17628455114822547 0.319838238265203 0.43167867869890225 0.13274264260219543
0.6 7.274086 3735.706354606069 -0.9674682269696554 4.426174581575724 0.7848254184242757 -4.2344789223023485 6.742587290787862 1.0796547149272004 0.18453250782419336 0.3231928425636139 0.4296888964484965 0.1381158524969381
0.6 7.280342 3734.927109711861 -0.9715831223051123 4.429583122305113 0.7814897679830267 -4.30468201355143 6.7442186708644165 1.0870610019848057 0.18913005270002042 0.3251583122305112 0.42857608651016366 0.14106240503730058
0.6 7.292874 3734.0693997672984 -0.9784448018616113 4.436444801861612 0.7754857983710901 -4.449206139210188 6.746791800698104 1.1018993840257345 0.19419054137293834 0.32584448018616113 0.4271179796044076 0.14415016083772508
0.6 7.299152 3733.2750309874673 -0.9826248450626639 4.439899876050131 0.7721001239498688 -4.524189794794112 6.7484499380250655 1.109334733507782 0.1946 0.3245225588761877 0.4269275030987467 0.14425500619749343
0.6 7.311731 3733.0 -0.9898662601344329 4.446866260134433 0.7658670223823711 -4.671758104081494 6.751199847550412 1.1244591157923916 0.2031794054466082 0.327739740835701 0.42462682419790726 0.1497729471277113
0.6 7.324338 3732.0 -0.9968896358543418 4.453889635854342 0.7601103641456582 -4.820160280112045 6.754222408963585 1.1396349579831933 0.20761221288515405 0.32775602240896357 0.4232441456582633 0.15234515406162463
0.6 7.330655 3731.946088794926 -1.0004312896405922 4.457431289640592 0.7566226215644819 -4.894865961945036 6.755215644820296 1.1473326638477805 0.21251807610993673 0.329726955602537 0.4218975687103593 0.15548868921775907
0.6 7.34331 3731.0542635658917 -1.0075658914728682 4.464565891472868 0.7503798449612404 -5.039876744186045 6.758782945736434 1.1627612403100773 0.21777984496124023 0.33017286821705427 0.4202031007751938 0.1586100775193798
0.6 7.349649 3731.0 -1.0111601645623494 4.46816016456235 0.747629876578238 -5.111666278904811 6.760580082281175 1.17057335792311 0.2227612427294653 0.3320170946233509 0.4187569300610015 0.16172315222017314
0.6 7.362351 3731.0 -1.0184052511415527 4.474604594748858 0.7421960616438356 -5.248338327625573 6.763401969178083 1.1862513555936076 0.23040525114155264 0.33402124714611875 0.4163182933789954 0.16634315068493158
0.6 7.375074 3731.0 -1.0252822545769062 4.481709672769209 0.7362903272307916 -5.387083782614961 6.766427418192302 1.2021185382730284 0.23370967276920845 0.33298467637307194 0.41504435635000725 0.16808306184229485
0.6 7.381444 3731.0 -1.028216994127456 4.485216994127456 0.7329568621764662 -5.455722235916772 6.767695425215689 1.2101077140578558 0.23792980497353747 0.33417803958529696 0.4136741173058797 0.17061699412745607
0.6 7.394196 3731.0 -1.034791830780452 4.491791830780452 0.727406126914661 -5.589887439824941 6.771197957695113 1.2261222319474832 0.2471 0.33702388037928527 0.4106604084609774 0.1763208169219548
0.6 7.400581 3731.0 -1.038455505832294 4.495455505832294 0.7246095664294624 -5.659482752549332 6.772260289047026 1.2342257501283835 0.24746440466583505 0.33550650722617564 0.41036334825031184 0.1762017240114444
0.6 7.413365 3731.005904930617 -1.045017714791851 4.502017714791851 0.718982285208149 -5.7990387363448415 6.776011809861234 1.2504513728963675 0.25273306761145503 0.3356112193681723 0.4083887806318277 0.17912007676409772
0.6 7.419769 3731.9512843224093 -1.0478538529672277 4.504853852967227 0.7161461470327724 -5.869280425155004 6.777902568644818 1.2586761736049603 0.2580271922054916 0.3374074402125775 0.4065925597874225 0.18233436669619132
0.6 7.432604 3732.9284971784973 -1.0544994802494805 4.51149948024948 0.7113575141075139 -6.011617478467484 6.780785491535491 1.2751630011880017 0.26340673448173463 0.3375 0.40445730620730613 0.18537834125334135
0.6 7.439037 3733.8176382660686 -1.0574529147982064 4.515270553064275 0.7085470852017937 -6.0823964125560535 6.782635276532138 1.283513452914798 0.268378774289985 0.33905351270553064 0.4026647234678625 0.18837997010463378
0.6 7.451926 3734.877368421053 -1.063264210526316 4.521264210526316 0.7036131578947367 -6.223281631578951 6.785632105263158 1.300366210526316 0.2743132631578949 0.3393122631578947 0.4002820526315789 0.19154436842105269
0.6 7.464849 3736.713046125742 -1.0687826153143554 4.5281391383772265 0.6982173846856445 -6.364668016440861 6.789069569188613 1.3173678489876697 0.28231131070178117 0.3409860861622774 0.3971156492616836 0.19615565535089058
0.6 7.471325 3737.6988887197444 -1.071247221799361 4.531096666159233 0.6957527782006391 -6.435550098949618 6.790548333079617 1.3258953874257886 0.2846773329273864 0.3406903333840767 0.3960312224082812 0.1973386664636932
0.6 7.484301 3739.68802464382 -1.0770640739314594 4.537408086253369 0.6902799383904504 -6.578155317674241 6.7943760492876395 1.3431514131690414 0.2931209010396612 0.3425504197150559 0.39259595687331533 0.20218245668078558
0.6 7.490802 3740.689333846746 -1.0800680015402389 4.540912668463612 0.6877766653831342 -6.6479465691182185 6.796378667693492 1.3518127377743556 0.29722626877165986 0.34335146707739705 0.3908436657681939 0.2044854678475165
0.6 7.503829 3742.7092353216008 -1.0847730883040023 4.547127705964803 0.6825815293567982 -6.789369163681666 6.799418470643202 1.3693703472979284 0.3042114000934432 0.34421277059648026 0.38773614701759856 0.20827662357888171
0.6 7.510355 3743.725587914655 -1.0873139697866376 4.550176763743965 0.6805488241706901 -6.860259757047186 6.8014511758293095 1.3782126148574985 0.30766699890982696 0.3445176763743965 0.38621161812801746 0.210106058246379
0.6 7.523432 3746.6617266525523 -1.0924362110875872 4.556323453305105 0.6755637889124129 -7.000153665804122 6.805548968870069 1.3959492903630515 0.3145445228573668 0.34522106955226217 0.38296082490394423 0.213705347761311
0.6 7.529983 3747.8060854485257 -1.0946121708970518 4.559418256345578 0.6733878291029484 -7.069910767775496 6.806806085448526 1.404912943402175 0.31796008198013537 0.34554182563455776 0.3813102632823586 0.21547034526249395
0.6 7.543113 3750.8277227722774 -1.0997128712871287 4.565655445544555 0.6682871287128713 -7.209776237623761 6.810770297029703 1.422906534653465 0.3249152475247524 0.346259801980198 0.37788950495049506 0.21909900990099007
0.6 7.54969 3752.8636942675157 -1.101863694267516 4.568795541401274 0.6661363057324842 -7.279467834394901 6.812863694267516 1.432007070063694 0.3284682802547769 0.34657955414012737 0.3762090445859873 0.22088414012738847
0.6 7.562868 3756.0811724915443 -1.1060811724915445 4.575101465614431 0.6618985343855694 -7.418295490417133 6.816081172491544 1.4503510710259298 0.3355359639233369 0.3473142051860203 0.3726289740698986 0.22456696730552417
0.6 7.574057 3759.685295538734 -1.1096852955387342 4.5796066194234175 0.6573933805765824 -7.533537324851024 6.819685295538735 1.4659389032050252 0.34157287002737974 0.34794492671927846 0.3694753664036076 0.22754036881945566
0.6 7.583352 3762.694126249086 -1.1125205946868144 4.583867657811357 0.6543058737509142 -7.623790835973672 6.822694126249086 1.4790020960272963 0.35006266146721876 0.35063882524981715 0.36527528637582274 0.23237265415549582
0.6 7.591318 3765.2828012023724 -1.1144621009017792 4.587103501502965 0.6517171987976276 -7.698344674628325 6.8252828012023725 1.4901981152002606 0.3543986920139738 0.3511565602404745 0.3629454789178648 0.23450831099195724
0.6 7.601487 3768.75055278028 -1.1174503316681679 4.59175055278028 0.648549668331832 -7.7914223159446365 6.827600442224224 1.5045969126197685 0.3599057407255751 0.3518050773892392 0.35982957988698727 0.2371953648349847
0.6 7.610113 3772.2826140365246 -1.119569568421915 4.595282614036525 0.6464304315780853 -7.870116640733767 6.83042609122922 1.516817844566375 0.36463870280894284 0.3522995659651134 0.3571452133322413 0.23952652526410617
0.6 7.619907 3776.3086480704355 -1.1213234592281742 4.599308648070435 0.6433530815436517 -7.962331251542831 6.833646918456348 1.530814095285115 0.36784988068789604 0.35147357854027805 0.35501184892619103 0.24052938369126964
0.6 7.630201 3780.06259314456 -1.1240208643815202 4.6030521609538 0.6399687034277198 -8.059108941877792 6.83704172876304 1.5455804769001489 0.3724959761549924 0.3514271236959761 0.35224470938897173 0.24245111773472422
0.6 7.640556 3785.2066567312468 -1.1257355522437489 4.607338880609372 0.6373966716343766 -8.150244601755256 6.840471104487498 1.5604125269084284 0.3803835403212451 0.35365621791687357 0.34770078655406533 0.24665210299718487
0.6 7.64936 3788.99393486208 -1.127197573944832 4.610993934862081 0.6346048521103358 -8.226633723828513 6.843395147889664 1.5730590146227978 0.38513284313725477 0.3541796360917248 0.344724609504819 0.24879696743104016
0.6 7.659376 3793.591772151899 -1.1288639240506328 4.614727848101266 0.632136075949367 -8.314274367088611 6.846727848101266 1.5875161392405068 0.3875 0.35274493670886065 0.34285443037974683 0.24910886075949362
0.6 7.669919 3799.6810747663553 -1.1298115821094792 4.618246328437917 0.6287536715620826 -8.396084395861152 6.850246328437917 1.6027403704939929 0.39699551068090844 0.3560709612817091 0.33720008344459246 0.2542752837116158
0.6 7.679717 3805.413043478261 -1.1306304347826086 4.621521739130435 0.6261086956521738 -8.471652173913046 6.853521739130435 1.616906521739131 0.4013434782608697 0.35608043478260865 0.3341978260869564 0.2558782608695652
0.6 7.689565 3812.5445411922306 -1.131 4.6248178164768925 0.6240910917615539 -8.5471553248493 6.856817816476893 1.6312075016744814 0.4055993971868722 0.3561453449430677 0.33110951105157393 0.2574633623576692
0.6 7.69925 3819.1251361085524 -1.131 4.628828210067845 0.6217030739592929 -8.615001415528942 6.8608282100678455 1.645245606834744 0.4111063656922694 0.35704220621492594 0.3273780467375825 0.2598203618393502
0.6 7.709159 3826.3600502512563 -1.131 4.632382244556114 0.6192133165829146 -8.680775100502512 6.864382244556114 1.6596032077051928 0.4166902596314908 0.35795511725293133 0.32350086264656613 0.26216757118927975
0.6 7.719013 3833.3645798459997 -1.131 4.6348411449614995 0.6171588550385001 -8.743658821560096 6.867682289923 1.6738338466688996 0.4221757783729498 0.35898880147304996 0.3195812520924001 0.2644776029460999
0.6 7.729013 3841.563931138225 -1.131 4.63802557245529 0.6147308206585325 -8.79929502757814 6.87102557245529 1.6882856008691296 0.42776783386261086 0.36000767173658704 0.3154180344308874 0.26681790071870304
0.6 7.739224 3849.4756504336224 -1.1303915943962641 4.641433622414943 0.6127831887925284 -8.860382855236825 6.875042028018679 1.7029645763842562 0.4314685790527018 0.3596307538358906 0.31237478318879247 0.2676825216811207
0.6 7.749093 3858.1652521218175 -1.1291391246463638 4.644721750707272 0.6102782492927274 -8.916431486104178 6.878721750707272 1.7171035280412719 0.4357269762023633 0.3598026127475454 0.3090478116159093 0.26900522549509076
0.6 7.759024 3866.547091527674 -1.1282452908472325 4.6472641274583015 0.6084905816944652 -8.967742909302133 6.882773545763837 1.7312809974275993 0.4412565513235416 0.3609565928138744 0.30470004149033275 0.2711622437971952
0.6 7.769006 3875.3841070543535 -1.1268392532628448 4.649741120105732 0.6068392532628448 -9.013353527176607 6.886901866842888 1.7453663472658187 0.4467885015694698 0.3622285973897241 0.30026598380968106 0.27336700809515946
0.6 7.779002 3884.853710712523 -1.126 4.652617903570841 0.604382096429159 -9.054876633207176 6.890617903570841 1.759376090176074 0.4523504360704297 0.36354716142833643 0.2958158301793647 0.2754707421425046
0.6 7.78911 3894.7909604519773 -1.1238022598870057 4.655197740112994 0.6025348399246704 -9.094517325800377 6.8953954802259885 1.7733073446327683 0.45541751412429377 0.3629674199623352 0.2928824858757062 0.27584651600753296
0.6 7.798976 3905.5097529258774 -1.1213907672301693 4.657609232769831 0.6009271781534461 -9.13149213263979 6.899682054616385 1.786758062418725 0.45989395318595555 0.3636655396618985 0.2889424577373214 0.27724102730819233
0.6 7.809045 3917.6440924519156 -1.1185889768870212 4.660411023112979 0.5992944884435105 -9.166228026507193 6.903411023112979 1.8003557459188624 0.4653987392920641 0.3651349604008405 0.2841834653305317 0.2793171650234363
0.6 7.819059 3929.861958266453 -1.1153701444622792 4.66297239165329 0.5976850722311395 -9.195405714285714 6.907944783306581 1.8135166613162121 0.47027903691813816 0.36625470304975927 0.27981544141251996 0.2809491813804174
0.6 7.829017 3942.251871913335 -1.113093516010833 4.664906483989167 0.596093516010833 -9.225820328182255 6.912719451967501 1.826351871913335 0.4723 0.36497768042058293 0.27754675800541656 0.28051221921299974
0.6 7.839033 3954.2706191728425 -1.1099945015539088 4.667254123834568 0.5944972507769544 -9.25166885010758 6.916756873057614 1.8388965814009084 0.4779353095864212 0.36697898637341625 0.27239065264164475 0.2828043987568731
0.6 7.84897 3966.653760710885 -1.1068365598222787 4.669622580133291 0.5929182799111393 -9.275068597270707 6.921245160266582 1.8510210726753407 0.4816389241510631 0.3673213979688988 0.2687529038400509 0.28365408600444303
0.6 7.858986 3979.3932727562565 -1.1036516818109359 4.672348318189064 0.5913258409054679 -9.29682923641001 6.926022477283596 1.8628539454806308 0.4854247250119557 0.36780899091343844 0.2649426908974975 0.28464382273234484
0.6 7.869011 3991.4621403730644 -1.100476762567183 4.674892428074613 0.5897383812835915 -9.31740104331331 6.930784856149225 1.8740313310148597 0.4886447518178945 0.3678845953208979 0.2615660053746442 0.28516308093582043
0.6 7.879364 4005.048158640227 -1.0972115203021717 4.676894239848914 0.5881057601510858 -9.337015486307838 6.935682719546742 1.8851914069877245 0.49294041548630796 0.3688625118035883 0.25724900849858345 0.28654135977337114
0.6 7.890986 4020.4112410002317 -1.0936091197646514 4.679543160176511 0.5863045598823257 -9.357104157312069 6.9410863203530235 1.8966660447472319 0.4960974761941626 0.3686609119764651 0.2537634357823025 0.28695431601765115
0.6 7.901732 4034.742293367145 -1.090451541326571 4.68254845867343 0.5836343608843807 -9.37363480465964 6.946279736904668 1.9063830414454395 0.5006033045407718 0.36998171804421903 0.2491052856803233 0.2886279736904667
0.6 7.912677 4047.6849722710676 -1.0878287569322331 4.68525686460165 0.5819143784661165 -9.387936345191397 6.95225686460165 1.9152537941295824 0.5035911132152038 0.3700284323008252 0.24570032463140784 0.2893284323008252
0.6 7.919654 4055.2192888271334 -1.0859725888966083 4.688054822206783 0.5809588833449124 -9.396072740478747 6.9551233499652625 1.9202206088549232 0.5067452283205963 0.3713904061138129 0.24244517779321667 0.29070822333101753
0.6 7.933642 4069.3548285227057 -1.0842056464346619 4.691588707130676 0.5783084696519927 -9.413653817975113 6.963074591044022 1.9279951556874881 0.509660683382808 0.3707719762521316 0.2389112928693236 0.29123830606960144
0.6 7.940643 4075.5915228166123 -1.0830816954366775 4.693836609126645 0.5770816954366775 -9.42304643650658 6.966754913689967 1.931103930951974 0.51 0.36941437361134855 0.23831633908733552 0.2907490172620065
0.6 7.954667 4086.312187276626 -1.083 4.6977498213009286 0.5744376340243031 -9.438993155825589 6.973937276626161 1.9353749106504645 0.5140123302358826 0.3701999285203716 0.2338939421015013 0.2925311472480342
0.6 7.961691 4090.705325232309 -1.083 4.700260185847033 0.5725548606147247 -9.447340117941387 6.977075232308792 1.936630092923517 0.516397176554682 0.3712040743388135 0.23119530021443885 0.29397460686204435
0.6 7.975766 4097.389037064288 -1.0851945185321439 4.704389037064288 0.5698054814678561 -9.462165740825899 6.9833890370642875 1.9375 0.5171 0.3689860296146418 0.23018054814678562 0.2939208222201784
0.6 7.982818 4099.24969640355 -1.0867490892106493 4.706998785614199 0.5682509107893507 -9.470121447921532 6.98574908921065 1.9371504250350304 0.5180738159738439 0.36867430172816434 0.22905127510509116 0.29457405885100413
0.6 7.98988 4099.909388136385 -1.0887281644091547 4.70963755254554 0.5662718355908453 -9.477839841195703 6.987728164409155 1.936226856609061 0.5206466137319011 0.37019159271368524 0.22628056982718345 0.29661910322279317
0.6 8.004033 4099.2503583373145 -1.0942494027711422 4.7139995222169135 0.5632503583373147 -9.492198709985667 6.991499761108456 1.9328504061156233 0.521 0.36830019111323453 0.2259 0.2973499283325371
0.6 8.01113 4097.215862398471 -1.0976402293358818 4.716712183468705 0.561215862398471 -9.499522895365503 6.992856091734353 1.9305446440516003 0.521 0.3672151266125178 0.2259 0.2977568275203058
0.6 8.025363 4088.9072444143526 -1.1060927555856475 4.722195860334655 0.5581031047490083 -9.515256649579264 6.9952989650836646 1.9249546571235123 0.521 0.3655711384079697 0.22615979301673278 0.29902886159203035
0.6 8.032498 4084.0765064319557 -1.110923493568044 4.724956282038882 0.5560327884708383 -9.524159009575396 6.995989070509721 1.9218491827062574 0.521 0.3648120224393074 0.2262978141019441 0.29978797756069264
0.6 8.039644 4077.858833802271 -1.1164588143979812 4.727729407198991 0.5546352964005047 -9.532351751237021 6.996 1.9186611817211607 0.521 0.36425411856020184 0.22643647035994954 0.30068705733967194
0.6 8.053988 4064.1659528907926 -1.1266065797157871 4.732227467393421 0.5518483550710532 -9.549147780805917 6.997 1.9120436344169751 0.521 0.363377253260658 0.226922746739342 0.3026137336967101
0.6 8.061181 4056.4646680942187 -1.1322075141132952 4.734327817792486 0.5504481214716762 -9.557899240802024 6.997 1.908753085458439 0.521 0.36316721822075143 0.2271327817792486 0.30366390889624284
0.6 8.075616 4039.9910570559823 -1.1433392952960117 4.7385022357360045 0.5476651761759971 -9.576654498300842 6.995832588087999 1.9025968699695939 0.5203470935431942 0.3622303523519941 0.22833661241280653 0.30513214094079766
0.6 8.082861 4032.2160615274547 -1.1485226256483634 4.740445984618136 0.5463693435879092 -9.59505532105169 6.995184671793955 1.8998756215346093 0.5178202199964228 0.35963868717581826 0.2311874441065999 0.30409547487032734
0.6 8.090124 4024.9252440725245 -1.1528998605299858 4.741724965132496 0.546 -9.609217071129708 6.995 1.8973600836820084 0.5171 0.35897249651324964 0.23221748953974897 0.30437997210599715
0.6 8.104706 4012.6444332493697 -1.160677783375315 4.743419445843829 0.5445805541561712 -9.630752795969773 6.994 1.893193329974811 0.5171 0.35932583375314864 0.23262583375314863 0.3058775012594459
0.6 8.112025 4007.0618059740036 -1.163536110871998 4.744134027717999 0.544 -9.640350624085391 6.993865972282 1.8915051390204012 0.5171 0.3595536110871998 0.23284020831539984 0.3065072221743996
0.6 8.119365 4002.6389773607643 -1.1660634415081348 4.744765860377034 0.544 -9.650017663768615 6.993234139622967 1.8901151071705258 0.5171 0.3598063441508135 0.2330297581131101 0.3070126883016269
0.6 8.134104 3996.562979917306 -1.1687748080330775 4.745 0.544 -9.68244063053751 6.992112595983461 1.8877364515652686 0.5137278647371527 0.35706030714707604 0.23673835646780889 0.305070230360307
0.6 8.141506 3994.5039139565965 -1.1697480430217018 4.745 0.544 -9.695861961433208 6.991625978489149 1.8867519569782982 0.5133 0.35692441290651056 0.23727480430217018 0.30498701075542545
0.6 8.156373 3991.16778782532 -1.171 4.744722595941774 0.544 -9.719884092412881 6.990722595941773 1.8850284131010144 0.5133 0.3574664424349361 0.23745548081164536 0.305383221217468
0.6 8.163838 3989.9329510366124 -1.171 4.74431098367887 0.544 -9.73128575209528 6.990310983678871 1.8843286722540802 0.5133 0.3577134097926776 0.23753780326422586 0.3055067048963388
0.6 8.171329 3988.82207055657 -1.171 4.743911035278285 0.544088964721715 -9.742542252234934 6.989911035278285 1.883657656445256 0.5133 0.3579622753052004 0.23760889647217148 0.305617792944343
0.6 8.186386 3987.374699605883 -1.171 4.743187349802942 0.5448126501970586 -9.76403571085264 6.9891873498029415 1.8824997596847064 0.5133 0.35846885513794097 0.23768126501970585 0.30576253003941173
0.6 8.193951 3986.84541775567 -1.1708454177556697 4.74284541775567 0.5451545822443302 -9.77579874799764 6.98884541775567 1.8819062937357727 0.5127898785937104 0.3582135443891746 0.23819466318185653 0.3054290026136076
0.6 8.201545 3986.5252929769836 -1.1705252929769834 4.742525292976984 0.5454747070230166 -9.788635751622966 6.988525292976983 1.8812980566562685 0.5117334668240452 0.35741323244245854 0.2392190624736531 0.3046607031447602
0.6 8.209166 3986.2040300143326 -1.1702040300143326 4.742204030014332 0.5457959699856674 -9.801518396425259 6.988204030014333 1.8806876570272322 0.5106732990472979 0.3566100750358317 0.24024710395413543 0.30388967203439843
0.6 8.224492 3985.6095035936396 -1.17 4.741609503593639 0.546 -9.825749402301419 6.98760950359364 1.8794409079060068 0.51 0.35637334748445243 0.24093904964063606 0.3034780992812721
0.6 8.2322 3985.322459315533 -1.17 4.7413224593155325 0.546 -9.837546922131606 6.987322459315533 1.878809410494172 0.51 0.35657427847912715 0.24096775406844673 0.30353550813689345
0.6 8.23994 3985.0342233642423 -1.17 4.741034223364242 0.546 -9.849393419729639 6.987034223364242 1.8781752914013332 0.51 0.35677604364503035 0.24099657766357577 0.30359315532715153
0.6 8.255523 3984.5140509013786 -1.17 4.740514050901378 0.5464859490986215 -9.8712098621421 6.987 1.8768851272534464 0.51 0.35709156945917286 0.24104859490986213 0.3037457847295864
0.6 8.263369 3984.254042948038 -1.17 4.740254042948038 0.5467459570519619 -9.882130196182398 6.987 1.8762351073700954 0.51 0.3572475742311771 0.24107459570519618 0.30382378711558855
0.6 8.271256 3983.980294248774 -1.17 4.739993431416258 0.547 -9.893080478525784 6.986993431416258 1.8755816079655223 0.51 0.3574039411502452 0.2411006568583742 0.3039019705751226
0.6 8.279185 3983.2732946946053 -1.17 4.739757764898202 0.547 -9.903143438846783 6.9867577648982016 1.874921741714965 0.51 0.35754534106107894 0.2411242235101798 0.30397267053053945
0.6 8.295178 3981.8472581364244 -1.17 4.739282419378808 0.547 -9.923440692524892 6.986282419378808 1.8735907742606628 0.51 0.3578305483727151 0.24117175806211918 0.3041152741863576
0.6 8.30325 3981.127507802051 -1.17 4.739042502600683 0.547 -9.93368513895081 6.986042502600683 1.872919007281914 0.51 0.35797449843958984 0.24119574973993163 0.30418724921979495
0.6 8.311377 3980.640013975865 -1.17 4.7388200069879325 0.5471799930120677 -9.943293697422527 6.985820006987932 1.8722960195662106 0.51 0.35812599510844734 0.24123599860241352 0.30427199720482706
0.6 8.319562 3980.200043002661 -1.17 4.73860002150133 0.5473999784986696 -9.952819068992394 6.98560002150133 1.8716800602037251 0.51 0.3582799849490687 0.2412799956997339 0.30435999139946784
0.6 8.336125 3979.309726664337 -1.17 4.738154863332169 0.5478451366678313 -9.972094417717095 6.985154863332169 1.8704336173300724 0.51 0.35859159566748194 0.24136902733356627 0.3045380546671325
0.6 8.344514 3978.871260199456 -1.17 4.738 0.548 -9.981806074342702 6.984935630099728 1.869871260199456 0.51 0.3587386219401632 0.2414064369900272 0.3046193109700816
0.6 8.352981 3978.456323050158 -1.17 4.738 0.548 -9.991494856778809 6.984728161525079 1.8694563230501582 0.51 0.3588631030849526 0.2414271838474921 0.3046815515424763
0.6 8.361531 3978.037318370047 -1.17 4.738 0.548 -10.001278616059395 6.9845186591850235 1.8690373183700475 0.51 0.35898880448898585 0.24144813408149762 0.3047444022444929
0.6 8.370171 3977.6139031143566 -1.17 4.738 0.548 -10.011165362279776 6.984306951557178 1.8686139031143565 0.51 0.35911582906569306 0.24146930484428217 0.30480791453284656
0.6 8.387747 3976.7725419529224 -1.17 4.737886270976461 0.5481137290235387 -10.031334298907533 6.983886270976461 1.8677384232458611 0.5096246942223224 0.3590156774411533 0.2418866786800315 0.30463842324586105
0.6 8.396696 3976.3693884446448 -1.17 4.737684694222323 0.5483153057776777 -10.041675186394865 6.9836846942223225 1.8672747967113414 0.5089594909336637 0.3585117355558058 0.24257203964410412 0.3041747967113413
0.6 8.405768 3975.9606937718213 -1.17 4.737480346885911 0.5485196531140895 -10.052158204752788 6.98348034688591 1.8668047978375943 0.5082851447235048 0.3580008672147764 0.2432668205879041 0.3037047978375943
0.6 8.41497 3975.5461425836243 -1.17 4.7372730712918125 0.548726928708188 -10.062791442730038 6.983273071291812 1.866328063971168 0.50760113526298 0.3574826782295303 0.24397155760783878 0.30322806397116786
0.6 8.424315 3975.125149228517 -1.17 4.737062574614258 0.5489374253857418 -10.073589922288548 6.983062574614258 1.8658439216127942 0.5069064962270525 0.35695643653564585 0.24468724631152164 0.3027439216127942
0.6 8.433811 3974.579239650097 -1.17 4.736859746550032 0.549 -10.083546190943444 6.982859746550032 1.8653493663750809 0.5067 0.3568841520699806 0.24491402534499676 0.30264207603499027
0.6 8.443476 3973.9739034217832 -1.17 4.736657967807261 0.549 -10.093251748470742 6.982657967807261 1.8648449195181527 0.5067 0.35700521931564333 0.2449342032192739 0.30270260965782164
0.6 8.45332 3973.3573561034677 -1.17 4.736452452034489 0.549 -10.103137057141067 6.982452452034489 1.864331130086223 0.5067 0.35712852877930645 0.24495475479655107 0.3027642643896532
0.6 8.463358 3972.7286582183347 -1.17 4.736242886072778 0.549 -10.11321717989937 6.982242886072778 1.8638072151819454 0.5067 0.3572542683563331 0.24497571139272217 0.30282713417816653
0.6 8.473605 3972.0868702895677 -1.17 4.736028956763189 0.549 -10.123507179690598 6.982028956763189 1.863272391907973 0.5067 0.3573826259420865 0.24499710432368108 0.3028913129710432
0.6 8.484082 3971.79252733207 -1.17 4.7357925273320705 0.5492074726679297 -10.134132533722868 6.982 1.8629510327984844 0.5067 0.3575037363339648 0.24502074726679296 0.30294149453358593
0.6 8.49481 3971.547668500217 -1.17 4.7355476685002165 0.5494523314997832 -10.14502875174035 6.982 1.8626572022002603 0.5067 0.3576261657498916 0.2450452331499783 0.30299046629995663
0.6 8.505806 3971.296692762422 -1.17 4.7352966927624225 0.5497033072375779 -10.156197172072215 6.982 1.8623560313149066 0.5067 0.3577516536187889 0.2450703307237578 0.30304066144751557
0.6 8.517106 3971.038778444754 -1.17 4.735038778444754 0.5499612215552462 -10.167674359208453 6.982 1.8620465341337047 0.5067 0.35788061077762306 0.24509612215552462 0.3030922443110492
0.6 8.52873 3970.7505905412877 -1.17 4.735 0.55 -10.179625787807206 6.981750590541288 1.8616508267578027 0.5067 0.35802470472935616 0.24512494094587126 0.3031748228376137
0.6 8.540717 3970.4493642257626 -1.17 4.735 0.55 -10.191976066743731 6.981449364225763 1.8612291099160678 0.5067 0.35817531788711865 0.24515506357742375 0.3032651907322712
0.6 8.553118 3970.1377343318086 -1.17 4.735 0.55 -10.204752892395838 6.981137734331809 1.8607928280645323 0.5067 0.35833113283409557 0.24518622656681913 0.3033586797004574
0.6 8.565988 3969.7973061941075 -1.17 4.734797306194108 0.55 -10.218021287101553 6.980797306194107 1.8606202693805893 0.5067 0.35846080814176773 0.2452 0.3034
0.6 8.579052 3969.4389367421954 -1.17 4.734438936742196 0.55 -10.231495978493445 6.980438936742196 1.8606561063257805 0.5067 0.3585683189773413 0.2452 0.3034
0.6 8.591956 3969.084956383387 -1.17 4.734084956383387 0.55 -10.244805639984637 6.980084956383387 1.8606915043616612 0.5067 0.3586745130849838 0.2452 0.3034
0.6 8.604698 3969.0 -1.17 4.734 0.5502868145592958 -10.25760828773641 6.98 1.8605279112644226 0.5067 0.35878604436778877 0.2452 0.3034286814559296
0.6 8.617271 3969.0 -1.17 4.734 0.5506606994171525 -10.270133430474605 6.98 1.8603035803497086 0.5067 0.3588982098251457 0.2452 0.3034660699417152
0.6 8.629671 3969.0 -1.169968279397629 4.7339682793976285 0.551 -10.2824833386735 6.979968279397629 1.8601126882409484 0.5067 0.3590095161807113 0.2452 0.3035
0.6 8.641893 3969.0 -1.169576674142903 4.733576674142903 0.551 -10.294623101570009 6.979576674142903 1.8602693303428388 0.5067 0.35912699775712914 0.2452 0.3035
0.6 8.653935 3969.0 -1.1691908362704262 4.733190836270426 0.551 -10.30658407561679 6.979190836270426 1.8604236654918296 0.5067 0.35924274911887216 0.2452 0.3035
0.6 8.665794 3968.797273164366 -1.169 4.733 0.551 -10.318095260663506 6.979 1.8604391819493098 0.5067 0.35934054536712684 0.24522027268356342 0.3035
0.6 8.677466 3968.3964214575176 -1.169 4.733 0.551 -10.329158767772512 6.979 1.8603189264372553 0.5067 0.3594207157084965 0.24526035785424824 0.3035
0.6 8.688953 3968.0019232090117 -1.169 4.733 0.551 -10.340046919431279 6.979 1.8602005769627035 0.5067 0.35949961535819763 0.2452998076790988 0.3035
0.6 8.700252 3968.0 -1.169 4.732587972294499 0.5514120277055009 -10.350153476014219 6.978587972294499 1.8604884193938507 0.5067 0.35958240554110016 0.2453 0.3035
0.6 8.711363 3968.0 -1.169 4.73218078205739 0.5518192179426101 -10.360088917799684 6.97818078205739 1.860773452559827 0.5067 0.35966384358852205 0.2453 0.3035
0.6 8.722287 3968.0 -1.1687666419974292 4.732 0.552 -10.369797226658356 6.978 1.8610400148015425 0.5067 0.3597233358002571 0.2453 0.3035
0.6 8.733023 3968.0 -1.1683484594710396 4.732 0.552 -10.3792899700074 6.978 1.861290924317376 0.5067 0.35976515405289605 0.2453 0.3035
0.6 8.743576 3968.066295379538 -1.168 4.732 0.552 -10.388419834983498 6.977933704620462 1.861559665841584 0.5067 0.3598132590759076 0.2453 0.3034933704620462
0.6 8.753944 3968.494018151815 -1.168 4.732 0.552 -10.3962899339934 6.977505981848185 1.8619446163366338 0.5067 0.35989880363036303 0.2453 0.30345059818481845
0.6 8.764131 3968.914273927393 -1.168 4.732 0.552 -10.404022640264026 6.977085726072607 1.8623228465346535 0.5067 0.35998285478547853 0.2453 0.30340857260726073
0.6 8.774138 3969.0 -1.1676546301942679 4.731654630194268 0.552 -10.411436749716874 6.977 1.862572684902866 0.5067 0.3600345369805732 0.2453 0.3034
0.6 8.785851 3969.0 -1.1671444376687865 4.731144437668786 0.552 -10.420059003397506 6.977 1.8628277811656067 0.5067 0.36008555623312133 0.2453 0.3034
0.6 8.7995 3969.0 -1.167 4.731 0.552 -10.429702678161973 6.976526139594607 1.863089544162157 0.5067 0.3601947720810786 0.2453 0.3034
0.6 8.815334 3969.0 -1.167 4.731 0.5522100472016184 -10.440493627781523 6.976 1.8633630141604856 0.5067 0.3603210047201618 0.2453 0.3034
0.6 8.833602 3968.9057832054905 -1.167 4.731 0.553 -10.452055228098507 6.975905783205491 1.8636188433589018 0.5067 0.3604188433589019 0.2453 0.3034
0.6 8.853335 3968.0 -1.1669058624874677 4.730905862487468 0.553 -10.462077621233707 6.975 1.8637905862487467 0.5063799324573903 0.36031758746240317 0.24560124004010322 0.30316465621866934
0.6 8.872209 3968.0 -1.166 4.73 0.553 -10.461257230972574 6.975 1.8637188016301354 0.5033 0.3576094008150677 0.2485 0.3009
0.6 8.890297 3968.0 -1.166 4.73 0.553 -10.46493480979976 6.974906076080096 1.863928177175971 0.5033 0.3577187847839807 0.2485 0.3009
0.6 8.907662 3968.0 -1.166 4.73 0.553 -10.467444079732633 6.974 1.8642093876820245 0.5033 0.35790938768202435 0.2485 0.3009
0.6 8.924359 3968.0 -1.166 4.729906160902442 0.553093839097558 -10.47004398165365 6.974 1.8643 0.5033 0.3580093839097558 0.2485093839097558 0.3009
0.6 8.940438 3968.0 -1.166 4.729 0.554 -10.47252192723065 6.974 1.8643 0.5033 0.3581093790177423 0.2486 0.30090937901774234
0.6 8.955943 3967.9062458383273 -1.1659062458383274 4.729 0.554 -10.473943760820347 6.973906245838328 1.8643 0.5033 0.35820937541616726 0.2486 0.301
0.6 8.970913 3967.0 -1.165 4.729 0.554 -10.476421796638192 6.973 1.8643 0.5033 0.35830936897216864 0.2486 0.301
0.6 8.985385 3967.0 -1.165 4.728906314515555 0.554 -10.47772179112978 6.973 1.8643093685484446 0.5033 0.3584093685484445 0.2486 0.301
0.6 8.999389 3967.0 -1.165 4.728 0.554 -10.47902162122437 6.973 1.8644 0.5033 0.3585093554787977 0.2486 0.301
0.6 9.012955 3967.0 -1.165 4.728 0.554 -10.480321397710908 6.973 1.8644093382854545 0.5033 0.3586093382854544 0.2486 0.301
0.6 9.026112 3967.0 -1.165 4.728 0.554 -10.481621421319797 6.973 1.864509340101523 0.5033 0.3587093401015229 0.2486 0.301
0.6 9.038882 3967.0 -1.16490662699051 4.728 0.5540933730094901 -10.482921384912336 6.973 1.8646093373009491 0.5033 0.358809337300949 0.2486 0.301
0.6 9.051288 3967.0 -1.164 4.728 0.555 -10.484231177638108 6.973 1.8647093698312935 0.5033 0.3589093698312934 0.2486 0.301
0.6 9.063348 3967.0 -1.164 4.727906409384563 0.555 -10.485621667800068 6.973 1.8648093590615438 0.5033 0.3590093590615437 0.2486 0.301
0.6 9.07508 3967.0 -1.164 4.727 0.555 -10.4868 6.973 1.8649093329841104 0.5033 0.3591 0.2486 0.301
0.6 9.086506 3967.0 -1.164 4.727 0.555 -10.48692126344086 6.973 1.8650093279569893 0.5033 0.35910932795698924 0.2486 0.301
0.6 9.097639 3967.0 -1.1639067757653765 4.727 0.555 -10.4881 6.973 1.8651093224234623 0.5033 0.3592093224234624 0.2486 0.301
0.6 9.108494 3967.0 -1.163 4.727 0.555 -10.488230846052383 6.972906538534011 1.8652093461465988 0.5033 0.3593093461465988 0.2486 0.3009906538534012
0.6 9.119084 3967.0 -1.163 4.727 0.555 -10.4895 6.972 1.8653186854550718 0.5033 0.3594 0.2486 0.3009
0.6 9.129419 3967.093092202787 -1.163 4.726906907797213 0.555 -10.489621019863623 6.972 1.8655093092202786 0.5033 0.3594093092202787 0.2486 0.3009
0.6 9.139517 3968.0 -1.163 4.726 0.555 -10.4908 6.972 1.8656093133785012 0.5033 0.3595 0.2486 0.3009
0.6 9.149385 3968.0 -1.163 4.726 0.5550931098696462 -10.490921042830541 6.972 1.8657186219739292 0.5033 0.3595093109869646 0.2486 0.3009
0.6 9.159035 3968.0 -1.162906544032139 4.726 0.556 -10.4921 6.972 1.8659093455967861 0.5033 0.3596093455967861 0.2486 0.3009
0.6 9.168474 3968.0 -1.162 4.726 0.556 -10.4921 6.972 1.866018666954737 0.5033 0.3597 0.2486 0.3009
0.6 9.17771 3968.0 -1.162 4.726 0.556 -10.492230221780869 6.972 1.8662186031115526 0.5033 0.35970930155577624 0.2486 0.3009
0.6 9.186756 3968.0 -1.162 4.726 0.556 -10.4935 6.972 1.8664093038972742 0.5033 0.3598 0.2486 0.3009
0.6 9.195617 3968.0 -1.162 4.726 0.556 -10.4935 6.972 1.8665186019774662 0.5033 0.35980930098873304 0.2486 0.30089069901126697
0.6 9.204302 3968.0 -1.162 4.725906682297772 0.556 -10.493630644783117 6.972 1.8667093317702228 0.5033 0.3599 0.2486 0.3008
0.6 9.212816 3968.0 -1.1619067543335324 4.725 0.556 -10.4949 6.972 1.8668186491332934 0.5033 0.35990932456664676 0.2486 0.3008
0.6 9.221166 3968.0 -1.161 4.725 0.556 -10.4949 6.972 1.8670186426221518 0.5033 0.36 0.2486 0.3008
0.6 9.229357 3968.0 -1.161 4.725 0.556 -10.4949 6.972 1.8672185971446307 0.5033 0.36000929857231534 0.2486 0.3008
0.6 9.237398 3968.092943854325 -1.161 4.725 0.556 -10.4949 6.972 1.8674092943854324 0.5033 0.3601 0.2486 0.3008
0.6 9.245293 3969.0 -1.161 4.725 0.556 -10.495020875724403 6.972 1.867518596265293 0.5033 0.36010929813264647 0.2486 0.3007907018673535
0.6 9.253047 3969.0 -1.161 4.725 0.5560931847968547 -10.4962 6.972 1.8677186369593708 0.5033 0.3602 0.2486 0.3007
0.6 9.260665 3969.0 -1.1609067875716763 4.725 0.557 -10.4962 6.972 1.8679186424856646 0.5033 0.3602 0.2486 0.3007
0.6 9.26815 3969.0 -1.16 4.724907068240401 0.557 -10.4962 6.972 1.8681185863519199 0.5033 0.36020929317595984 0.2486 0.3007
0.6 9.275509 3969.0 -1.16 4.724 0.557 -10.4962 6.972 1.8683185680783556 0.5033 0.3603 0.2486 0.3007
0.6 9.282747 3969.0 -1.16 4.724 0.557 -10.4962 6.972 1.8685092886207382 0.5033 0.3603092886207381 0.2486 0.30069071137926195
0.6 9.289865 3969.0 -1.16 4.724 0.557 -10.496330339321357 6.972 1.8686186199030512 0.5033 0.3604 0.2486 0.3006
0.6 9.296869 3969.0 -1.16 4.724 0.557 -10.4976 6.972 1.8688186295813414 0.5033 0.3604 0.2486 0.3006
0.6 9.30376 3969.0928623988225 -1.1599071376011771 4.724 0.557 -10.4976 6.972 1.8690185724797646 0.5033 0.3604092862398823 0.2486 0.3006
0.6 9.310545 3970.0 -1.159 4.724 0.557 -10.4976 6.972 1.8692185650224216 0.5033 0.3605 0.2486 0.3006
0.6 9.317225 3970.0 -1.159 4.724 0.557 -10.4976 6.972 1.8694185516927282 0.5033 0.3605 0.2486 0.3005907241536359
0.6 9.323805 3970.0 -1.159 4.724 0.557 -10.4976 6.972 1.8696186132511556 0.5033 0.3605093066255778 0.2486 0.3005
0.6 9.330286 3970.0 -1.159 4.72390694401001 0.557 -10.4976 6.972 1.869818611197998 0.5033 0.3606 0.2486 0.3005
0.6 9.33667 3970.0 -1.159 4.723 0.557 -10.4976 6.972 1.870018565534751 0.5033 0.3606 0.2486 0.3005
0.6 9.342963 3970.0 -1.1589072762395365 4.723 0.557 -10.4976 6.972 1.8702185447520927 0.5033 0.36060927237604634 0.2486 0.3005
0.6 9.349167 3970.0 -1.158 4.723 0.5570927801372101 -10.497720614178373 6.972 1.870418556027442 0.5033 0.3607 0.2486 0.300490721986279
0.6 9.355283 3970.093061765193 -1.158 4.723 0.558 -10.4989 6.972 1.8706186123530386 0.5033 0.3607 0.2486 0.3004
0.6 9.361314 3971.0 -1.158 4.723 0.558 -10.4989 6.972 1.8708186030893217 0.5033 0.36070930154466085 0.2486 0.3004
0.6 9.367263 3971.0 -1.158 4.723 0.558 -10.4989 6.972 1.871018618107556 0.5033 0.3608 0.2486 0.3004
0.6 9.373129 3971.0 -1.158 4.723 0.558 -10.4989 6.972 1.8712185268242194 0.5033 0.3608 0.24859073658789024 0.3004
0.6 9.378919 3971.0 -1.158 4.723 0.558 -10.4989 6.972 1.8714277923439957 0.5033 0.3608092641146653 0.2485 0.3003907358853347
0.6 9.384633 3971.0 -1.157907335223246 4.723 0.558 -10.4989 6.972 1.8717185329553507 0.5033 0.3609 0.2485 0.3003
0.6 9.390273 3971.0 -1.157 4.722906889128095 0.558 -10.4989 6.972 1.871918622174381 0.5033 0.3609 0.2485 0.3003
0.6 9.39584 3971.093040159913 -1.157 4.722 0.558 -10.4989 6.972 1.8721186080319827 0.5033 0.3609093040159913 0.2485 0.3003
0.6 9.401335 3972.0 -1.157 4.722 0.558 -10.4989 6.972 1.8723185464581418 0.5033 0.361 0.2485 0.30029072677092916
0.6 9.406763 3972.0 -1.157 4.722 0.558 -10.4989 6.972 1.8725185205887833 0.5033 0.361 0.2485 0.3002
0.6 9.412124 3972.0 -1.157 4.722 0.558 -10.4989 6.972 1.8727185283018868 0.5033 0.361 0.2485 0.3002
0.6 9.41742 3972.0 -1.1569070255822833 4.722 0.558 -10.4989 6.972 1.8729185948835434 0.5033 0.3610092974417716 0.2485 0.3002
0.6 9.422652 3972.0 -1.156 4.722 0.558 -10.4989 6.972 1.8731278786707881 0.5033 0.3611 0.2485 0.3001907071097373
0.6 9.42782 3972.0 -1.156 4.722 0.558 -10.4989 6.972 1.8734184982401252 0.5033 0.3611 0.2485 0.3001
0.6 9.432929 3972.0925816023737 -1.156 4.722 0.558 -10.4989 6.972 1.8736185163204746 0.5033 0.3611 0.2485 0.3001
0.6 9.437979 3973.0 -1.156 4.722 0.5580926926926927 -10.4989 6.972 1.8738185385385384 0.5033 0.36110926926926923 0.2485 0.3001
0.6 9.44297 3973.0 -1.156 4.721907085020243 0.559 -10.4989 6.972 1.8740185829959515 0.5033 0.3612 0.2485 0.30009070850202424
0.6 9.447905 3973.0 -1.155907043407043 4.721 0.559 -10.4989 6.972 1.8742185913185914 0.5033 0.3612 0.2485 0.3
0.6 9.452783 3973.0 -1.155 4.721 0.559 -10.4989 6.972 1.8744278203270546 0.5033 0.3612092734423515 0.2485 0.3
0.6 9.46238 3973.0 -1.155 4.721 0.559 -10.4989 6.972 1.8749185436071125 0.5033 0.3613 0.2485 0.2999907281964437
0.6 9.47177 3974.0 -1.155 4.721 0.559 -10.4989 6.972 1.8753185986159169 0.5033 0.3613 0.2485 0.2999
0.6 9.480959 3974.0 -1.1549074646643107 4.721 0.559 -10.4989 6.972 1.8758185070671378 0.5033 0.3614 0.2485 0.2998907464664311
0.6 9.48996 3974.0 -1.154 4.721 0.559 -10.4989 6.972 1.8762185385656294 0.5033 0.3614 0.2484907307171854 0.2998
0.6 9.503119 3975.0 -1.154 4.72 0.559 -10.4989 6.972 1.876918498721822 0.5033 0.3615 0.2484 0.2997
0.6 9.511676 3975.0 -1.153 4.72 0.559 -10.4989 6.972 1.8773184921763868 0.5033 0.3615 0.2484 0.2997
0.6 9.520068 3975.0 -1.153 4.72 0.56 -10.4989 6.972 1.8778185552065716 0.5033 0.3616 0.2484 0.2996
0.6 9.532358 3976.0 -1.153 4.72 0.56 -10.4989 6.973 1.87842774049217 0.5033 0.3616 0.2484 0.29959075316927664
0.6 9.540363 3976.0 -1.152 4.72 0.56 -10.4976 6.973 1.878918572874494 0.5033 0.3617 0.2484 0.2995
0.6 9.5521 3977.0 -1.152 4.719 0.56 -10.4976 6.973 1.8796185175552664 0.5033 0.3617 0.2483907412223667 0.2994
0.6 9.559752 3977.0 -1.1519071428571428 4.719 0.56 -10.4976 6.973 1.880027857142857 0.5033 0.3618 0.2483 0.2994
0.6 9.570983 3977.0926127104835 -1.151 4.719 0.56 -10.4976 6.973 1.880727783813145 0.5033 0.3618 0.2483 0.2993
0.6 9.581931 3978.0 -1.151 4.719 0.56 -10.4976 6.973 1.8814185412026727 0.5033 0.3619 0.2483 0.2992
0.6 9.589079 3978.0 -1.15 4.719 0.5600925297113754 -10.4976 6.973 1.881918505942275 0.5033 0.3619 0.2483 0.2992
0.6 9.599586 3979.0 -1.15 4.718 0.561 -10.497470107277472 6.973 1.8826185561032185 0.5033 0.362 0.2483 0.2991
0.6 9.609844 3979.0 -1.149 4.718 0.561 -10.4962 6.973 1.8833184734184734 0.5033 0.362 0.2483 0.299
0.6 9.619865 3980.0 -1.149 4.718 0.561 -10.4962 6.973 1.884018469015796 0.5033 0.3621 0.2482 0.2989
0.6 9.629661 3980.0 -1.1489074246660451 4.718 0.561 -10.4962 6.973 1.8847185150667911 0.5033 0.3621 0.2482 0.2988907424666045
0.6 9.63924 3981.0 -1.148 4.717 0.561 -10.4962 6.973 1.885418482057796 0.5033 0.362109241028898 0.2482 0.2988
0.6 9.651694 3981.0928104575164 -1.1479071895424833 4.717 0.561 -10.4949 6.974 1.8863185620915035 0.5033 0.3622 0.2482 0.29869071895424837
0.6 9.660804 3982.0 -1.147 4.717 0.562 -10.4949 6.974 1.8870277369826436 0.5033 0.3623 0.2482 0.2986
0.6 9.669727 3982.092611508342 -1.147 4.717 0.562 -10.4949 6.974 1.8877277834525026 0.5033 0.3623 0.2481 0.2985
0.6 9.681347 3983.0 -1.146 4.716 0.562 -10.4935 6.974 1.8887278069254985 0.5033 0.3624 0.2481 0.2984
0.6 9.689862 3984.0 -1.1459766792724653 4.716 0.562 -10.4935 6.974 1.8894233207275346 0.5033 0.3624 0.2481 0.29829766792724655
0.6 9.700961 3984.0232708468 -1.1449767291531998 4.716 0.562 -10.49346742081448 6.974 1.8904232708468003 0.5033 0.36240232708468 0.24809767291531998 0.29819767291532
0.6 9.709105 3984.7753255148214 -1.1442246744851787 4.716 0.562 -10.492414544279251 6.974 1.8911753255148214 0.5033 0.36247753255148213 0.24802246744851786 0.29812246744851784
0.6 9.719729 3985.0233230531994 -1.1439766769468003 4.715 0.563 -10.4921 6.975 1.8921233230531995 0.5033 0.3625023323053199 0.248 0.29799766769468006
0.6 9.7301 3986.023384311791 -1.143 4.715 0.563 -10.492069600394673 6.975 1.893123384311791 0.5033 0.3626 0.248 0.2978976615688209
0.6 9.740228 3987.0 -1.1429767747147328 4.715 0.563 -10.4908 6.975 1.894123225285267 0.5033 0.3626023225285267 0.248 0.2977976774714733
0.6 9.750127 3987.0233422846522 -1.142 4.714976657715348 0.563 -10.490769655029952 6.975 1.8951210080561869 0.5033 0.3627 0.2479976657715348 0.29769766577153484
0.6 9.759805 3988.0234375 -1.1419765624999998 4.714 0.563 -10.4895 6.975 1.8960234375 0.5033 0.36270234375000004 0.2479 0.29759765624999995
0.6 9.769271 3989.0186915887853 -1.140981308411215 4.714 0.563018691588785 -10.489473831775701 6.975018691588785 1.8970242990654205 0.5033 0.3628 0.2479 0.29749626168224297
0.6 9.780821 3990.0 -1.14 4.713976739034116 0.564 -10.4881 6.976 1.898323260965884 0.5033 0.3628023260965884 0.24789767390341164 0.2972976739034116
0.6 9.789845 3990.018679724338 -1.139981320275662 4.713 0.564 -10.48807571635836 6.976 1.8993224156692057 0.5033 0.3629018679724338 0.2478 0.29719813202756623
0.6 9.800868 3991.023304347826 -1.138976695652174 4.713 0.564 -10.4868 6.976 1.900523304347826 0.5033 0.363 0.2478 0.2970976695652174
0.6 9.809489 3992.0186818397347 -1.138 4.712981318160265 0.5640186818397345 -10.486775713608345 6.976 1.9015224182076813 0.5033 0.36300186818397345 0.24779813181602656 0.2969962636320531
0.6 9.82003 3993.018745143745 -1.137981254856255 4.712 0.565 -10.4855 6.976018745143745 1.9027243686868687 0.5033 0.3631 0.2477 0.2967981254856255
0.6 9.830321 3994.01869344735 -1.13698130655265 4.712 0.565 -10.48547382917371 6.977 1.90402243213682 0.5033 0.363101869344735 0.2477 0.29669626131053
0.6 9.840374 3995.018718209563 -1.136 4.711981281790437 0.565 -10.484075666327568 6.977 1.9052243336724315 0.5033 0.3632 0.24769812817904374 0.2964981281790437
0.6 9.850199 3996.0 -1.1359813774448606 4.711 0.565 -10.4828 6.977 1.9065242093216812 0.5033 0.36320186225551393 0.2476 0.2963981377444861
0.6 9.859808 3996.0187154402383 -1.1349812845597618 4.711 0.5650187154402381 -10.48277566992769 6.977018715440239 1.9078224585282857 0.5033 0.3633 0.2476 0.2962962569119524
0.6 9.869208 3997.01560515333 -1.1339843948466701 4.710984394846671 0.566 -10.481479713300672 6.978 1.9090234077299948 0.5033 0.36330156051533297 0.247598439484667 0.296096878969334
0.6 9.880226 3998.01871657754 -1.133 4.71 0.566 -10.4802 6.978 1.9105243315508023 0.5033 0.3634 0.2475 0.295898128342246
0.6 9.889199 3999.0156650526915 -1.1329843349473085 4.7099843349473085 0.566 -10.4801796354315 6.978015665052691 1.9118234975790371 0.5033 0.36340156650526917 0.24749843349473086 0.2957968669894617
0.6 9.899727 4000.031119323155 -1.1319844403384225 4.709 0.5660155596615775 -10.47887977243995 6.979 1.913323339492366 0.5033 0.3635 0.2474 0.2955984440338422
0.6 9.910006 4002.0155301144846 -1.1309844698855154 4.709 0.567 -10.47757981085117 6.979 1.9148248481831756 0.5033 0.3635015530114485 0.2474 0.29549689397710305
0.6 9.920047 4003.015481768181 -1.1299845182318191 4.708984518231818 0.567 -10.4763 6.979 1.9164232226522715 0.5033 0.36360154817681806 0.24739845182318193 0.29529690364636385
0.6 9.929862 4004.015519216748 -1.1289844807832516 4.708 0.567 -10.476279825018228 6.979015519216748 1.9179232788251224 0.5033 0.3637 0.2473 0.29509844807832514
0.6 9.939459 4005.013256536844 -1.1279867434631559 4.708 0.567013256536844 -10.475245245931614 6.98 1.9194251874200037 0.5033450722252696 0.3637450722252697 0.24725757908209914 0.2950318156884256
0.6 9.950395 4006.031215891727 -1.1269843920541367 4.707984392054136 0.568 -10.493802794149747 6.98 1.921323411918795 0.5067 0.3671 0.2440984392054137 0.29739687841082735
0.6 9.959554 4008.0133958472875 -1.1259866041527125 4.707 0.568 -10.51299511051574 6.980013395847288 1.922825452109846 0.5067 0.36710133958472874 0.244 0.29719732083054257
0.6 9.970001 4009.0133281066246 -1.1249866718933752 4.706986671893375 0.568 -10.520018659349274 6.981 1.9247239905919247 0.5067 0.3672 0.244 0.29699733437867504
0.6 9.980203 4010.0268779460434 -1.1239865610269784 4.706 0.5680134389730216 -10.5214 6.981 1.9265255340487413 0.5067 0.3672013438973022 0.24399865610269783 0.2967973122053957
0.6 9.99017 4012.0133374371603 -1.1229866625628397 4.70598666256284 0.569 -10.521381327587976 6.98101333743716 1.9284240073868884 0.5067 0.3673 0.2439 0.2965973325125679
nan nan nan nan nan nan nan nan nan nan nan nan nan
