M_Ms log_t_yr Teff L_Ls g R_Rs Log_Li_Li0 logTc logROc Mrad Rrad k2conv k2rad
0.7 5.703957 4110.072185878637 0.258721858786375 3.4332781412136253 2.659165576359125 0.0 6.316639070606812 -0.493210602300925 0.0 0.0 0.4469927814121363 0.0
0.7 5.738317 4106.50528116632 0.23255809282951478 3.4579471883368047 2.585147872656947 0.0 6.328473594168402 -0.45727393632847335 0.0 0.0 0.44724947188336805 0.0
0.7 5.769327 4103.0 0.20907293666026866 3.4799270633397312 2.519804222648752 0.0 6.339170825335892 -0.4251021113243762 0.0 0.0 0.4475585412667946 0.0
0.7 5.797516 4099.266617754953 0.1873330887747616 3.4996669112252383 2.4627326485693324 0.0 6.348466764490095 -0.39596632428466627 0.0 0.0 0.44777333822450477 0.0
0.7 5.823296 4096.748086595233 0.16848086595232897 3.5175191340476712 2.4124502514760553 0.0 6.357259567023835 -0.3694732123332605 0.0 0.0 0.4480251913404767 0.0
0.7 5.846997 4094.523304777116 0.15123304777116306 3.5342902570059533 2.366605924205024 0.0 6.365383476114419 -0.3451785973573399 0.0 0.0 0.44814766952228835 0.0
0.7 5.868886 4092.437147403443 0.13480862143787084 3.5496285259655718 2.32592868508607 0.0 6.372814262982786 -0.3228637783885435 0.0 0.0 0.4483562852596557 0.0
0.7 5.889182 4089.943931968867 0.1197196598443354 3.5632803401556647 2.2887991496108384 0.0 6.379640170077832 -0.3021547203805129 0.0 0.0 0.4485528034015567 0.0
0.7 5.908067 4088.2259269905144 0.10612963495257283 3.576870365047427 2.2547111238861746 0.0 6.385548146018971 -0.2829040816326534 0.0 0.0 0.4486774073009485 0.0
0.7 5.925695 4086.0 0.09348330706404925 3.588516692935951 2.223359936953718 0.0 6.39160667717438 -0.2650462960309499 0.0 0.0 0.4488 0.0
0.7 5.942195 4084.3352882277213 0.08084408525246745 3.600323558861393 2.1950234587326563 0.0 6.3971617794306965 -0.24836378200543555 0.0 0.0 0.4488832355886139 0.0
0.7 5.95768 4082.561951637064 0.06961951637063998 3.61038048362936 2.168486839289536 0.0 6.40219024181468 -0.2327235180826024 0.0 0.0 0.449 0.0
0.7 5.972245 4081.0473001852115 0.05923650092605798 3.620763499073942 2.143567602222539 0.0 6.406905399629577 -0.21813110129648117 0.0 0.0 0.44909526998147886 0.0
0.7 5.985973 4079.546928327645 0.0494692832764501 3.6295307167235498 2.1205793515358353 0.0 6.411265358361775 -0.20431168941979463 0.0 0.0 0.4491453071672355 0.0
0.7 5.998937 4078.250923557829 0.03950554134697359 3.6387453822108555 2.099011082693947 0.0 6.415498152884342 -0.19135646490480251 0.0 0.0 0.44927490764421707 0.0
0.7 6.011202 4076.509723207949 0.030548616039744517 3.64670624556423 2.0788618168914126 0.0 6.419725691980128 -0.17909354861603977 0.0 0.0 0.4493745138396026 0.0
0.7 6.022824 4075.860827664399 0.022304138321995747 3.6546958616780043 2.0604691043083907 0.0 6.423347930839002 -0.16751883503401402 0.0 0.0 0.44940695861678004 0.0
0.7 6.033854 4074.2976190476193 0.014488095238095555 3.6625119047619044 2.0432738095238103 0.0 6.4272559523809525 -0.15649821428571475 0.0 0.0 0.44948511904761906 0.0
0.7 6.044336 4072.812517700368 0.007062588501840654 3.6689374114981597 2.0259376947040493 0.0 6.430374964599263 -0.14608762390257693 0.0 0.0 0.4495187482299632 0.0
0.7 6.05431 4071.7001910963268 -0.00029789794040610074 3.675998089036733 2.0104042041191876 0.0 6.433499044518367 -0.13620267534857405 0.0 0.0 0.4496299808903673 0.0
0.7 6.063814 4071.027532026329 -0.007697147710382739 3.6827246797367112 1.9956057045792346 0.0 6.436862339868356 -0.1267854483686038 0.0 0.0 0.4496972467973671 0.0
0.7 6.072875 4069.773141927728 -0.014134290361360264 3.68813429036136 1.9816179902411435 0.0 6.43956714518068 -0.11782333639770924 0.0 0.0 0.4497113429036136 0.0
0.7 6.081531 4068.5489003606535 -0.02025549819673295 3.694255498196733 1.9687634537868608 0.0 6.442627749098366 -0.1093148575065412 0.0 0.0 0.44977255498196733 0.0
0.7 6.089803 4067.3789250353607 -0.026105374823196376 3.7001053748231962 1.956168175388968 0.0 6.445242149929278 -0.10115247524752508 0.0 0.0 0.44986210749646394 0.0
0.7 6.097715 4066.260248798417 -0.031698756007916364 3.7049590048063332 1.9446024879841672 0.0 6.44821925360475 -0.0933217415889171 0.0 0.0 0.4499 0.0
0.7 6.105296 4065.1890937345484 -0.037459984459984705 3.710054531327259 1.9330800310800305 0.0 6.450621812530904 -0.08586420145511024 0.0 0.0 0.4499405453132726 0.0
0.7 6.112558 4064.16317016317 -0.04310256410256426 3.7151841491841493 1.9217948717948714 0.0 6.45267365967366 -0.07873403263403243 0.0 0.0 0.4499918414918415 0.0
0.7 6.119523 4063.1791466515965 -0.04810426674201779 3.720104266742018 1.9117914665159643 0.0 6.454641706696807 -0.07193611189601545 0.0 0.0 0.45 0.0
0.7 6.126209 4062.235123879438 -0.05282438060280963 3.7244419425425286 1.9019688007340998 0.0 6.456912190301405 -0.06538411096209462 0.0 0.0 0.4500382438060281 0.0
0.7 6.132634 4061.328086397967 -0.05735956801016468 3.728523611209148 1.8924449071786542 0.0 6.459179784005082 -0.05908020046587109 0.0 0.0 0.45008359568010164 0.0
0.7 6.138808 4060.4567517990686 -0.06171624100465624 3.732716241004656 1.8835675179906874 0.0 6.461086496401863 -0.05299726259348127 0.0 0.0 0.4501543248200931 0.0
0.7 6.144749 4059.6185101580136 -0.06590744920993212 3.7365259593679454 1.8751851015801357 0.0 6.463144469525959 -0.04716772009029367 0.0 0.0 0.4502 0.0
0.7 6.150465 4058.812209220358 -0.07003284928803016 3.7399389538982093 1.8671220922035816 0.0 6.465375581559283 -0.04159485408148916 0.0 0.0 0.4502093895389821 0.0
0.7 6.15597 4058.0360919216128 -0.0743014944311291 3.7438195403919354 1.859360919216129 0.0 6.466927816156774 -0.036200838855209604 0.0 0.0 0.45024819540391936 0.0
0.7 6.161278 4057.287748484421 -0.07841738333568299 3.747561257577894 1.8518774848442128 0.0 6.468424503031158 -0.030999851966727873 0.0 0.0 0.4502856125757789 0.0
0.7 6.166395 4056.566455250176 -0.08216772374911864 3.7511677237491186 1.8446645525017626 0.0 6.4703006342494715 -0.026008541226216278 0.0 0.0 0.4503 0.0
0.7 6.171331 4055.8062812477992 -0.08564572917400204 3.754581156256602 1.8377085416519958 0.0 6.472258291669601 -0.021208893739877197 0.0 0.0 0.45031291458348 0.0
0.7 6.176097 4054.7994507429053 -0.08900183085698216 3.757601647771284 1.8309963382860357 0.0 6.473600732342793 -0.01657747341736462 0.0 0.0 0.45038003661713966 0.0
0.7 6.180699 4053.827265685515 -0.09224244771494947 3.7605182029434543 1.8245151045701011 0.0 6.47489697908598 -0.012105422153369752 0.0 0.0 0.450444848954299 0.0
0.7 6.185145 4052.925425636696 -0.095447446179823 3.763372871816519 1.8182542563669617 0.0 6.476223723089912 -0.007785436893203561 0.0 0.0 0.4505 0.0
0.7 6.189445 4052.3203883495144 -0.09907766990291247 3.766398058252427 1.8122038834951457 0.0 6.478038834951456 -0.003610679611650653 0.0 0.0 0.4505 0.0
0.7 6.193603 4051.735461641235 -0.10232269179382605 3.7691904226144435 1.8063546164123478 0.0 6.47952907671753 0.00042531467547993976 0.0 0.0 0.45051322691793827 0.0
0.7 6.197628 4051.1693973700867 -0.1051530131495672 3.7717377118346103 1.8006939737008656 0.0 6.4806612052598265 0.0043311581464027275 0.0 0.0 0.45054153013149567 0.0
0.7 6.20152 4050.622037831376 -0.1078898108431193 3.7742008297588074 1.7952203783137612 0.0 6.481755924337247 0.008107938963504624 0.0 0.0 0.4505688981084312 0.0
0.7 6.205294 4050.0912734688136 -0.11054363265593128 3.7765892693903385 1.7899127346881374 0.0 6.482817453062372 0.011770213065185171 0.0 0.0 0.4505954363265593 0.0
0.7 6.208946 4049.5781118291657 -0.11310944085417249 3.7791094408541728 1.7852030064624895 0.0 6.4838437763416685 0.015311028378758024 0.0 0.0 0.4506 0.0
0.7 6.212489 4049.0803596515875 -0.11559820174206233 3.7815982017420624 1.7807232368642878 0.0 6.484839280696825 0.01874551840404601 0.0 0.0 0.4506 0.0
0.7 6.215923 4048.598033707865 -0.11800983146067429 3.7840098314606743 1.7759803370786515 0.0 6.486205898876405 0.02207356741573051 0.0 0.0 0.4506401966292135 0.0
0.7 6.219254 4048.1301966292135 -0.12034901685393269 3.7863490168539324 1.7713019662921345 0.0 6.48760941011236 0.025301643258427122 0.0 0.0 0.45068698033707866 0.0
0.7 6.222488 4047.5145883013047 -0.12277984289521678 3.788456235096086 1.766925725908262 0.0 6.488647215598261 0.028432893813999237 0.0 0.0 0.4507161803899565 0.0
0.7 6.225625 4046.8545378033386 -0.12520002805442546 3.790436386589984 1.7627454060878105 0.0 6.489527282928882 0.03146912610464284 0.0 0.0 0.450738182073222 0.0
0.7 6.228672 4046.2134240426426 -0.12755077851031024 3.7923597278720718 1.7586850189367367 0.0 6.490382101276476 0.03441824940384376 0.0 0.0 0.4507595525319119 0.0
0.7 6.23163 4045.5910366110256 -0.1298328657595735 3.794226890166924 1.7547432318698275 0.0 6.491211951185299 0.03728123158928313 0.0 0.0 0.4507802987796325 0.0
0.7 6.234507 4044.9904695164682 -0.13204765241765926 3.796047652417659 1.7509142256482133 0.0 6.4920285914505955 0.04006576033636975 0.0 0.0 0.4508 0.0
0.7 6.237302 4044.598738612474 -0.13400630693763116 3.7980063069376313 1.7473886475122637 0.0 6.493203784162579 0.04276870357393099 0.0 0.0 0.4508 0.0
0.7 6.24002 4044.2177995795373 -0.1359110021023128 3.799911002102313 1.7439601962158369 0.0 6.4943466012613875 0.045397182901191664 0.0 0.0 0.4508 0.0
0.7 6.250178 4042.795548400644 -0.14302225799678017 3.8064200321971025 1.7305577098061178 0.0 6.497408903198712 0.05521071603555663 0.0 0.0 0.45086022257996783 0.0
0.7 6.259319 4041.516701607268 -0.14989979035639353 3.812416491963661 1.7186503144654097 0.0 6.499966596785464 0.06403475890985255 0.0 0.0 0.4509 0.0
0.7 6.269532 4039.179125331843 -0.15755218667039267 3.8195521866703923 1.7048956266592146 0.0 6.503731312002235 0.07388201760514188 0.0 0.0 0.45099104373340787 0.0
0.7 6.280296 4037.5875540672528 -0.16506222966373674 3.826356006697363 1.691287986605274 -0.00028248918654946877 6.506824891865494 0.0841752546393193 0.0 0.0 0.45107062229663736 0.0
0.7 6.289723 4035.547277537947 -0.1723581673861585 3.832631806155132 1.6794627489207623 -0.0004 6.510179083693079 0.09328452861718492 0.0 0.0 0.4511 0.0
0.7 6.299337 4033.935717267288 -0.17932141366355964 3.8387892722972037 1.6674214554055926 -0.0004 6.513128565465424 0.1025435508557123 0.0 0.0 0.4511532141366356 0.0
0.7 6.309952 4032.459572103362 -0.18670213948318995 3.84570213948319 1.654136148930258 -0.0004 6.516080855793276 0.11272895248680215 0.0 0.0 0.4512 0.0
0.7 6.319012 4030.4035525950594 -0.19378934221482114 3.8511928948098806 1.6428159866777683 -0.0004 6.519394671107411 0.1214077435470443 0.0 0.0 0.451279822370247 0.0
0.7 6.329247 4028.782952182952 -0.20108523908523906 3.858085239085239 1.6306550935550936 -0.000704261954261953 6.522434095634096 0.1311976299376299 0.0 0.0 0.4513 0.0
0.7 6.339183 4026.8132871972316 -0.20796678200692081 3.8643734256055366 1.6186597923875425 -0.0009 6.5251867128027685 0.14069415916955072 0.0 0.0 0.4513593356401384 0.0
0.7 6.349149 4025.028476638098 -0.21582914017141247 3.8708576168095106 1.6062562897428814 -0.0009 6.528914570085706 0.15030066353331456 0.0 0.0 0.4514 0.0
0.7 6.359221 4022.956503728252 -0.2228116542391605 3.8771304888152445 1.5944201877934272 -0.0011724661695664195 6.531724661695664 0.15990008285004148 0.0 0.0 0.4514681165423916 0.0
0.7 6.368995 4021.2891217427273 -0.22955439128636435 3.8835543912863644 1.583312973941817 -0.0013 6.534421756514546 0.16920505997518276 0.0 0.0 0.4515 0.0
0.7 6.380304 4019.097611344393 -0.23797542507055802 3.89070716596682 1.5702197976182286 -0.0015536518207475642 6.538170647759345 0.18001440077097786 0.0 0.0 0.45156341295518687 0.0
0.7 6.391022 4016.5138220327326 -0.24571544491816813 3.8977154449181683 1.5573121991472973 -0.0020715444918168124 6.5414861779672675 0.19022731398707202 0.0 0.0 0.4516 0.0
0.7 6.399075 4015.150412087912 -0.2520975274725272 3.903247939560439 1.548203296703297 -0.0022 6.544548763736263 0.19786215659340628 0.0 0.0 0.4516 0.0
0.7 6.411288 4012.712031828783 -0.26062656057072275 3.91086390451365 1.5340348470297713 -0.002886390451365045 6.548050624228289 0.20942465358759735 0.0 0.0 0.45167626560570723 0.0
0.7 6.419516 4011.3465807866246 -0.26626709606687665 3.9162670960668766 1.5247726462929974 -0.003361367685350133 6.550306838426751 0.21720859257228978 0.0 0.0 0.4517 0.0
0.7 6.431994 4008.4572307692306 -0.2758092307692311 3.923809230769231 1.5111052307692303 -0.0041352000000000385 6.554723692307693 0.22909673846153886 0.0 0.0 0.4518 0.0
0.7 6.440402 4006.732512820513 -0.2815582905982905 3.9295582905982904 1.501906735042735 -0.004882577777777771 6.557023316239317 0.23703044102564097 0.0 0.0 0.4518 0.0
0.7 6.453155 4004.490889237699 -0.29127277690575276 3.9372727769057527 1.4879635569507956 -0.0059163720739779735 6.561509110762301 0.24905643212993883 0.0 0.0 0.4519 0.0
0.7 6.461752 4002.1440660615576 -0.29713983484610623 3.9431398348461064 1.47857626424623 -0.006913771923838065 6.563855933938442 0.25715297208762666 0.0 0.0 0.4519 0.0
0.7 6.470425 4000.388707037643 -0.30366775777414035 3.948445171849427 1.469109656301146 -0.00795016366612105 6.566222585924714 0.2653179214402614 0.0 0.0 0.45196112929623566 0.0
0.7 6.479174 3998.3922049604794 -0.31001948759880105 3.954019487598801 1.4595688198419183 -0.0094254565276643 6.5686077950395205 0.2735468928863455 0.0 0.0 0.452 0.0
0.7 6.492443 3996.300165241756 -0.3194991737912202 3.962649256412098 1.4452512393131698 -0.011909785185717253 6.57324958689561 0.28594892592858623 0.0 0.0 0.4520849917379122 0.0
0.7 6.501384 3993.8111840172364 -0.3257552639310546 3.968566447948291 1.4359615120948 -0.01395490157673091 6.576283223974145 0.29439687591812724 0.0 0.0 0.4521 0.0
0.7 6.510406 3992.0440701204584 -0.3328237195181664 3.973867789638625 1.426242385662521 -0.01634050533738116 6.578933894819312 0.3027906669278226 0.0 0.0 0.4521 0.0
0.7 6.519509 3989.9601826484018 -0.3391592694063929 3.9801393607305937 1.4167810045662097 -0.0191716712328768 6.582059726027397 0.3114030684931509 0.0 0.0 0.4522 0.0
0.7 6.533317 3987.3316675719716 -0.34933916349809896 3.988670831070071 1.4029925040738727 -0.0241034980988594 6.586002498642042 0.32430724606192307 0.0 0.0 0.4522334166214014 0.0
0.7 6.542625 3985.0809482509394 -0.3564508046641613 3.994144454081141 1.3936301435867782 -0.028462387973402836 6.588919051749061 0.33307160065529556 0.0 0.0 0.4523 0.0
0.7 6.552014 3982.7976355407777 -0.36341655121455607 4.000416551214556 1.3837739909485547 -0.033335605430867186 6.591607093377667 0.3418438810381452 0.0 0.0 0.45232023644592223 0.0
0.7 6.561484 3981.908802624385 -0.3696383816293058 4.006547184253691 1.374179223619464 -0.039211022416621256 6.594273592126846 0.35068429743028995 0.0 0.0 0.4524 0.0
0.7 6.571034 3980.7359616409162 -0.3767921150772509 4.01279211507725 1.3648118273841237 -0.046329749600426205 6.597396057538626 0.359661768779968 0.0 0.0 0.4524132019179542 0.0
0.7 6.580662 3978.862980769231 -0.383096153846154 4.018959134615384 1.3554927884615382 -0.05452500000000018 6.600411057692307 0.3686838942307694 8.221153846154864e-05 0.009639302884616579 0.4525 0.0001287569711538621
0.7 6.590365 3977.9279507956653 -0.3902521722151714 4.025216147613004 1.3456397539783267 -0.06392148784535788 6.603108073806502 0.3777494386410232 0.0006288196817338719 0.07121963389631958 0.45250360246021676 0.0009786173777213774
0.7 6.600142 3976.018939763741 -0.39693371082690604 4.0309431807087766 1.3360946988187057 -0.07508920238211435 6.605971590354388 0.3870081421458555 0.001392424094503545 0.09426139705164448 0.45259905301181297 0.002009769686615225
0.7 6.609986 3975.001741089717 -0.40398781237197895 4.036989553461696 1.326017410897173 -0.08717910692339241 6.608994776730848 0.39628398197460085 0.003097040147480591 0.1205545401474813 0.4526 0.0037709461286358566
0.7 6.619897 3972.9520541132 -0.41019178354719976 4.0431678106038 1.3167602705660002 -0.1010619914453396 6.6120719188302 0.4057277429622998 0.0047239729433999735 0.13841335919625974 0.45260239729434 0.005395524321098173
0.7 6.629869 3970.9835509406807 -0.4180986943559166 4.050098694355916 1.3068519584661251 -0.11606482985504293 6.615049347177958 0.41515297625167075 0.005736187930502762 0.1473549604194513 0.4527 0.0064259934203763054
0.7 6.6399 3969.9098241181614 -0.424360703527354 4.056270527645515 1.2975491205908076 -0.13271609173063842 6.618135263822758 0.42474637061510057 0.008089369351860849 0.16370014575842967 0.4527 0.008504066951705372
0.7 6.649986 3967.973753546818 -0.4321837251722739 4.062183725172274 1.287763781921362 -0.15050918119173043 6.621078739359547 0.4344493413052288 0.01215511755168216 0.1872440920145924 0.4527 0.012045668828536646
0.7 6.66012 3966.8890649762284 -0.43933280507131517 4.069332805071316 1.2785007923930272 -0.17045388272583137 6.624110935023771 0.4442047543581613 0.014316481774960312 0.1967492868462755 0.4527 0.013834294770205965
0.7 6.670305 3964.752090800478 -0.4459916367980884 4.075743727598566 1.2688844086021505 -0.19121376941457582 6.6263718637992834 0.45401475507765826 0.016597491039426517 0.2054040322580645 0.4527 0.015668076463560332
0.7 6.680532 3962.723577235772 -0.4539674796747972 4.081967479674797 1.259756097560975 -0.21451382113821293 6.629414634146341 0.46398211382113885 0.019017886178861933 0.21349512195121997 0.4526861788617886 0.01753016260162613
0.7 6.690803 3960.8617795753285 -0.46096754297269976 4.088829322548029 1.2507560161779574 -0.23942137512639047 6.632414661274014 0.47394073811931253 0.02164963599595554 0.2216765520728009 0.45258617795753286 0.0195765358948433
0.7 6.701112 3959.6399193548386 -0.46826028225806454 4.095080241935484 1.2413796370967742 -0.26702312500000014 6.635360080645161 0.48406439516129035 0.0257 0.2336939314516129 0.45251800403225806 0.02261
0.7 6.71146 3957.5615407466084 -0.4755346073868697 4.10153460738687 1.232026933359739 -0.296235736211505 6.637657688880086 0.4942703733042872 0.026730379245469674 0.23497460144568724 0.4525561540746609 0.02336195761956617
0.7 6.721848 3955.5137917637917 -0.4827017288267287 4.108458624708625 1.2228120629370631 -0.3265550213675209 6.640729312354312 0.5044796620046619 0.03163983100233093 0.24741724941724924 0.4523756895881896 0.026941916278166222
0.7 6.732271 3953.4965061740213 -0.4900139753039149 4.1147622283909255 1.2137342777830957 -0.3590831722025458 6.643755240738968 0.5148181678950894 0.0355 0.25599650617402125 0.4523 0.029747482530870104
0.7 6.742732 3951.5730318934193 -0.4977078724263222 4.121494388373032 1.204651675413807 -0.391728122729108 6.646640452159871 0.5252472022607994 0.036610117077109434 0.2566775373435608 0.45225730318934193 0.0305128122729108
0.7 6.753231 3949.8793857904366 -0.5045427639430347 4.127482456838253 1.195336621847402 -0.4224313628769202 6.649180921314345 0.5357538388097703 0.04100756623438629 0.26524276394303464 0.4520819078685655 0.03357469329302259
0.7 6.76377 3948.2024027368925 -0.5120891876839843 4.1341903890524305 1.1861132150529081 -0.453455549367491 6.651696395894661 0.5462349828944226 0.04528387302092443 0.2727891876839843 0.4518303604105338 0.03655972312833157
0.7 6.76906 3947.4611051502147 -0.5156944742489269 4.137694474248927 1.1817666309012878 -0.46819345493562153 6.65307778969957 0.5515417113733903 0.04860225321888391 0.2786039431330468 0.4516922210300429 0.03881152092274664
0.7 6.779694 3945.074133547437 -0.523777599357688 4.143851732905126 1.173222400642312 -0.50080669075338 6.655925866452562 0.5622219991971099 0.051 0.281355600160578 0.4516 0.04042037066773718
0.7 6.790398 3942.911536920817 -0.530961543597276 4.150961543597276 1.1639499933235413 -0.5330269461877416 6.6587846174389105 0.5730815462678593 0.058170389905194186 0.292577700627587 0.4511126919481907 0.04520954199492583
0.7 6.801174 3941.1707739443186 -0.5381461302784064 4.157316904222726 1.1550246436659122 -0.5661868123085102 6.660829226055681 0.5840021180231778 0.0613 0.29609031570534183 0.45098292260556816 0.04728341547888638
0.7 6.812024 3939.5920398009953 -0.5463598673300164 4.164223880597015 1.1463681592039803 -0.6023529021558862 6.663543946932006 0.5950941956882252 0.06719353233830837 0.3036799336650082 0.4505456053067993 0.051111475953565445
0.7 6.82295 3937.417711442786 -0.5536076285240462 4.170746865671641 1.1376708457711444 -0.640476126036483 6.666443051409618 0.6062557479270312 0.07088989054726355 0.3073038142620231 0.45025569485903816 0.05351773266998334
0.7 6.833946 3935.8230942000264 -0.5608845289998678 4.177707623199894 1.1289385652001587 -0.6789364116792174 6.6693538115999464 0.6175798652397938 0.0768 0.313999260140045 0.4498 0.057284692826000794
0.7 6.839472 3935.0930109657816 -0.5645349451710926 4.180627956136874 1.1245580657946888 -0.7005468754128688 6.670813978068438 0.6232745144669046 0.0768 0.31275811864182845 0.4498 0.05726279032897344
0.7 6.850583 3932.943687018376 -0.5725398142659557 4.187854376605414 1.115774748073503 -0.7418215965224281 6.6730563129816245 0.6348299150365545 0.08386000790357667 0.32041398933017223 0.4491831061055127 0.061735907923335505
0.7 6.861762 3931.158828166054 -0.5802058591697318 4.194364687335786 1.1069529689963218 -0.7855763268523374 6.675682343667893 0.646529374671571 0.0871 0.32248589069889655 0.4489 0.0637647648449816
0.7 6.873014 3928.6840109818277 -0.5877379395999479 4.201421950581776 1.098104065890966 -0.8312854425415104 6.678631978036345 0.6583437115962876 0.09310577199633951 0.32787398352725855 0.44832100274545694 0.06747926264871233
0.7 6.884334 3927.2040789645703 -0.5958775656948623 4.2080816446594325 1.089224473787423 -0.8794572297032303 6.681591842070859 0.6702571643352075 0.09687959864034523 0.3300938815531443 0.44795101974114265 0.0698175552359786
0.7 6.89002 3925.9245209229566 -0.5996886976926086 4.211688697692608 1.0847735627688697 -0.9028236996480252 6.682537739538522 0.6762556902620259 0.1001962456003129 0.3329273758310521 0.447577356276887 0.07185001173249904
0.7 6.901441 3923.975752074689 -0.6071212396265563 4.218121239626556 1.0768545124481324 -0.9516389782157693 6.685048495850622 0.6884000453838178 0.1078618322095437 0.3395266727178424 0.4466927256224066 0.07650734180497933
0.7 6.912923 3922.4869035269708 -0.6145654823651453 4.225565482365145 1.0679214211618255 -1.0031531379668055 6.688026192946058 0.7006830459024898 0.11165839600622411 0.341164406120332 0.4462460710580913 0.07880016856846475
0.7 6.924468 3919.992906886768 -0.6230354655661592 4.23203546556616 1.059957441320609 -1.0562518055197305 6.691007093113232 0.7130595821511474 0.11813617487748239 0.345726953830281 0.4454957441320609 0.08268198865101871
0.7 6.930261 3919.2458086149086 -0.6267709569254577 4.235770956925458 1.0554748516894508 -1.08277379417075 6.691754191385091 0.719335207634769 0.12194637606396691 0.3485659272633479 0.4450474851689451 0.08499799329378381
0.7 6.941885 3917.750448833034 -0.6342477558348296 4.243122980251346 1.0466274685816874 -1.136970107719929 6.694499102333932 0.7319211849192102 0.12904883303411135 0.35327468581687616 0.4441126570915619 0.08920307899461405
0.7 6.953562 3916.2530135932293 -0.6417349320338546 4.24986143883047 1.03839157476276 -1.1949957232623731 6.697493972813542 0.7446493844575528 0.1329421646576044 0.35432289048473964 0.4435885547576302 0.09144174467812252
0.7 6.959417 3915.008049060943 -0.6459758528171714 4.253479877347643 1.0345201226523573 -1.2242918359524724 6.698991950939058 0.7510653890379456 0.13612947489459565 0.3560871215024914 0.44310321962437715 0.09332776542736682
0.7 6.971157 3913.0065001274534 -0.6539674993627326 4.259973999490186 1.0260390007647209 -1.282051695131277 6.701986999745093 0.7639440989039 0.1438661993372419 0.36087919959214887 0.44200455008921746 0.09786036961509048
0.7 6.982933 3911.249710982659 -0.6615009633911368 4.267250867052023 1.0182489402697494 -1.3425331021194604 6.704000385356455 0.7769266666666667 0.15030050096339112 0.36407506743737955 0.44099992292870904 0.10162527938342968
0.7 6.994744 3908.9825558857733 -0.6690872205711335 4.2740872205711335 1.0099127794288667 -1.4063274195632522 6.707034888228454 0.7900517637937721 0.1542907093939787 0.3646488435198347 0.440384300297196 0.10385233234268001
0.7 7.000664 3908.2175991730196 -0.6729120041349017 4.277912004134902 1.0060879958650981 -1.4382261144850803 6.70856480165396 0.7967068871947289 0.15826848430029777 0.36679072231554494 0.4396958392557177 0.10614720248094103
0.7 7.012521 3906.6785854104137 -0.6806070729479314 4.284446365653139 0.9973929270520686 -1.501824402975334 6.710642829179172 0.8099963069294006 0.16533567793292434 0.37006428291791726 0.43855536343468615 0.11016605115490011
0.7 7.024408 3905.127365261647 -0.6883631736917658 4.291426856322589 0.9896368263082341 -1.5680615033276804 6.713745269476707 0.8234919222236726 0.16936885031971824 0.37037452694767065 0.4378573143677411 0.11241532037061211
0.7 7.030365 3904.3457244187575 -0.6922713779062128 4.295271377906213 0.9857286220937871 -1.6026152633652953 6.715308551162486 0.8302267699986863 0.17303680546433722 0.37203568895310646 0.4372111519768817 0.11449739918560352
0.7 7.0423 3902.7723113645407 -0.7001384431772975 4.302024598859568 0.9778615568227025 -1.6715296843919911 6.718341532953189 0.8438695066967247 0.18117259647261644 0.3758122994297839 0.4357723113645405 0.11906029704283257
0.7 7.054257 3901.1867126375814 -0.7080664368120936 4.309159793130884 0.9699335631879064 -1.7413753083145445 6.720719931043628 0.8575849356849219 0.18933842991645639 0.37937989656544213 0.4341867126375813 0.12365853335101427
0.7 7.060244 3900.3891408751333 -0.7114434364994663 4.312443436499466 0.9665565635005336 -1.7778827774813224 6.722221718249733 0.8644533884738526 0.1903 0.37845610992529355 0.43393891408751334 0.12413891408751335
0.7 7.072239 3898.891217901193 -0.7189790388892633 4.318979038889263 0.9590209611107366 -1.8518146390779806 6.724435128395228 0.8783819303093617 0.19628323111141066 0.37997405135809126 0.43273682685178944 0.12742425018534745
0.7 7.084254 3898.0814180764305 -0.7262672373121251 4.326267237312125 0.9517327626878749 -1.9278548426231712 6.727674327694277 0.8923914672777515 0.20211378984970002 0.3812697310777111 0.4315221271146458 0.13058246950192084
0.7 7.090269 3897.3481149986437 -0.7302594250067806 4.329607540005425 0.9477405749932193 -1.9664645375644167 6.729303770002712 0.8994713995117984 0.2051119745050177 0.38192150800108493 0.4308784919989151 0.13213858150257665
0.7 7.102324 3895.852884747156 -0.7373240372755927 4.336176922022749 0.939823077977251 -2.0434552761408793 6.731588461011374 0.9136598053994792 0.21421509524462104 0.3856471152528436 0.42897932712073455 0.13722961491023705
0.7 7.114401 3895.025352884747 -0.7447718240372755 4.342797176922023 0.9332028230779774 -2.1208295052761397 6.734898588461012 0.9280588598053993 0.2199250650952445 0.3864746471152528 0.4277380293271208 0.14020872961491018
0.7 7.120449 3894.216611479029 -0.7481335540838852 4.3461335540838855 0.9290830573951436 -2.1599409216335532 6.7357833885209715 0.9352371412803531 0.22550538079470187 0.3890068432671081 0.4265249172185431 0.1432768763796909
0.7 7.132567 3893.768083623693 -0.7558553310104528 4.352855331010453 0.9219127526132407 -2.2423856724738656 6.738927665505226 0.9498121533101042 0.23017725435540043 0.3888914982578396 0.42528105923344955 0.14566256445993014
0.7 7.144711 3892.8425925925926 -0.7626296296296294 4.359629629629629 0.9143703703703706 -2.322960185185183 6.742157407407407 0.9644694444444439 0.2407 0.39315370370370384 0.42288425925925927 0.1514527777777778
0.7 7.150796 3891.9944216918516 -0.7660446264651882 4.3630446264651885 0.9109553735348118 -2.365058946476483 6.743022313232594 0.9718965047309696 0.24073849032622485 0.39130390481570393 0.4227899590453327 0.15121952407851985
0.7 7.162985 3891.1337381725743 -0.772930094619404 4.369930094619405 0.9040699053805961 -2.451299435108035 6.746465047309702 0.9867863296144611 0.24667720660923592 0.39190638327919786 0.4212407287106341 0.15423191639598924
0.7 7.169089 3891.0 -0.7763927252060243 4.373392725206024 0.9006072747939757 -2.493532338732593 6.747598181301506 0.994304177323103 0.25172745098039195 0.39373472577436763 0.41998309178743964 0.15697308894572312
0.7 7.181315 3890.3275615340585 -0.7833795077275327 4.3803795077275325 0.8936204922724673 -2.5763781911848866 6.7506897538637665 1.0094331854607894 0.26223304235832834 0.3975225100171722 0.4172826846021752 0.16260187464224374
0.7 7.193567 3890.0 -0.7904218749999999 4.386421875 0.88668359375 -2.658841796874998 6.7532109375000005 1.0247175781249998 0.2707 0.39966796875000005 0.41507890625000005 0.167068359375
0.7 7.199706 3890.0 -0.7939745370370371 4.389974537037037 0.8840190972222222 -2.7029836226851858 6.754987268518518 1.0324446180555555 0.2707 0.3977140046296296 0.4149012731481481 0.16680190972222222
0.7 7.212006 3890.0 -0.8002471419209203 4.397139590766765 0.876860409233234 -2.7883503750090997 6.7576773465375375 1.0479393650331315 0.2806061821888878 0.4008235709604601 0.41213340857787817 0.17197620330590532
0.7 7.224347 3890.0 -0.807088326446281 4.403088326446281 0.869911673553719 -2.8794697387839436 6.760894997048406 1.0636909828807557 0.28567832054309333 0.40037232880755613 0.4104961703069658 0.17435849321133415
0.7 7.230531 3890.0 -0.810282541322314 4.406282541322314 0.866717458677686 -2.923321745867768 6.762263946280991 1.071630888429752 0.29161043388429747 0.40247138429752066 0.4088077995867769 0.17750707644628094
0.7 7.242929 3890.0 -0.8172262697284766 4.413226269728477 0.8607737302715234 -3.0119217966938474 6.765700725559129 1.0875481561822133 0.29707735806717084 0.40218831625402063 0.407034310718827 0.17999123345052012
0.7 7.249142 3890.0 -0.820479392624729 4.416479392624729 0.8575206073752709 -3.054955965292844 6.7675596529284165 1.0956344902386121 0.30311887201735394 0.4042796095444686 0.40526832971800425 0.18315140997830817
0.7 7.261598 3890.075983923561 -0.8264559035413668 4.4225318874649275 0.851468112535072 -3.1441081595510774 6.770303935694244 1.1119145218776076 0.30878779100629467 0.4040419276560251 0.4032960643057555 0.18580909228785955
0.7 7.274086 3891.04628073927 -0.8321388422178095 4.42913884221781 0.8448611577821904 -3.229121475484953 6.77404628073927 1.1283026424316476 0.3208 0.40809818237360634 0.39958611577821906 0.19198148770429208
0.7 7.280342 3892.000922934933 -0.8350055376095984 4.432006460544532 0.8419935394554684 -3.274980849100138 6.775003691739733 1.1366160590678356 0.3208112598061835 0.40600350715274575 0.3992963082602677 0.1916057221965851
0.7 7.292874 3892.9647746500536 -0.8407886479003229 4.438753422550377 0.8352465774496232 -3.3594142593447156 6.778859098600215 1.1533870789109366 0.33257025073065677 0.40966614367020454 0.39544090139978466 0.19758160283033377
0.7 7.299152 3893.0 -0.8437052990393555 4.441705299039356 0.8322947009606444 -3.4043419584753654 6.779901766346452 1.1618453672141311 0.333 0.407816114037806 0.39511964673070965 0.19743929346141925
0.7 7.311731 3894.8633491927308 -0.849590047578192 4.447590047578193 0.8264099524218079 -3.490235192262695 6.783726698385461 1.178911137976757 0.3435279229389284 0.4105813587083691 0.39146646907417515 0.20271054519928247
0.7 7.324338 3896.8486909752432 -0.855121727438108 4.45454607292573 0.8208782725618919 -3.5732450209602153 6.7866973819504866 1.196083611484616 0.35155232935221076 0.4115819109388595 0.3884269635371352 0.2064276437554378
0.7 7.330655 3897.84797911888 -0.8576199477972 4.457543937356641 0.8183800522028 -3.6152151229929594 6.78869595823776 1.204777418334256 0.355499517519576 0.41203159060349603 0.38692803132168 0.20822636241398396
0.7 7.34331 3899.8673053892217 -0.8626682634730539 4.463601916167665 0.8123980838323354 -3.6978794251497016 6.791800958083832 1.2223455568862278 0.36338249101796416 0.41284692215568863 0.38380567664670656 0.21176778443113775
0.7 7.349649 3900.8856729377712 -0.8647713458755427 4.466657018813314 0.8093429811866859 -3.7378412445730835 6.793771345875542 1.231205354558611 0.36735412445730836 0.41325426917510855 0.3821829232995658 0.21359421128798847
0.7 7.362351 3904.8830958549224 -0.8698538698186529 4.471853869818653 0.8041461301813472 -3.8186999109455972 6.797883095854923 1.2490914669689122 0.3754691143134716 0.41417369656735753 0.3788935233160622 0.217100631476684
0.7 7.375074 3908.042153795488 -0.8740421537954882 4.478063230693232 0.7989367693067676 -3.8970283220813444 6.801042153795488 1.2670833690103738 0.3835821999012021 0.4151084307590977 0.37546416927383497 0.22073583072616504
0.7 7.381444 3910.141032022565 -0.8761057740169238 4.481176290028206 0.7958237099717936 -3.938035050605608 6.803105774016924 1.2762134892981583 0.38767501244400193 0.41553525800564123 0.3736801227808197 0.22251987721918032
0.7 7.394196 3914.3753969580475 -0.8793753969580478 4.486563095437071 0.7906246030419523 -4.0140632960053475 6.806375396958048 1.2946329767675075 0.3959507939160955 0.41657507939160954 0.370062142737757 0.22611908741434059
0.7 7.400581 3916.641943088062 -0.8813851658528372 4.489641943088062 0.788358056911938 -4.05160474827412 6.80851355447045 1.3039339619464556 0.4002014312173766 0.4170283886176124 0.3681506398383566 0.2279236824381209
0.7 7.413365 3922.0332369942194 -0.8846199421965317 4.495033236994219 0.7829667630057805 -4.124028757225432 6.8128265895953755 1.322695664739884 0.40861184971098247 0.4181066473988439 0.36433540462427755 0.2314819364161849
0.7 7.419769 3924.7551003060184 -0.886253060183611 4.497755100306018 0.7802448996939817 -4.159140793947636 6.815004080244814 1.3321677490649437 0.4128579564773886 0.41865102006120364 0.3623212257735464 0.2332783662019721
0.7 7.432604 3931.100051484469 -0.8887000171614897 4.503250042903724 0.7755999656770205 -4.227390526857736 6.818550025742234 1.351290149304961 0.42151506778788456 0.41975000858074485 0.3581699673931694 0.23682002745838363
0.7 7.439037 3934.429979253112 -0.8898099930843707 4.506429979253111 0.7733800138312587 -4.260413796680498 6.820619986168741 1.360946939834025 0.4258589730290457 0.42030499654218534 0.3560610131396957 0.23859598893499312
0.7 7.451926 3942.185068072025 -0.892052876592007 4.5111321914800175 0.7678942468159858 -4.32307043478261 6.8251057531840145 1.3804600263504616 0.43450310935441383 0.4214603425559947 0.3517365480895915 0.24212115063680284
0.7 7.464849 3950.140919968094 -0.8941629885668706 4.516814942834353 0.7633480457325179 -4.389766578037757 6.8294889657006115 1.4002360010635473 0.43942462111140673 0.4200814942834353 0.34881324115926604 0.2433237702738634
0.7 7.471325 3954.158645750244 -0.894736949392892 4.51968474696446 0.7610522024284322 -4.420990046973323 6.831210848178675 1.4102229194363203 0.4433849508109546 0.42036847469644595 0.3467469821855889 0.24481606842151912
0.7 7.484301 3963.165932979966 -0.8963957416224958 4.524582966489983 0.7568127751325128 -4.479605803611537 6.835582966489983 1.4303859042314262 0.45479104303297113 0.42333744497349746 0.3408961818345161 0.2496893540562394
0.7 7.490802 3967.8382894618635 -0.896979786182733 4.526919144730932 0.7550606414518012 -4.508983244991468 6.8379191447309315 1.4405482795795534 0.45876254604258404 0.4236878717096398 0.33867681250561477 0.25114946545683237
0.7 7.503829 3977.295419219164 -0.897 4.531647709609582 0.7505142177928135 -4.563879939654384 6.842647709609582 1.4611175368016818 0.46706303373868496 0.4246266983633537 0.33398751942945976 0.25408578220718653
0.7 7.510355 3982.068940294413 -0.897 4.534034470147207 0.748724147389595 -4.587389530949984 6.845034470147207 1.4714999451403488 0.47171721678705286 0.4254620645515223 0.3313620828380727 0.25587585261040496
0.7 7.523432 3992.6614107883815 -0.897 4.538849515905947 0.7441504840940526 -4.63125692946058 6.849849515905947 1.492445394190871 0.48110655601659735 0.4272435684647303 0.3258730567081605 0.25939089903181184
0.7 7.529983 3998.7729563269872 -0.8969297312430011 4.541281075027996 0.7427891937290034 -4.654264809630457 6.852281075027996 1.5030226763717798 0.4819551231802908 0.4253124300111982 0.3249697368421054 0.2587967525195968
0.7 7.543113 4012.2769259712168 -0.8957020976389803 4.545893707083059 0.739106292916941 -4.697375392719406 6.857191609444079 1.5243835010817428 0.4916236384159536 0.42730643401373347 0.3191402784310035 0.26223412661085516
0.7 7.54969 4019.082212397705 -0.8950834352365723 4.5477496942902835 0.7372503057097167 -4.716430194713575 6.859666259053712 1.5351482268836427 0.4964492051547364 0.4283581600978272 0.31610883265920403 0.2639663813375977
0.7 7.562868 4034.1592210767467 -0.8926678121420389 4.552498281786941 0.7335017182130584 -4.749682817869416 6.865664375715922 1.556890034364261 0.505564375715922 0.43011729667812143 0.31030171821305846 0.2670664375715922
0.7 7.574057 4048.0644820295984 -0.8905285412262157 4.555707188160676 0.7302928118393235 -4.780333932346723 6.869942917547569 1.5755016913319237 0.5107386892177589 0.4296714587737844 0.30657420718816075 0.2680364693446089
0.7 7.583352 4059.686744658222 -0.888610751232718 4.5583892487672815 0.727740500821812 -4.801506390795706 6.87364874794547 1.5910576428502357 0.5172060233974667 0.431070250410906 0.30219777627380856 0.2701259499178188
0.7 7.591318 4069.6991201778983 -0.8863002030358696 4.56069979696413 0.7262001353572464 -4.81875848399884 6.877499661606884 1.604458822391956 0.5202097360533694 0.4303000676786232 0.29981020980373196 0.27027998646427537
0.7 7.601487 4082.5395529640427 -0.8833370262390671 4.563662973760933 0.723337026239067 -4.839285753158406 6.881550631681244 1.6216452478134111 0.5275237317784256 0.4321528474246842 0.2947066472303207 0.2726966763848397
0.7 7.610113 4094.209899443523 -0.8808121644049594 4.5661878355950405 0.7215414429366396 -4.852830889387875 6.8856463926584 1.636216518598068 0.5341613004002738 0.4340773406228645 0.2900160402225907 0.2748961241823686
0.7 7.619907 4109.012253700618 -0.8772469365748454 4.569064797568866 0.7196234682874226 -4.870145877855114 6.889753063425155 1.6528758258994227 0.5389842368395258 0.43414938731496905 0.2862287226742474 0.27566882658562886
0.7 7.630201 4126.6085072863325 -0.8731981094919262 4.571400945254037 0.7168985821189446 -4.885416285939345 6.894502363135092 1.6704181764474193 0.545663686490744 0.435721228830248 0.28113725876329293 0.2774511815675461
0.7 7.640556 4144.290756302521 -0.8683850716757291 4.574168956994563 0.7145540286702916 -4.899304903608503 6.8996149283242705 1.6881076520019773 0.5501689569945626 0.43534322293623334 0.2773756401384083 0.2777662086010875
0.7 7.64936 4159.7199841238335 -0.8640222266322685 4.576786664020639 0.7128088906529074 -4.909353324072236 6.903977773367731 1.7031435403849964 0.5539182179003769 0.43501911093470924 0.2740986703711055 0.27795733280412777
0.7 7.659376 4177.639864663151 -0.8590444820380136 4.579182207184795 0.7108177928152054 -4.92004302915713 6.908955517961986 1.7202669817892329 0.5605106080206986 0.43687331077719177 0.26873515772713696 0.2796777589809932
0.7 7.669919 4197.1928984639935 -0.8531496110113704 4.581283462996209 0.7087165370037901 -4.931559046479155 6.914850388988629 1.7382094354677837 0.5662027528426092 0.4377791342509475 0.26388976660682223 0.2807
0.7 7.679717 4217.686046511627 -0.8472674418604652 4.583866279069767 0.7067558139534884 -4.9402279069767445 6.920110465116279 1.7548133720930228 0.5725145348837207 0.4397151162790697 0.2584941860465118 0.28225523255813945
0.7 7.689565 4240.162090973558 -0.8406897983993517 4.586231486171614 0.7047685138283861 -4.947841221760713 6.925078715429034 1.7713597609158138 0.5779013980346469 0.44081527707425794 0.2536601762739338 0.2832
0.7 7.69925 4261.728320131674 -0.8337572266227752 4.588818331447382 0.7027877790350786 -4.955527661763194 6.930636662894764 1.787458378767617 0.5817638308815967 0.44057877790350786 0.2498967801666494 0.2832
0.7 7.709159 4283.933333333333 -0.8271999999999999 4.591266666666666 0.7007333333333333 -4.961133333333334 6.936166666666667 1.8037433333333335 0.58577 0.4404366666666667 0.24593 0.2832
0.7 7.719013 4307.370542308505 -0.820322008862629 4.593336568896392 0.6986634311036082 -4.965273137792783 6.942009706689175 1.8196579236125772 0.5898063093479639 0.4404 0.24189369065203614 0.2832668284448196
0.7 7.729013 4332.473080598917 -0.8129036848253159 4.596184135074865 0.6965439099500902 -4.972497164702134 6.947640225124775 1.8354022618668364 0.5939393755973239 0.44054560900499096 0.23768781990018054 0.28344560900499094
0.7 7.739224 4357.768000000001 -0.8061039999999998 4.599448 0.6943679999999999 -4.9780456 6.953896 1.8509872000000005 0.5981008000000001 0.4406 0.23341759999999984 0.2836632
0.7 7.749093 4381.1439256330805 -0.7989087509349291 4.601740356875735 0.6922596431242654 -4.982454749439042 6.960221070627204 1.865434426754995 0.6027158029704027 0.4414701784378673 0.22869717918581048 0.28430912490650706
0.7 7.759024 4405.367299083351 -0.7924259219782562 4.604787039010873 0.690141973992752 -4.983 6.966574078021743 1.8792771690471117 0.6074805585163079 0.44262191430398634 0.2237336388829673 0.2850503091025368
0.7 7.769006 4429.770244420829 -0.7860599362380446 4.607970031880978 0.6870299681190223 -4.987158044633368 6.972940063761955 1.892080127523911 0.6122550478214666 0.44398701381509037 0.21874695005313488 0.2859910095642933
0.7 7.779002 4452.270820930079 -0.7807598068399814 4.611930144870014 0.6843799034199907 -4.98995110140901 6.980205265595026 1.903073400807039 0.6152476086525105 0.44327947344049745 0.21522837203148765 0.2858689951709995
0.7 7.78911 4474.457362684335 -0.7759085274631331 4.61556860440265 0.6814313955973499 -4.9914 6.988182945073734 1.912982945073734 0.6185777516563369 0.44305686044026504 0.21136081427655476 0.28611372088053005
0.7 7.798976 4494.668056622408 -0.7722219905629322 4.619370679249424 0.6788146603752881 -4.99394848019313 6.996148688686492 1.9202967518929002 0.6222743443432459 0.4436148688686492 0.20712932075057613 0.28687413584988475
0.7 7.809045 4513.4334532374105 -0.7688562275179855 4.623143772482014 0.6758562275179856 -4.9957 7.003287544964029 1.9267731677158275 0.6259152315647484 0.4443287544964029 0.20285601393884878 0.28784313174460435
0.7 7.819059 4529.710182767624 -0.7672193211488251 4.6271227154047 0.6726579634464751 -4.9990569190600525 7.010464751958224 1.93058590078329 0.6268 0.44145535248041756 0.20148772845953 0.28724125326370753
0.7 7.829017 4542.199250760947 -0.767 4.631679700304378 0.6683202996956216 -5.001195902598923 7.0175195504565675 1.9321199250760945 0.6297437602435029 0.44161191758370405 0.19808826972605934 0.28847188012175146
0.7 7.839033 4550.408113042788 -0.7684816226085575 4.637185679129951 0.665036754782885 -5.002929784869413 7.022444867825673 1.9313851075652935 0.6321483527824083 0.4414036754782885 0.1952071604350244 0.289785298086846
0.7 7.84897 4555.410404624277 -0.7722138728323696 4.643017341040462 0.6607861271676304 -5.004865895953757 7.02721387283237 1.9292520231213877 0.6329 0.43896994219653207 0.19421965317919077 0.2903606936416185
0.7 7.858986 4554.647305582446 -0.7784107776702159 4.648734430461439 0.655941916747338 -5.0064174249757984 7.030705388835107 1.9253506292352374 0.6348614069054533 0.4387381736043885 0.19203568893191364 0.292429041626331
0.7 7.869011 4549.6374848851265 -0.7860896009673524 4.654635429262394 0.6518187424425633 -5.007945211608223 7.033454171704958 1.9206462394195885 0.6358 0.4372277025392985 0.191 0.29405437726723105
0.7 7.879364 4539.227546352035 -0.7967724536479653 4.6608735853599805 0.6471011317120154 -5.009664603900794 7.0349747170719965 1.9150163014688177 0.6358 0.4345530941488081 0.19119494341439924 0.295567132193595
0.7 7.890986 4521.770917759238 -0.8106019070321806 4.668254350417163 0.6415592371871278 -5.012057663885578 7.035906793802145 1.9084617640047679 0.6358 0.43223301549463655 0.19147203814064362 0.29759494636471984
0.7 7.901732 4502.993479273406 -0.8243794829995337 4.674627037727062 0.6366237773637635 -5.0139257335817415 7.036 1.9027858290638102 0.6358 0.4304620517000466 0.19183762226362364 0.29970065207265945
0.7 7.912677 4482.7920312387005 -0.8379731000072315 4.680489912502712 0.6327584062477402 -5.0161704606262205 7.035751681249548 1.8978342468725142 0.6358 0.42920201749945763 0.19222415937522597 0.3017207968761299
0.7 7.919654 4470.179044037891 -0.8460454118157497 4.683517029430906 0.6302358088075782 -5.017532663243908 7.035247161761515 1.895059389688336 0.6358 0.4285965941138188 0.19247641911924218 0.30298209559621087
0.7 7.933642 4448.044636612196 -0.859403064793031 4.688134354931011 0.6271492338017423 -5.028091072677562 7.034716411267247 1.890907439435366 0.6329 0.4240149233801742 0.1962417943663763 0.30306717746550516
0.7 7.940643 4438.696318433268 -0.8647449608952754 4.689914986965092 0.6258137597761811 -5.029960736313347 7.034271253258727 1.8893493864055446 0.6329 0.4238813759776181 0.19646437337063646 0.3039574934825459
0.7 7.954667 4422.260830415208 -0.873857728864432 4.692952576288143 0.624023711855928 -5.033833606803402 7.033023711855928 1.8870331965982992 0.6329 0.4239952576288144 0.1967952576288144 0.3053786593296648
0.7 7.961691 4416.778338177466 -0.8763207385877928 4.693580184646948 0.6234198153530518 -5.043298991280561 7.032419815353052 1.886303778423662 0.6312174645238502 0.4219693537356813 0.1987726277996239 0.30458774149427253
0.7 7.975766 4408.966845155138 -0.8800165774224309 4.694 0.623 -5.053729839360376 7.032 1.8853294652680994 0.63 0.4208360962370718 0.2003344384948287 0.3043360962370718
0.7 7.982818 4406.5100221308885 -0.8811633259563705 4.693836674043629 0.623 -5.056479955738223 7.031836674043629 1.8849693392349036 0.63 0.42109799557382227 0.20041633259563704 0.3045326651912741
0.7 7.98988 4405.170407840657 -0.8816098640531141 4.693390135946886 0.623 -5.059159184318685 7.031390135946886 1.8846121087575087 0.63 0.42136591843186844 0.20046098640531143 0.30462197281062287
0.7 8.004033 4403.125054800526 -0.8815625274002631 4.692562527400263 0.6234374725997369 -5.06434357189829 7.030562527400263 1.8840812637001316 0.63 0.4218624835598421 0.2005 0.3047437472599737
0.7 8.01113 4402.347216133275 -0.8811736080666375 4.692173608066637 0.6238263919333625 -5.066871547566856 7.0301736080666375 1.8838868040333188 0.63 0.42209583516001753 0.2005 0.30478263919333626
0.7 8.025363 4402.0 -0.8804712824923547 4.691471282492355 0.6245287175076453 -5.072071124808868 7.029471282492355 1.8833770259938838 0.63 0.4225701022553517 0.2005 0.3047471282492355
0.7 8.032498 4402.0 -0.8801303516819572 4.691130351681957 0.6248696483180428 -5.07469629204893 7.029130351681957 1.8831042813455656 0.63 0.42280875382263 0.2005 0.30471303516819576
0.7 8.039644 4401.8148054996645 -0.8798148054996647 4.690814805499665 0.6251851945003353 -5.077255633802817 7.029 1.882759247149564 0.63 0.4230111167002012 0.20051851945003354 0.30471851945003353
0.7 8.053988 4401.2135311871225 -0.8792135311871228 4.690213531187123 0.6257864688128773 -5.082306338028169 7.029 1.8819775905432594 0.63 0.42337188128772635 0.20057864688128774 0.30477864688128775
0.7 8.061181 4400.92225062044 -0.879 4.68992225062044 0.626 -5.084885268733563 7.02892225062044 1.8816144756824833 0.63 0.4235466496277364 0.2006 0.3048077749379561
0.7 8.075616 4400.387561580917 -0.879 4.689387561580917 0.626 -5.090285628032745 7.028387561580916 1.881026317739008 0.63 0.4238674630514501 0.2006 0.3048612438419084
0.7 8.082861 4400.1191984294555 -0.879 4.689119198429455 0.626 -5.092996095862503 7.028119198429454 1.8807311182724007 0.63 0.42402848094232687 0.2006 0.3048880801570545
0.7 8.090124 4399.8666029086835 -0.879 4.688866602908683 0.6261333970913168 -5.095654028295353 7.0278666029086825 1.880386564653893 0.63 0.42418003825479006 0.20061333970913167 0.3049133397091317
0.7 8.104706 4399.385713814596 -0.879 4.688385713814596 0.6266142861854038 -5.100895719420902 7.0273857138145965 1.8796171421033538 0.63 0.4244685717112423 0.2006614286185404 0.30496142861854036
0.7 8.112025 4399.144345876068 -0.879 4.688144345876068 0.6268556541239323 -5.103526629950862 7.027144345876068 1.8792309534017084 0.63 0.42461339247435936 0.2006855654123932 0.30498556541239324
0.7 8.119365 4398.737004053374 -0.879 4.688 0.627 -5.107870223971124 7.027 1.8788334359004704 0.629719470990266 0.4244107044587119 0.20099806207284235 0.3048246693689163
0.7 8.134104 4397.428770081955 -0.879 4.688 0.627 -5.121650288470074 7.027 1.8780048877185715 0.628324021420752 0.42297164709015056 0.20248072724045096 0.30395251338797
0.7 8.141506 4396.771768395514 -0.879 4.688 0.627 -5.128570706233913 7.027 1.8775887866504926 0.6276232196218823 0.4222489452350661 0.20322532915175007 0.30351451226367643
0.7 8.156373 4395.669637361167 -0.879 4.687834818680583 0.6271651813194166 -5.140317470895224 7.026834818680584 1.8769678549444668 0.6268 0.4214991087916499 0.20411651813194165 0.30303303626388334
0.7 8.163838 4395.270065569383 -0.879 4.687635032784692 0.6273649672153084 -5.144692782015255 7.026635032784691 1.8768080262277533 0.6268 0.42161898032918504 0.20413649672153084 0.3030729934430617
0.7 8.171329 4394.869102100896 -0.879 4.6874345510504485 0.6275654489495517 -5.1490833319951825 7.026434551050448 1.8766476408403587 0.6268 0.42173926936973105 0.20415654489495516 0.30311308978991036
0.7 8.186386 4394.063160711896 -0.879 4.687031580355948 0.6279684196440519 -5.157908390204737 7.026031580355948 1.8763252642847585 0.6268 0.42198105178643114 0.20419684196440518 0.3031936839288104
0.7 8.193951 4393.688308518428 -0.879 4.686844154259214 0.628155845740786 -5.162309128630706 7.025844154259214 1.8760662313888212 0.6268 0.42209350744447155 0.2042155845740786 0.30323116914815723
0.7 8.201545 4393.317598242616 -0.879 4.686658799121308 0.6283412008786917 -5.1667205809128625 7.025658799121309 1.8757881986819624 0.6268 0.422204720527215 0.20423412008786918 0.30326824017573834
0.7 8.209166 4392.945569929217 -0.879 4.686472784964608 0.6285272150353918 -5.171147717842324 7.025472784964609 1.8755091774469124 0.6268 0.422316329021235 0.20425272150353918 0.30330544300707835
0.7 8.224492 4392.19741274103 -0.879 4.686098706370515 0.628901293629485 -5.180050788381743 7.025098706370516 1.8749480595557726 0.6268 0.422540776177691 0.20429012936294852 0.303380258725897
0.7 8.2322 4391.917757177168 -0.879 4.685917757177168 0.629 -5.184587659087339 7.024917757177168 1.8747835514354336 0.6268 0.42264934569369933 0.2043 0.30340822428228326
0.7 8.23994 4391.7440237031715 -0.879 4.685744023703172 0.629 -5.189208969495635 7.024744023703172 1.8747488047406344 0.6268 0.422753585778097 0.2043 0.30342559762968285
0.7 8.255523 4391.394244798096 -0.879 4.685394244798096 0.629 -5.198513088370631 7.0243942447980965 1.8746788489596193 0.6268 0.4229634531211421 0.2043 0.30346057552019035
0.7 8.263369 4391.218132028462 -0.879 4.685218132028462 0.629 -5.203197688042917 7.024218132028462 1.8746436264056925 0.6268 0.42306912078292297 0.2043 0.3034781867971538
0.7 8.271256 4391.041098965231 -0.879 4.685041098965231 0.629 -5.207906767524858 7.024041098965231 1.8746082197930463 0.6268 0.4231753406208615 0.2043 0.3034958901034769
0.7 8.279185 4390.873087889446 -0.8788730878894462 4.684873087889446 0.6291269121105538 -5.212693142417115 7.023873087889446 1.8746507648442217 0.6268 0.4232507648442215 0.2043 0.3035
0.7 8.295178 4390.540240171492 -0.8785402401714916 4.684540240171492 0.6294597598285084 -5.222379011009594 7.023540240171491 1.8747839039314034 0.6268 0.42338390393140335 0.2043 0.3035
0.7 8.30325 4390.372244999896 -0.878372244999896 4.684372244999896 0.629627755000104 -5.2272676705030285 7.023372244999896 1.8748511020000416 0.6268 0.4234511020000416 0.2043 0.3035
0.7 8.311377 4390.2031051634785 -0.8782031051634789 4.684203105163479 0.6297968948365211 -5.232189639742763 7.0232031051634785 1.8749187579346085 0.6268 0.4235187579346084 0.2043 0.3035
0.7 8.319562 4390.032758225978 -0.8780327582259776 4.684032758225978 0.6299672417740224 -5.237146735624051 7.023032758225978 1.874986896709609 0.6268 0.4235868967096089 0.2043 0.3035
0.7 8.336125 4389.708492969525 -0.878 4.684 0.63 -5.2476322798965365 7.0227084929695245 1.8747667943756199 0.6268 0.42377490421828506 0.20432915070304752 0.3035291507030475
0.7 8.344514 4389.545343161089 -0.878 4.684 0.63 -5.252967278632413 7.022545343161088 1.8746362745288707 0.6268 0.423872794103347 0.20434546568389117 0.3035454656838912
0.7 8.352981 4389.380676403664 -0.878 4.684 0.63 -5.258351881600187 7.022380676403664 1.8745045411229313 0.6268 0.4239715941578016 0.2043619323596336 0.3035619323596336
0.7 8.361531 4389.214395456932 -0.878 4.684 0.63 -5.263789268558315 7.022214395456932 1.8743715163655459 0.6268 0.4240713627258407 0.20437856045430677 0.30357856045430676
0.7 8.370171 4389.046364184445 -0.878 4.684 0.63 -5.269283891168634 7.022046364184446 1.8742370913475566 0.6268 0.4241721814893327 0.20439536358155544 0.3035953635815554
0.7 8.387747 4388.721788814416 -0.877721788814416 4.683721788814416 0.630278211185584 -5.280676497088232 7.021721788814416 1.874339105592792 0.6268 0.42433910559279203 0.2044 0.3036
0.7 8.396696 4388.557905724646 -0.8775579057246456 4.683557905724646 0.6304420942753544 -5.28649434677508 7.021557905724646 1.8744210471376772 0.6268 0.4244210471376772 0.2044 0.3036
0.7 8.405768 4388.39177013515 -0.87739177013515 4.68339177013515 0.63060822986485 -5.2923921602021755 7.02139177013515 1.874504114932425 0.6268 0.424504114932425 0.2044 0.3036
0.7 8.41497 4388.223253854888 -0.8772232538548878 4.683223253854887 0.6307767461451123 -5.298374488151485 7.021223253854887 1.874588373072556 0.6268 0.42458837307255615 0.2044 0.3036
0.7 8.424315 4388.052118814782 -0.8770521188147823 4.683052118814782 0.6309478811852177 -5.30444978207523 7.021052118814782 1.874673940592609 0.6268 0.4246739405926089 0.2044 0.3036
0.7 8.433811 4388.0 -0.8768632784391126 4.682863278439113 0.631 -5.311044238162792 7.020863278439112 1.8748640658730649 0.6268 0.42475468862435495 0.2044 0.3036
0.7 8.443476 4388.0 -0.8766645695840786 4.6826645695840785 0.631 -5.317939435432472 7.020664569584079 1.8751025164991058 0.6268 0.42483417216636854 0.2044 0.3036
0.7 8.45332 4388.0 -0.8764621805546989 4.682462180554699 0.631 -5.324962334751948 7.0204621805546985 1.8753453833343612 0.6268 0.42491512777812046 0.2044 0.3036
0.7 8.463358 4388.0 -0.8762558029564753 4.682255802956475 0.631 -5.332123637410309 7.020255802956475 1.8755930364522295 0.6268 0.4249976788174099 0.2044 0.3036
0.7 8.473605 4388.0 -0.8760451283949094 4.682045128394909 0.631 -5.339434044696643 7.0200451283949095 1.8758458459261085 0.6268 0.4250819486420362 0.2044 0.3036
0.7 8.484082 4388.0 -0.876 4.68181063221676 0.63118936778324 -5.347571062078428 7.0198106322167595 1.87608936778324 0.6268 0.425156810334972 0.2044 0.303581063221676
0.7 8.49481 4388.0 -0.876 4.681565336686864 0.6314346633131359 -5.356082816965817 7.019565336686864 1.876334663313136 0.6268 0.4252303989939408 0.2044 0.3035565336686864
0.7 8.505806 4388.0 -0.876 4.681313913341717 0.6316860866582829 -5.364807207042415 7.019313913341717 1.8765860866582829 0.6268 0.42530582599748484 0.2044 0.30353139133417173
0.7 8.517106 4388.0 -0.876 4.6810555390419575 0.6319444609580428 -5.373772795244085 7.019055539041958 1.8768444609580428 0.6268 0.4253833382874128 0.2044 0.3035055539041957
0.7 8.52873 4388.0 -0.8757685686239963 4.681 0.632 -5.383661239334525 7.019 1.8770157156880019 0.6268 0.42549257255040146 0.2044 0.3035
0.7 8.540717 4388.0 -0.8754668646648712 4.681 0.632 -5.39403985552843 7.019 1.8771665676675644 0.6268 0.42561325413405154 0.2044 0.3035
0.7 8.553118 4388.0 -0.8751547406307417 4.681 0.632 -5.404776922302484 7.019 1.877322629684629 0.6268 0.4257381037477033 0.2044 0.3035
0.7 8.565988 4388.0 -0.875 4.680815324596829 0.6321846754031705 -5.416305093546527 7.018815324596829 1.877473870161268 0.6268 0.4258554026209511 0.20441846754031703 0.303518467540317
0.7 8.579052 4388.0 -0.875 4.680456413637737 0.6325435863622627 -5.428364501772028 7.018456413637737 1.877617434544905 0.6268 0.4259630759086788 0.20445435863622627 0.30355435863622626
0.7 8.591956 4388.0 -0.875 4.680101898403802 0.6328981015961976 -5.440276213632242 7.018101898403802 1.877759240638479 0.6268 0.4260694304788593 0.20448981015961976 0.3035898101596198
0.7 8.604698 4387.731016616044 -0.875 4.68 0.633 -5.452468858316956 7.018 1.8779075933535823 0.6268 0.4261806950151867 0.2045 0.3036
0.7 8.617271 4387.3566196176525 -0.875 4.68 0.633 -5.464674200464535 7.018 1.8780573521529391 0.6268 0.4262930141147043 0.2045 0.3036
0.7 8.629671 4387.0 -0.8749863980495316 4.6799863980495315 0.633 -5.476739343000129 7.017986398049532 1.8782040805851405 0.6268 0.4264040805851405 0.2045 0.3036
0.7 8.641893 4387.0 -0.8745943154112665 4.679594315411267 0.633 -5.489403612216092 7.017594315411267 1.8783217053766201 0.6268 0.42652170537662004 0.2045 0.3036
0.7 8.653935 4387.0 -0.874208007185936 4.679208007185936 0.633 -5.501881367894266 7.017208007185936 1.8784375978442192 0.6268 0.42663759784421923 0.2045 0.3036
0.7 8.665794 4386.815184128185 -0.874 4.679 0.6331848158718152 -5.514514107898086 7.017 1.8785554447615447 0.6268 0.4267554447615446 0.2045 0.3036
0.7 8.677466 4386.413850015473 -0.874 4.679 0.6335861499845271 -5.527356799504868 7.017 1.8786758449953582 0.6268 0.42687584499535813 0.2045 0.3036
0.7 8.688953 4386.018877007186 -0.874 4.679 0.6339811229928137 -5.539995935770039 7.017 1.8787943368978441 0.6268 0.4269943368978441 0.2045 0.3036
0.7 8.700252 4386.0 -0.874 4.679 0.634 -5.560792977950621 7.016605605899402 1.8788394394100598 0.6255773782881461 0.4255407418277872 0.2058015005319736 0.30273233297868424
0.7 8.711363 4386.0 -0.874 4.679 0.634 -5.581664064277068 7.0161979674945885 1.8788802032505412 0.6243136992332244 0.42403247972997754 0.20714670726785792 0.30183552848809475
0.7 8.722287 4386.0 -0.874 4.678784449816736 0.634 -5.601003992825392 7.016 1.8789215550183265 0.6237 0.42334311003665287 0.2078 0.3014
0.7 8.733023 4386.0 -0.874 4.678365827029556 0.634 -5.6188791858379465 7.016 1.8789634172970444 0.6237 0.42342683459408875 0.2078 0.3014
0.7 8.743576 4386.0 -0.8739516455382583 4.678 0.634 -5.636593748193417 7.016 1.8790048354461741 0.6237 0.4235096708923483 0.20780483544617417 0.3014
0.7 8.753944 4386.0 -0.8735235165379691 4.678 0.634 -5.655131733905935 7.016 1.879047648346203 0.6237 0.4235952966924062 0.2078476483462031 0.3014
0.7 8.764131 4386.0 -0.8731028616261304 4.678 0.634 -5.673346091588556 7.016 1.879089713837387 0.6237 0.42367942767477396 0.20788971383738697 0.3014
0.7 8.774138 4386.0 -0.873 4.678 0.6343276801674151 -5.692021319265816 7.016 1.8791327680167416 0.6237 0.42376553603348305 0.2079 0.3014
0.7 8.785851 4386.0 -0.873 4.678 0.6348383398003226 -5.714183947333999 7.016 1.8791838339800322 0.6237 0.42386766796006453 0.2079 0.3014
0.7 8.7995 4385.543718731354 -0.873 4.6775437187313536 0.635 -5.74095697893239 7.016 1.8792912562537292 0.6237 0.42394562812686465 0.2079 0.3014
0.7 8.815334 4385.0 -0.873 4.677 0.635 -5.772650937575318 7.016 1.8794192239093757 0.6237 0.4240384478187515 0.2079 0.3014
0.7 8.833602 4385.0 -0.8729236830142936 4.677 0.635 -5.81001373301682 7.015923683014294 1.8795152633971413 0.6237 0.4242152633971413 0.2079 0.3014
0.7 8.853335 4385.0 -0.872 4.676923690325306 0.6350763096746938 -5.850882113434728 7.015 1.8797228929024081 0.6237 0.42440763096746936 0.2079 0.3014
0.7 8.872209 4385.0 -0.872 4.676 0.636 -5.892631700192892 7.015 1.8800152438688342 0.6237 0.4245076219344172 0.2079 0.3014
0.7 8.890297 4385.07613251421 -0.8719238674857898 4.676 0.636 -5.9350660848596215 7.015 1.8802152265028422 0.6237 0.42461522650284206 0.2079 0.301392386748579
0.7 8.907662 4386.0 -0.871 4.676 0.636 -5.977697647058825 7.015 1.8804228247237982 0.6237 0.42480760824126607 0.2079 0.3013
0.7 8.924359 4386.0 -0.871 4.675923964276855 0.636 -6.017247878938231 7.015 1.8807228107169438 0.6237 0.42490760357231455 0.2079 0.3013
0.7 8.940438 4386.0 -0.871 4.675 0.636 -6.05860709507269 7.015 1.881022790428406 0.6237 0.42500759680946865 0.2079 0.3013
0.7 8.955943 4386.0 -0.8709240455726565 4.675 0.6360759544273435 -6.099506536078351 7.015 1.8813151908854686 0.6237 0.42510759544273435 0.2079 0.30129240455726564
0.7 8.970913 4386.0 -0.87 4.675 0.637 -6.140373723030262 7.015 1.8815227683187425 0.6237 0.4252075894395809 0.2079 0.3012
0.7 8.985385 4386.0 -0.87 4.675 0.637 -6.180928370966598 7.015 1.8818303725336563 0.6237 0.4253075931334141 0.2079 0.3012
0.7 8.999389 4386.075825549754 -0.8699241744502463 4.674924174450246 0.637 -6.222078517320001 7.015 1.8822227476649263 0.6237 0.42540758255497535 0.2079 0.3012
0.7 9.012955 4387.0 -0.869 4.674 0.637 -6.262678789717143 7.015 1.882522749677713 0.6237 0.42550758322590426 0.2079 0.30119241677409575
0.7 9.026112 4387.0 -0.869 4.674 0.637 -6.303224144397559 7.015 1.8828303172370682 0.6237 0.4256 0.2079 0.3011
0.7 9.038882 4387.0 -0.869 4.674 0.637 -6.3431915057915 7.015 1.8832227316602317 0.6237 0.4256075772200772 0.2079 0.3011
0.7 9.051288 4387.0 -0.8689242098295549 4.674 0.6370757901704451 -6.383969501903028 7.015 1.8835227370511336 0.6237 0.42570757901704454 0.2079 0.30109242098295547
0.7 9.063348 4387.075693145092 -0.868 4.673924306854907 0.638 -6.424389879231162 7.015 1.8838227079435277 0.6237 0.4258 0.2079 0.301
0.7 9.07508 4388.0 -0.868 4.673 0.638 -6.463979783330421 7.015 1.8841301939542199 0.6237 0.42580754848855495 0.2079 0.301
0.7 9.086506 4388.0 -0.868 4.673 0.638 -6.504643482158869 7.015 1.8845227003765466 0.6237 0.42590756679218217 0.2079 0.3009924332078178
0.7 9.097639 4388.0 -0.8679243218390805 4.673 0.638 -6.543710372413789 7.015 1.8848302712643679 0.6237 0.42600756781609195 0.2079 0.3009
0.7 9.108494 4388.075683317625 -0.867 4.673 0.638 -6.58471976437323 7.015 1.8852227049952874 0.6237 0.4261 0.2078924316682375 0.3009
0.7 9.119084 4389.0 -0.867 4.673 0.638 -6.624616481606644 7.015 1.8855302404171093 0.6237 0.4261075601042773 0.2078 0.3008924398957227
0.7 9.129419 4389.0 -0.867 4.672924742879747 0.638 -6.664480181962029 7.015 1.8859301028481013 0.6237 0.42620752571202536 0.2078 0.3008
0.7 9.139517 4389.075569044006 -0.8669244309559939 4.672 0.638 -6.704032078907438 7.015 1.886322670713202 0.6237 0.4263 0.2078 0.3007924430955994
0.7 9.149385 4390.0 -0.866 4.672 0.6380755302638387 -6.742921210553546 7.015 1.8866302121055356 0.6237 0.4263075530263839 0.2078 0.3007
0.7 9.159035 4390.0 -0.866 4.672 0.639 -6.78300803807509 7.015 1.887030248545743 0.6237 0.4264 0.2078 0.3007
0.7 9.168474 4390.0 -0.8659244569328867 4.672 0.639 -6.823953733924129 7.015 1.887422662920134 0.6237 0.42640755430671134 0.2078 0.3006924456932887
0.7 9.17771 4390.075292559064 -0.865 4.672 0.639 -6.863074056083018 7.015 1.8877301170236254 0.6237 0.4265 0.2078 0.3006
0.7 9.186756 4391.0 -0.865 4.672 0.639 -6.902597070422542 7.015 1.8881301971830986 0.6237 0.42650754929577467 0.2078 0.3005924507042253
0.7 9.195617 4391.0 -0.865 4.671924571691387 0.639 -6.942279418190185 7.015 1.888530171323445 0.6237 0.4266 0.2078 0.3005
0.7 9.204302 4391.075524803565 -0.8649244751964349 4.671 0.639 -6.98180588718189 7.0150755248035646 1.8889226574410696 0.6237 0.4266075524803565 0.2078 0.3005
0.7 9.212816 4392.0 -0.864 4.671 0.639 -7.021573140397035 7.016 1.8892301841664674 0.6237 0.4267 0.2078 0.30049245395838314
0.7 9.221166 4392.0 -0.864 4.671 0.639 -7.0609810412094625 7.016 1.889630187759083 0.6237 0.4267075469397708 0.2078 0.3004
0.7 9.229357 4392.075499813734 -0.864 4.671 0.639075499813734 -7.1005048925866125 7.016 1.8900301999254936 0.6237 0.4268 0.2078 0.3004
0.7 9.237398 4393.0 -0.863924604680582 4.671 0.64 -7.140255496521188 7.016 1.8904301581277674 0.6237 0.42680753953194184 0.2078 0.3003924604680582
0.7 9.245293 4393.0 -0.863 4.671 0.64 -7.179488486799744 7.016 1.890830186735351 0.6237 0.4269 0.2078 0.3003
0.7 9.253047 4393.0 -0.863 4.67092461982171 0.64 -7.219085055060311 7.016 1.8912226140534871 0.6237 0.42690753801782905 0.20779246198217094 0.30029246198217097
0.7 9.260665 4393.0753936482515 -0.863 4.67 0.64 -7.2586629703763 7.016 1.8915301574593006 0.6237 0.427 0.2077 0.3002
0.7 9.26815 4394.0 -0.8629245487854527 4.67 0.64 -7.2979727778531664 7.016 1.8919301804858188 0.6237 0.427 0.2077 0.3001924548785453
0.7 9.275509 4394.075341520629 -0.862 4.67 0.64 -7.337360921760728 7.016 1.892330136608252 0.6237 0.42700753415206294 0.2077 0.3001
0.7 9.282747 4395.0 -0.862 4.67 0.64 -7.376691286656385 7.016 1.8927301389083768 0.6237 0.4271 0.2077 0.3001
0.7 9.289865 4395.0 -0.8619247005134054 4.67 0.64 -7.416419509412441 7.016 1.8931301197946377 0.6237 0.4271075299486594 0.2077 0.30009247005134054
0.7 9.296869 4395.075351398348 -0.861 4.67 0.64 -7.456408563976234 7.016 1.8935301405593392 0.6237 0.4272 0.2077 0.3
0.7 9.30376 4396.0 -0.861 4.67 0.6400750993962598 -7.495073936091887 7.016 1.893930039758504 0.6237 0.4272 0.2077 0.299992490060374
0.7 9.310545 4396.0 -0.861 4.6699246411483255 0.641 -7.534729425837317 7.016 1.8943301435406699 0.6237 0.42720753588516747 0.2077 0.2999
0.7 9.317225 4396.0752998330045 -0.8609247001669956 4.669 0.641 -7.574829163503872 7.016 1.8947301199332018 0.6237 0.4273 0.2077 0.2999
0.7 9.323805 4397.0 -0.86 4.669 0.641 -7.6137389736477115 7.016 1.8951301433194636 0.6237 0.4273075358298659 0.2077 0.2998924641701341
0.7 9.330286 4397.0 -0.86 4.669 0.641 -7.652855162703372 7.016 1.8955301001251563 0.6237 0.4274 0.2077 0.2998
0.7 9.33667 4397.0750912843305 -0.86 4.669 0.641 -7.693238450547703 7.016075091284331 1.8959300365137322 0.6237 0.4274 0.2077 0.29979249087156695
0.7 9.342963 4398.0 -0.8599247987117554 4.669 0.641 -7.731117809983889 7.017 1.8963300805152978 0.6237 0.42740752012882444 0.2077 0.2997
0.7 9.349167 4398.0 -0.859 4.669 0.641 -7.770004557334202 7.017 1.896730120875531 0.6237 0.4275 0.2077 0.2997
0.7 9.355283 4398.075356078171 -0.859 4.668924643921828 0.641 -7.809974527989404 7.017 1.8971301424312688 0.6237 0.4275 0.20769246439218284 0.29969246439218283
0.7 9.361314 4399.0 -0.859 4.668 0.641 -7.850588866498743 7.017 1.8975300923593619 0.6237 0.42750752308984047 0.2076 0.2996
0.7 9.367263 4399.0 -0.858924727520436 4.668 0.641 -7.888990463215256 7.017 1.8979301089918255 0.6237 0.4276 0.2076 0.2995924727520436
0.7 9.373129 4399.0752242926155 -0.858 4.668 0.6410752242926157 -7.927666942719121 7.017 1.8983300897170463 0.6237 0.4276 0.2076 0.2995
0.7 9.378919 4400.0 -0.858 4.668 0.642 -7.969442105263156 7.017 1.8987300751879699 0.6237 0.42760751879699244 0.2076 0.29949248120300753
0.7 9.384633 4400.0 -0.858 4.668 0.642 -8.007366341895482 7.017 1.899130115146147 0.6237 0.4277 0.2076 0.2994
0.7 9.390273 4400.075363359053 -0.8579246366409474 4.668 0.642 -8.046754243674862 7.017 1.899530145343621 0.6237 0.4277 0.2076 0.2994
0.7 9.39584 4401.0 -0.857 4.668 0.642 -8.085980799999994 7.017 1.8999301090909089 0.6237 0.42770752727272726 0.2076 0.29939247272727276
0.7 9.401335 4401.0 -0.857 4.668 0.642 -8.125550460066247 7.017 1.90033010673537 0.6237 0.4278 0.2076 0.2993
0.7 9.406763 4401.075102497205 -0.857 4.667924897502796 0.642 -8.164766548639584 7.017 1.9007300409988819 0.6237 0.4278 0.2076 0.29929248975027956
0.7 9.412124 4402.0 -0.8569249056603773 4.667 0.642 -8.204228679245286 7.017075094339623 1.901130037735849 0.6237 0.4278075094339623 0.2076 0.2992
0.7 9.41742 4402.0 -0.856 4.667 0.642 -8.243271739545541 7.018 1.9015300935650181 0.6237 0.4279 0.2076 0.2992
0.7 9.422652 4402.075183610359 -0.856 4.667 0.642 -8.282732160804022 7.018 1.9019300734441438 0.6237 0.4279 0.2076 0.29919248163896406
0.7 9.42782 4403.0 -0.856 4.667 0.642 -8.321774393583732 7.018 1.9023299687010957 0.6237 0.4279074921752739 0.2076 0.2991
0.7 9.432929 4403.0 -0.8559248120300752 4.667 0.6420751879699248 -8.361462406015036 7.018 1.9027375939849624 0.6237 0.428 0.20759248120300752 0.2990924812030075
0.7 9.437979 4403.075260208167 -0.855 4.667 0.643 -8.400805044035236 7.018 1.9032301040832666 0.6237 0.428 0.2075 0.299
0.7 9.44297 4404.0 -0.855 4.667 0.643 -8.439489633529064 7.018 1.9036300465681313 0.6237 0.428 0.2075 0.29899248835796716
0.7 9.447905 4404.075158713906 -0.8549248412860945 4.666924841286094 0.643 -8.479261253327879 7.018 1.904030063485562 0.6237 0.4280075158713905 0.2075 0.2989
0.7 9.452783 4405.0 -0.854 4.666 0.643 -8.518601698425856 7.018 1.904429991714996 0.6237 0.4281 0.2075 0.2989
0.7 9.46238 4405.075148179509 -0.854 4.666 0.643 -8.59643829381879 7.018 1.9052300592718034 0.6237 0.42810751481795084 0.2075 0.2988
0.7 9.47177 4406.0 -0.853 4.666 0.643 -8.67465553633217 7.018 1.9060301038062282 0.6237 0.4282 0.2075 0.2987
0.7 9.480959 4407.0 -0.853 4.666 0.643 -8.752671791473377 7.019 1.9068375524629997 0.6237 0.4283 0.2075 0.2986
0.7 9.48996 4407.075101488498 -0.852 4.665924898511502 0.6430751014884979 -8.832463734776722 7.019 1.9077300405953992 0.6237 0.4283 0.2074 0.2985
0.7 9.503119 4408.075063908901 -0.8519249360910992 4.665 0.644 -8.949609807111315 7.019 1.9089375319544504 0.6237 0.4284 0.2074 0.2984
0.7 9.511676 4409.07513628822 -0.851 4.665 0.644 -9.026115287982925 7.019 1.9098300545152878 0.6237 0.42840751362882196 0.2074 0.2983
0.7 9.520068 4410.0 -0.8509248429192846 4.665 0.644 -9.103586031899468 7.019 1.910630062832286 0.6237 0.4285 0.2074 0.2982924842919285
0.7 9.532358 4411.0 -0.85 4.664 0.644 -9.21830442345924 7.019075049701789 1.9119300198807156 0.6237 0.4286 0.2074 0.2981
0.7 9.540363 4412.0 -0.849 4.664 0.6440749367088605 -9.29446258227847 7.02 1.9127299746835442 0.6237 0.428607493670886 0.2074 0.298
0.7 9.5521 4413.0 -0.8489248569942801 4.664 0.645 -9.408372776911063 7.02 1.914030057202288 0.6237 0.4287 0.2073 0.2979
0.7 9.559752 4414.0 -0.848 4.664 0.645 -9.482964081524612 7.02 1.9148374536791954 0.6237 0.4288 0.2073 0.2978
0.7 9.570983 4415.0 -0.847 4.663 0.645 -9.592747407005163 7.02 1.9161300841705131 0.6237 0.4288075210426283 0.2073 0.2977
0.7 9.581931 4416.0 -0.8469250696378827 4.663 0.645 -9.699497493036223 7.021 1.917429972144847 0.6237 0.4289 0.2073 0.29759250696378825
0.7 9.589079 4417.0 -0.846 4.663 0.646 -9.769572742711581 7.021 1.9182375035380697 0.6237 0.429 0.2072 0.297492499292386
0.7 9.599586 4418.0 -0.845 4.662 0.646 -9.868986339907192 7.021 1.9195375580046403 0.6237 0.42900751160092804 0.2072 0.2973
0.7 9.609844 4419.0 -0.8449249035322052 4.662 0.646 -9.965085693084008 7.021 1.9208375482338975 0.6237 0.4291 0.2072 0.2972
0.7 9.619865 4420.0 -0.8439252506836825 4.662 0.646 -10.057175205104837 7.022 1.9221298997265268 0.6237 0.4292 0.2072 0.29709252506836825
0.7 9.629661 4421.0748912367935 -0.843 4.661 0.647 -10.141084617775022 7.022 1.9234299564947173 0.6237 0.4293 0.2072 0.2969
0.7 9.63924 4422.074944426802 -0.842 4.661 0.647 -10.217861194029846 7.022 1.9247299777707207 0.6237 0.4293074944426802 0.2071 0.2968
0.7 9.651694 4424.0 -0.841 4.661 0.647 -10.30688120300752 7.022075187969925 1.9264375939849623 0.6237 0.4294 0.2071 0.2966
0.7 9.660804 4425.0 -0.84 4.66 0.647 -10.363806306306309 7.023 1.9277375375375376 0.6237 0.4295 0.2071 0.2965
0.7 9.669727 4426.0 -0.8399250425894376 4.66 0.648 -10.413326916524705 7.023 1.929129982964225 0.6237 0.4296 0.207 0.29639250425894376
0.7 9.681347 4428.0 -0.8389251224632611 4.66 0.648 -10.465568579426172 7.023074877536739 1.9308374387683696 0.6237 0.4297 0.207 0.2962
0.7 9.689862 4429.0 -0.838 4.659 0.648 -10.496919229397072 7.024 1.9321374598644308 0.6237 0.4297 0.207 0.2960925080271138
0.7 9.700961 4430.0750091474565 -0.837 4.659 0.6480750091474569 -10.529142553969995 7.024 1.9339300036589826 0.6237 0.4298 0.2069 0.29589249908525433
0.7 9.709105 4431.075316927666 -0.836 4.658924683072334 0.649 -10.547046457867262 7.024 1.9352301267710663 0.6237 0.4299 0.2069 0.29579246830723344
0.7 9.719729 4433.0 -0.835 4.658 0.649 -10.565639663737104 7.025 1.937029957967138 0.6237 0.43 0.2069 0.2955925105082155
0.7 9.7301 4434.075117370892 -0.834 4.658 0.649 -10.578520187793428 7.025 1.9388300469483568 0.6237 0.4301 0.2069 0.2953924882629108
0.7 9.740228 4436.018883166717 -0.8329811168332828 4.657 0.65 -10.59389465818439 7.026 1.940633989700091 0.6268 0.4343018883166717 0.20359811168332828 0.29749622336665654
0.7 9.750127 4437.037802107003 -0.8319810989464984 4.656981098946498 0.65 -10.614709977277425 7.026 1.9424340218963025 0.6268 0.4344 0.2035 0.2972962197892997
0.7 9.759805 4439.037803590285 -0.8309810982048574 4.656 0.6500189017951425 -10.63101359028511 7.026018901795142 1.9442340232312565 0.6268 0.43440189017951425 0.2035 0.2970962196409715
0.7 9.769271 4441.015144958892 -0.8299848550411076 4.655984855041107 0.651 -10.64227416702726 7.027 1.946033318909563 0.6268 0.43450302899177845 0.20349848550411076 0.29689697100822154
0.7 9.780821 4442.037664783427 -0.8289623352165727 4.655 0.651 -10.653712994350283 7.027 1.948235781544256 0.6268 0.4347 0.2034 0.2966962335216573
0.7 9.789845 4444.030289289924 -0.8269848553550376 4.654984855355038 0.6510151446449624 -10.659689353405277 7.027015144644962 1.9501348326834131 0.6268 0.43470302892899243 0.20339848553550377 0.29649697107100753
0.7 9.800868 4446.03780148423 -0.8259810992578851 4.654 0.652 -10.66557749304267 7.028 1.9524340213358067 0.6268 0.4349 0.2033 0.296296219851577
0.7 9.809489 4448.030346135609 -0.8249848269321953 4.653984826932195 0.6520151730678047 -10.66963034613561 7.028015173067804 1.9542348980559505 0.6268 0.43490303461356095 0.2033 0.29609696538643904
0.7 9.82003 4450.0303059737735 -0.8239696940262266 4.653 0.653 -10.671631821272461 7.029 1.956536367168528 0.6268 0.4351015152986887 0.20329848470131134 0.295895454103934
0.7 9.830321 4452.015115354017 -0.8219848846459824 4.652984884645982 0.653 -10.6737 7.029015115354017 1.9589347653142404 0.6268 0.4352015115354017 0.2032 0.29559697692919645
0.7 9.840374 4453.030318445417 -0.8209848407772916 4.652 0.6530151592227084 -10.6737 7.03 1.9612348662122292 0.6268 0.43530151592227084 0.20319848407772917 0.29539696815545835
0.7 9.850199 4455.0301737592345 -0.8199698262407658 4.651984913120383 0.654 -10.673668317552805 7.030015086879617 1.963536208511081 0.6268 0.43540150868796174 0.2031 0.2951954739361149
0.7 9.859808 4457.030412590387 -0.8179847937048065 4.651 0.6540152062951935 -10.6716 7.031 1.9659364951084644 0.6268 0.43550152062951936 0.20309847937048064 0.2948969587409613
0.7 9.869208 4459.03783685691 -0.8169873877143634 4.6509873877143635 0.655 -10.671574775428727 7.031012612285636 1.9683353143997824 0.6268 0.43560252245712733 0.203 0.29469621631430903
0.7 9.880226 4462.030303030303 -0.8159696969696967 4.6499848484848485 0.6550151515151517 -10.6696 7.032015151515152 1.9711363636363641 0.6268 0.43580151515151516 0.20299848484848484 0.29439696969696966
0.7 9.889199 4464.025258759852 -0.813987370620074 4.649 0.656 -10.66957474124015 7.033 1.9735366252017852 0.6268 0.4359012629379926 0.2029 0.29419621118602224
0.7 9.899727 4466.037930363743 -0.8129747130908382 4.648987356545419 0.6560126434545809 -10.66757344874538 7.033012643454581 1.9764366660182844 0.6268 0.43600252869091616 0.20289873565454192 0.29389620696362573
0.7 9.910006 4469.025288729589 -0.8109747112704104 4.6479873556352045 0.657 -10.66547471127041 7.034012644364795 1.979336668657905 0.6268 0.43620126443647944 0.2028 0.2935962066905616
0.7 9.920047 4471.025259727032 -0.8089873701364841 4.647 0.6570126298635159 -10.663474740272969 7.035 1.9822378895905477 0.6268 0.43630126298635163 0.20279873701364842 0.2932962110409452
0.7 9.929862 4473.0378125 -0.8079747916666667 4.646987395833333 0.658 -10.661476052083334 7.035012604166667 1.9852365520833335 0.6268 0.43640252083333336 0.2027 0.29299621875
0.7 9.939459 4476.032361276168 -0.8059784258158884 4.645989212907944 0.6580107870920558 -10.659578425815887 7.036010787092056 1.9881377548221955 0.6268 0.43660107870920556 0.20269892129079442 0.29269676387238325
0.7 9.950395 4479.025106429429 -0.8039874467852854 4.645 0.659 -10.65757489357057 7.037 1.991637659644144 0.6268 0.4367025106429429 0.20259874467852854 0.2923962340355856
0.7 9.959554 4481.03244329601 -0.8029783711359938 4.644989185567996 0.6590108144320032 -10.655578371135993 7.037010814432003 1.9946378505120108 0.6268 0.43690216288640066 0.2025 0.2920956742271988
0.7 9.970001 4484.0326310632045 -0.8009782459578637 4.643989122978932 0.6600108770210682 -10.653579333659971 7.038010877021068 1.9981380695737385 0.6268 0.4371010877021068 0.20249891229789319 0.2916967368936796
0.7 9.980203 4487.032497492477 -0.7989783350050152 4.642989167502507 0.661 -10.651679418254764 7.0390108324974925 2.0016389969909723 0.6268 0.43720216649949845 0.20239891675025076 0.29139566700100306
0.7 9.99017 4490.032320952186 -0.7969784526985427 4.6419892263492715 0.6610107736507287 -10.649778452698543 7.04 2.0052387851426228 0.6268 0.43740215473014576 0.2023 0.2909967679047814
nan nan nan nan nan nan nan nan nan nan nan nan nan
