M_Ms log_t_yr Teff L_Ls g R_Rs Log_Li_Li0 logTc logROc Mrad Rrad k2conv k2rad
0.9 5.703957 4314.660480023852 0.4286048002385213 3.457395199761479 2.933135360763268 0.0 6.380697599880739 -0.5128127683363151 0.0 0.0 0.4477339519976148 0.0
0.9 5.738317 4313.0 0.4030831606984312 3.481916839301569 2.8514661142349795 0.0 6.392566735720627 -0.47693808819177225 0.0 0.0 0.448 0.0
0.9 5.769327 4310.322008971248 0.38022008971247895 3.503779910287521 2.780660269137437 0.0 6.403389955143761 -0.4448081255974705 0.0 0.0 0.4482677991028752 0.0
0.9 5.797516 4308.511621108025 0.3595581055401257 3.523441894459874 2.717674316620377 0.0 6.41297675778395 -0.41578134775617603 0.0 0.0 0.4484488378891975 0.0
0.9 5.823296 4305.875990404885 0.3407599040488476 3.5412400959511525 2.6622797121465425 0.0 6.421620047975576 -0.38936386566838654 0.0 0.0 0.44861240095951155 0.0
0.9 5.846997 4304.310089881125 0.32355044940562466 3.5577596404755005 2.612341258335749 0.0 6.42937982023775 -0.3651706291678745 0.0 0.0 0.4487689910118875 0.0
0.9 5.868886 4302.14331118174 0.30771655590869695 3.573283444091303 2.5670063565443515 0.0 6.436713377636521 -0.34291750939034965 0.0 0.0 0.4489 0.0
0.9 5.889182 4300.217021889401 0.29230213133640565 3.5869148905529955 2.526038306451613 0.0 6.443565956221198 -0.3223408554147467 0.0 0.0 0.4490782978110599 0.0
0.9 5.908067 4298.502511841539 0.2785125592076936 3.599989952633845 2.488035165781542 0.0 6.449994976316923 -0.303217582890771 0.0 0.0 0.4492 0.0
0.9 5.925695 4296.975529479107 0.26587764739553527 3.612122352604465 2.4536818832283918 0.0 6.456048941041787 -0.2854287063537494 0.0 0.0 0.44930244705208927 0.0
0.9 5.942195 4295.616553692473 0.2540827684623618 3.6237255083838744 2.421823474848377 0.0 6.460958615768819 -0.26879670353193014 0.0 0.0 0.4494191723153764 0.0
0.9 5.95768 4294.0 0.2430383300085495 3.6339616699914505 2.3922996580222287 0.0 6.46618466799658 -0.2532536620119693 0.0 0.0 0.4495 0.0
0.9 5.972245 4292.335135135135 0.23267567567567557 3.6443243243243244 2.3653567567567566 0.0 6.4711621621621624 -0.2385794594594593 0.0 0.0 0.4495832432432432 0.0
0.9 5.985973 4291.385706182643 0.22292853091321577 3.6530714690867843 2.340014180374361 0.0 6.475535734543392 -0.22483851389676637 0.0 0.0 0.44973071469086784 0.0
0.9 5.998937 4290.0 0.21373937677053867 3.662260623229461 2.3165745042492927 0.0 6.479904249291785 -0.21178991501416491 0.0 0.0 0.4498 0.0
0.9 6.011202 4288.906342703772 0.20406342703771738 3.6708429156660545 2.2946585675942934 0.0 6.484374629184913 -0.1995700663935587 0.0 0.0 0.4498093657296228 0.0
0.9 6.022824 4288.085464048594 0.19585464048594461 3.6782308235626497 2.2741366012148614 0.0 6.487658143805622 -0.18791358949004133 0.0 0.0 0.44989145359514054 0.0
0.9 6.033854 4286.807564978517 0.18807564978516594 3.685731915193351 2.254189124462915 0.0 6.4917697400859335 -0.17688666619708399 0.0 0.0 0.45 0.0
0.9 6.044336 4286.069239980277 0.18069239980277502 3.6923768401775026 2.2357309995069374 0.0 6.49472304007889 -0.1664762837219128 0.0 0.0 0.45 0.0
0.9 6.05431 4284.735103991006 0.1736755199550311 3.699324480044969 2.2188212478920746 0.0 6.498529792017988 -0.1565192383361442 0.0 0.0 0.4501 0.0
0.9 6.063814 4283.699992979007 0.16699992979007255 3.706000070209927 2.2027998314961743 0.0 6.501500035104963 -0.1470699010040023 0.0 0.0 0.4501300007020993 0.0
0.9 6.072875 4283.063820824264 0.16063820824264557 3.7123617917573544 2.1875316997823493 0.0 6.5046808958786775 -0.13809987362213022 0.0 0.0 0.4501936179175735 0.0
0.9 6.081531 4281.9568597240705 0.15456859724070318 3.717431402759297 2.1729646333776875 0.0 6.507215701379648 -0.12948740808179848 0.0 0.0 0.450204314027593 0.0
0.9 6.089803 4281.3775474473005 0.14877547447300252 3.7232245255269976 2.159061138735206 0.0 6.510112262763498 -0.12126117375166359 0.0 0.0 0.45026224525527 0.0
0.9 6.097715 4280.64726458654 0.14323632293269914 3.7287636770673007 2.1457671750384777 0.0 6.51270547082692 -0.11339557856443278 0.0 0.0 0.4503 0.0
0.9 6.105296 4279.586713286713 0.13793356643356647 3.7340664335664338 2.1330405594405595 0.0 6.514826573426573 -0.10590699300699305 0.0 0.0 0.4503 0.0
0.9 6.112558 4278.785794105322 0.13264373515854183 3.738927853052102 2.1210732644224057 -8.56823578712066e-05 6.5170710294733905 -0.09875827629557217 0.0 0.0 0.4503214205894678 0.0
0.9 6.119523 4278.299343483727 0.12729277832099437 3.7433059086464593 2.1098849001257154 -0.00028026260650929595 6.519503282581367 -0.09185067746891999 0.0 0.0 0.45037006565162735 0.0
0.9 6.126209 4277.664991624791 0.12232495812395275 3.747675041876047 2.0993149078726963 -0.0004 6.521670016750419 -0.08522144053601291 0.0 0.0 0.450433500837521 0.0
0.9 6.132634 4276.884210526316 0.11784210526315761 3.752042105263158 2.0893368421052627 -0.0004 6.523578947368421 -0.07886736842105224 0.0 0.0 0.4505 0.0
0.9 6.138808 4276.453816660857 0.11353816660857424 3.755915650052283 2.0794377831997206 -0.0004 6.5257309166957125 -0.07279881491808968 0.0 0.0 0.4505 0.0
0.9 6.144749 4276.039665388637 0.10939665388637129 3.7596430115022654 2.0699123039386538 -0.0004 6.527801673056814 -0.06695928197978351 0.0 0.0 0.4505 0.0
0.9 6.150465 4275.282648083624 0.10541324041811853 3.7635867595818815 2.0603917770034843 -0.0004 6.529434703832752 -0.06130680139372832 0.0 0.0 0.4505717351916376 0.0
0.9 6.15597 4274.515670706226 0.10157835353113229 3.767421646468868 2.051672377768491 -0.0004 6.531452987881321 -0.05586126201420785 0.0 0.0 0.4506 0.0
0.9 6.161278 4273.888239387613 0.0978823938761304 3.7711176061238696 2.0435412665274866 -0.0004 6.5334470424495485 -0.05062417536534387 0.0 0.0 0.4506 0.0
0.9 6.166395 4273.532150313153 0.09432150313152413 3.774678496868476 2.035707306889353 -0.0004 6.5348713987473905 -0.045603319415449026 0.0 0.0 0.4506 0.0
0.9 6.171331 4273.188656924148 0.09088656924147502 3.7781134307585247 2.028150452331245 -0.0004 6.53624537230341 -0.04076006263047978 0.0 0.0 0.4506 0.0
0.9 6.176097 4272.714186369958 0.08757093184979105 3.781143254520167 2.0205702364394984 -0.0004 6.537857440890125 -0.03607072322670328 0.0 0.0 0.45062858136300415 0.0
0.9 6.180699 4272.0741307371345 0.08437065368567451 3.78370347705146 2.012889568845619 -0.0004 6.539777607788595 -0.03152632823365779 0.0 0.0 0.4506925869262865 0.0
0.9 6.185145 4271.727942710144 0.08127942710143879 3.786720572898561 2.0060147396231653 -0.0005360286449280606 6.54136028644928 -0.02716399221302869 0.0 0.0 0.4507 0.0
0.9 6.189445 4271.428978655357 0.07828978655357005 3.7897102134464298 1.9994375304178542 -0.0006855106723214976 6.542855106723215 -0.02294859904053377 0.0 0.0 0.4507 0.0
0.9 6.193603 4271.1398873670305 0.07539887367030496 3.792601126329695 1.9930775220746708 -0.0008300563164847524 6.544300563164848 -0.01887241187512998 0.0 0.0 0.4507 0.0
0.9 6.197628 4270.720222376651 0.07260111188325244 3.7953988881167477 1.9872022237665048 -0.0009 6.545559555246699 -0.014913578874218462 0.0 0.0 0.4507279777623349 0.0
0.9 6.20152 4270.179291174427 0.0698964558721334 3.7981035441278665 1.9817929117442667 -0.0009 6.546641417651147 -0.011072967338429426 0.0 0.0 0.45078207088255734 0.0
0.9 6.205294 4269.6549041400385 0.0672745207001945 3.8003803834398444 1.9762039455404279 -0.0010380383439844397 6.547690191719922 -0.007384328980272303 0.0 0.0 0.4508 0.0
0.9 6.208946 4269.147540983607 0.06473770491803289 3.8024098360655736 1.9706229508196724 -0.001240983606557369 6.548704918032787 -0.0038327868852460435 0.0 0.0 0.4508 0.0
0.9 6.212489 4268.827684400611 0.06210452840672352 3.8047231559938877 1.965209056813447 -0.0013 6.5498615779969445 -0.000370350048618327 0.0 0.0 0.45081723155993886 0.0
0.9 6.215923 4268.589179052647 0.05948096957910826 3.807108209473538 1.9599619391582166 -0.0013 6.551054104736769 0.002992575357688499 0.0 0.0 0.4508410820947354 0.0
0.9 6.219254 4268.357827476038 0.056936102236421614 3.8094217252396168 1.9548722044728433 -0.0013 6.552210862619809 0.006254632587859566 0.0 0.0 0.45086421725239617 0.0
0.9 6.222488 4268.133212946243 0.05446534240866777 3.811667870537575 1.9499306848173357 -0.0013 6.553333935268788 0.009421697457980396 0.0 0.0 0.45088667870537574 0.0
0.9 6.225625 4267.830670926518 0.05215335463258795 3.8138466453674122 1.945306709265176 -0.0013677316293929638 6.554338658146965 0.012502236421725108 0.0 0.0 0.4509 0.0
0.9 6.228672 4267.4074176969025 0.050037088484511494 3.8159629115154887 1.941074176969023 -0.0015370329212390805 6.555185164606195 0.015507334351993678 0.0 0.0 0.4509 0.0
0.9 6.23163 4266.996528501007 0.047982642505033715 3.8180156217454697 1.9369618135110742 -0.0017008678747483142 6.556008678747483 0.018424474067902465 0.0 0.0 0.45090017357494966 0.0
0.9 6.234507 4266.597028396862 0.04598514198430897 3.819813372214122 1.9325673123654799 -0.0018007429007845517 6.557007429007846 0.021240949802124355 0.0 0.0 0.45092014858015694 0.0
0.9 6.237302 4266.208914809415 0.044044574047073716 3.821559883357634 1.9282980629035622 -0.0018977712976463142 6.557977712976463 0.02397715059362606 0.0 0.0 0.4509395542595293 0.0
0.9 6.24002 4265.831493438867 0.042157467194334206 3.823258279525099 1.9241464278275353 -0.00199212664028329 6.558921266402833 0.02663797125598877 0.0 0.0 0.4509584253280567 0.0
0.9 6.250178 4265.0 0.03510577456968361 3.829894225430316 1.9092115491393673 -0.002431538034425311 6.562157690172127 0.03655191560244294 0.0 0.0 0.451 0.0
0.9 6.259319 4264.152158822712 0.02876079411356413 3.836239205886436 1.895673747049841 -0.0026 6.565543523531861 0.04543488824101022 0.0 0.0 0.451 0.0
0.9 6.269532 4262.734013747136 0.02167006873568007 3.842696938137888 1.88134013747136 -0.0031696938137887936 6.5685319725057285 0.0554252030826911 0.0 0.0 0.4510632993126432 0.0
0.9 6.280296 4261.239272323289 0.01419636161644222 3.8498036383835577 1.8663927232328845 -0.0038042910706846222 6.5722821830301354 0.06592509373698088 0.0 0.0 0.4511 0.0
0.9 6.289723 4259.965134046395 0.006651340463953323 3.856313793582442 1.8523026809279066 -0.004845325739686068 6.575174329768023 0.07508812335046534 0.0 0.0 0.4512 0.0
0.9 6.299337 4259.297402417003 -2.59758299764384e-05 3.862323378246979 1.838948048340047 -0.005713376857896937 6.578512987914988 0.08443636616196701 0.0 0.0 0.4512 0.0
0.9 6.309952 4258.120416666667 -0.007397916666666401 3.8693979166666663 1.824204166666667 -0.0068916249999999525 6.581759166666666 0.09475708333333296 0.0 0.0 0.4512879583333333 0.0
0.9 6.319012 4256.861688086141 -0.013691559569294713 3.8756915595692947 1.8116168808614106 -0.008024480722473049 6.584845779784647 0.1035681833970126 0.0004553247655435771 0.053477893713093125 0.4513 0.0005331283848558358
0.9 6.329247 4255.439705473743 -0.02080147263128635 3.882241178105029 1.7979573492636847 -0.009528382884134452 6.588120589052514 0.1135220616838009 0.0014163239788829978 0.1121919838844116 0.4513560294526257 0.0015397449986107006
0.9 6.339183 4254.059060589217 -0.027704697053918932 3.8887046970539187 1.7845906058921621 -0.010946845469705407 6.590881878821568 0.12318657587548651 0.00255865758754865 0.13901449416342437 0.4514 0.0025869730405781097
0.9 6.349149 4252.670984816827 -0.03530958350745215 3.894980568324279 1.7713743557598554 -0.012794170497283708 6.594322537957933 0.13296955704137048 0.0048593258113943 0.16950348934391918 0.4514664507591587 0.004437770232622892
0.9 6.359221 4251.248749106505 -0.04275625446747685 3.901756254467477 1.7574874910650462 -0.015052251608291666 6.597502501786991 0.14288363116511804 0.007051751250893518 0.19374038598999305 0.4515 0.006120275911365278
0.9 6.368995 4249.80161097852 -0.04939275059665889 3.9083927505966587 1.744813693317422 -0.017117825178997667 6.60039677804296 0.15256928699284036 0.010695569809069322 0.21992890811455923 0.4515 0.008648542362768573
0.9 6.380304 4248.110194902549 -0.05744902548725598 3.9155592203898046 1.7299917541229393 -0.01980164917541215 6.603779610194903 0.1637727136431779 0.0129 0.23433223388305857 0.4515 0.01017
0.9 6.391022 4246.409970534363 -0.06515513259536561 3.9231551325953653 1.7162797642749057 -0.022941554511428083 6.606385044198455 0.17443768416023 0.017193079557219364 0.25622190809906975 0.4515 0.012976402006848957
0.9 6.399075 4245.076209745405 -0.07069516101837794 3.9277713707637836 1.7056096779632441 -0.024900927330972836 6.608847580509189 0.18245036250210747 0.020794233687405118 0.2725235879278366 0.4515 0.015261205530264685
0.9 6.411288 4243.007116834703 -0.07996797424383591 3.9359715326611875 1.6900533762602734 -0.028686833855799204 6.612985766330594 0.1946580106752515 0.023989324747945302 0.28376299245954373 0.4515 0.01721348809624663
0.9 6.419516 4242.235310602522 -0.0853528257823444 3.9413528257823445 1.6792943484353111 -0.03160581971041554 6.6152940681924335 0.20295864549275994 0.02629406819243332 0.29106454927603886 0.45142353106025224 0.018604087809434768
0.9 6.431994 4240.032012646971 -0.09487194941211378 3.9498879557356 1.6641920758818292 -0.03663277344135974 6.618951981029542 0.2156351348680965 0.032903962059085336 0.31189748048611876 0.45130160063234853 0.02248381780456492
0.9 6.440402 4238.360473208072 -0.1007383437717465 3.9549185803757827 1.6533430758524708 -0.039815100904662386 6.621459290187891 0.22416158663883062 0.033 0.31023256784968695 0.45138197633959637 0.02254
0.9 6.453155 4236.618077803204 -0.11014576659038887 3.963145766590389 1.6378994279176202 -0.04554474828375277 6.624572883295194 0.2370995537757435 0.040279439359267574 0.32931266590388975 0.4511618077803204 0.026664646453089157
0.9 6.461752 4234.759798520384 -0.11608090665827174 3.9689608059184636 1.6271984889028805 -0.04939658429088623 6.627360302219424 0.2458733196914844 0.046492664882732605 0.3441213599874076 0.4509759798520384 0.030084764678104853
0.9 6.470425 4233.394616716512 -0.12222422477569626 3.974421533133952 1.6169596253738396 -0.05335561152211536 6.629408074925232 0.2548152605068468 0.050997764835510585 0.3533363371635444 0.4508394616716512 0.03255574374311338
0.9 6.479174 4232.219066683348 -0.1286855998999127 3.9799046665832605 1.6061906668334789 -0.05801419992493452 6.631561866633304 0.26380365319654736 0.0523 0.3543600400350305 0.4508 0.033262190666833474
0.9 6.492443 4229.529795434331 -0.13811592054550853 3.9888808182626745 1.5902383634746515 -0.06528677734954053 6.634940409131337 0.2775914319596799 0.06047518529498968 0.3694450637414765 0.4505294693151497 0.03763050696709164
0.9 6.501384 4228.204417432553 -0.14408012155351319 3.9941823302697896 1.579635339460421 -0.07032321375630003 6.637591165134895 0.2868690779721316 0.06491520160094871 0.3763370293507264 0.45033066261488286 0.039943291580195675
0.9 6.510406 4226.811459754434 -0.15094270122783052 3.999942701227831 1.569397407912688 -0.0755861391541607 6.640377080491132 0.2962423328785807 0.06622218281036815 0.37645785811732574 0.4502717189631651 0.0406142892223737
0.9 6.519509 4225.569577080491 -0.15715211459754433 4.006152114597545 1.5588414051841746 -0.08142298772169167 6.642860845839018 0.30574273533424284 0.07032039563437927 0.38210842428376535 0.45008543656207367 0.04275032742155525
0.9 6.533317 4223.535079386619 -0.1667047089157283 4.015394761840142 1.543365449857511 -0.08988073008549352 6.6456198941511735 0.320202089835799 0.07983832270321632 0.3961313068258924 0.4496380105848826 0.04764916135160816
0.9 6.542625 4221.64038539829 -0.1736519202062695 4.021078843805129 1.5326288505903107 -0.09632268964581353 6.64814615280228 0.3299913421088343 0.0840698059438187 0.40074172886416065 0.449385384719772 0.049764902971909344
0.9 6.552014 4220.154866657642 -0.1802256667117909 4.02722566671179 1.5222389332611344 -0.10272566671179091 6.650690266684716 0.33989204007039386 0.09107788005956402 0.4098216867469878 0.44904645999729254 0.05329429403005275
0.9 6.561484 4218.874932614555 -0.18662533692722377 4.032625336927223 1.511999460916442 -0.10920663072776285 6.6532501347708894 0.3499880323450135 0.09911897574123991 0.41994393530997304 0.44847498652291107 0.0573126091644205
0.9 6.571034 4217.587870619946 -0.19306064690026978 4.0390606469002694 1.5017029649595683 -0.11647853099730483 6.6558242587601075 0.36015582210242625 0.10343063342318073 0.42348335579514834 0.4482175741239892 0.059397649595687406
0.9 6.580662 4215.584408602151 -0.19953897849462374 4.044831182795699 1.4906298387096772 -0.1234097580645162 6.6584155913978496 0.37039158602150546 0.11007145161290333 0.4303376881720431 0.4477461021505376 0.06265033602150542
0.9 6.590365 4213.989703129179 -0.20705148435410545 4.051046335918695 1.4799227734688418 -0.1314643554426318 6.660020593741642 0.3807834046536508 0.11206847419096025 0.4300695038780423 0.44759485156458945 0.0635930014709816
0.9 6.600142 4212.6822679860925 -0.21358866006953728 4.056929794062583 1.4701170098956942 -0.1396358250869216 6.662635464027815 0.3913736293126504 0.1207629178924846 0.43889469109387536 0.44694113399304625 0.06778333110457341
0.9 6.609986 4211.3676490198695 -0.2201617549006535 4.063161754900654 1.4599411921589545 -0.14813675156687572 6.665264701960261 0.40202204293905874 0.1253 0.44185588745166016 0.4466 0.06994470596079477
0.9 6.619897 4210.048417132216 -0.22675791433891976 4.06975791433892 1.4493873370577284 -0.15707076350093088 6.667903165735568 0.4128029795158284 0.13158044692737408 0.4468949720670389 0.446124208566108 0.07294651769087512
0.9 6.629869 4208.725729442971 -0.23337135278514584 4.075734217506631 1.4388058355437667 -0.16625618037135273 6.669911405835544 0.42371273209549065 0.13610509283819627 0.44923883289124666 0.44571771883289124 0.07506874801061006
0.9 6.6399 4206.794871794872 -0.24061538461538437 4.08201282051282 1.4287820512820515 -0.17599999999999968 6.672205128205128 0.4347012820512817 0.14253717948717923 0.45377435897435875 0.4451384615384616 0.07806999999999988
0.9 6.649986 4205.0664644599765 -0.24766767770011905 4.0877341421600955 1.4185317156798094 -0.18591480944217384 6.6748670710800475 0.4457483449821976 0.15136133456415715 0.4609477383621262 0.4443398786759857 0.08221329552947405
0.9 6.66012 4203.734476641041 -0.25432761679479626 4.094327616794796 1.4085085748078057 -0.1967140153755179 6.6775310467179185 0.45699367238320565 0.15597622708456552 0.46275535186280314 0.44385706682436427 0.08433094027202846
0.9 6.670305 4202.398035363458 -0.2610098231827112 4.100407858546169 1.398184282907662 -0.20775650294695477 6.680203929273085 0.468316699410609 0.16243316306483296 0.46648943025540274 0.44317862475442044 0.08728803143418466
0.9 6.680532 4201.061128526646 -0.2676943573667714 4.106694357366772 1.38842789968652 -0.21851708463949873 6.6819388714733545 0.47977429467084676 0.17129655172413819 0.47262492163009423 0.442242789968652 0.09136416927899699
0.9 6.690803 4199.723567708334 -0.2743821614583331 4.112743945312499 1.3784267578125002 -0.23023260416666624 6.684552864583333 0.4912773177083329 0.17591222656249983 0.47385732421874993 0.44175324869791666 0.09343273763020826
0.9 6.701112 4198.3794724471145 -0.28110263776442956 4.1191026377644295 1.3686563071297986 -0.24268117001828193 6.687241055105772 0.5028985897101075 0.18245753460433561 0.4770062157221208 0.44100357795769124 0.09637399320971546
0.9 6.71146 4197.024895178197 -0.28787552410901474 4.1258755241090155 1.3581991614255766 -0.2546883909853251 6.689950209643606 0.5145859014675054 0.19143569182389944 0.48250041928721177 0.4400174266247379 0.10042581236897279
0.9 6.721848 4195.656836815658 -0.2947158159217134 4.131544234329542 1.3485978577096012 -0.2676257339328213 6.691686326368686 0.5264683615445642 0.199349596667548 0.4865372652737371 0.4390455765670458 0.1039975866172969
0.9 6.732271 4194.278497751918 -0.30160751124041235 4.1377467601163715 1.3389494842634226 -0.2805821211319752 6.694443004496165 0.5383909944459133 0.20396703253107626 0.487088600899233 0.4384253239883629 0.10599617825971958
0.9 6.742732 4193.888696116375 -0.30855651941812373 4.144445215534499 1.3292208728146269 -0.29444643000133486 6.69722260776725 0.5503683437875353 0.2122346056319233 0.49117843320432414 0.43739982650473774 0.10963391165087423
0.9 6.753231 4192.484598349104 -0.3153193074290318 4.150319307429031 1.3196498892691764 -0.3084447755184219 6.699773102476343 0.56255822428025 0.22152742097845807 0.4958750553654118 0.43613613851419364 0.11379466478759825
0.9 6.76377 4191.070062411919 -0.3216847191463659 4.156684719146366 1.3104554056774715 -0.3217414133279644 6.701894906382122 0.5747939601369034 0.23093408496074078 0.5004722971612643 0.43486305617072685 0.11789681900543582
0.9 6.76906 4191.0 -0.3252177081927382 4.1602177081927385 1.3054952085301665 -0.3295433121878788 6.703287083277095 0.5809344580915097 0.2314 0.4987693750843571 0.4347356458361452 0.11803564583614523
0.9 6.779694 4189.91660421067 -0.33237528105198627 4.1663752810519865 1.296457927369353 -0.34480067452476704 6.706125093683996 0.593421373577707 0.2385545819990464 0.5010460175785244 0.4337166042106697 0.1211376779995913
0.9 6.790398 4188.457995503169 -0.338939020235743 4.172939020235743 1.2869769707705934 -0.3605536485657832 6.708313006745247 0.6060383388975948 0.24825432990393134 0.5053489132656538 0.43225799550316824 0.12529471281597057
0.9 6.801174 4187.991797063487 -0.3450738264286205 4.179065623492107 1.2778933618253259 -0.3758821051905972 6.711024608809541 0.6188419108016817 0.25607628730957455 0.5078172261666781 0.4310868753015786 0.12863199145240223
0.9 6.812024 4187.243882263735 -0.35180505962638736 4.185048941890122 1.2681704694285514 -0.39248581374508884 6.713268353208796 0.6317808368373891 0.2630318949472669 0.509387847246157 0.42989021162197555 0.13154885917143452
0.9 6.82295 4186.0 -0.3590985797827902 4.19209857978279 1.2588521303258144 -0.40810559732664975 6.716049289891395 0.6449119465329991 0.2742 0.514228529657477 0.4280975355054302 0.13629753550543025
0.9 6.833946 4185.720498634359 -0.36551551229077667 4.198236010925134 1.2496459836122977 -0.4267682820925836 6.718838504096926 0.6581633237621682 0.2766596120176483 0.5117633517753344 0.427552797814973 0.13720620491631066
0.9 6.839472 4185.333496743469 -0.3689985293087749 4.201332026052244 1.2450019609216334 -0.43586282652846786 6.7199995097695915 0.6648971566636315 0.2800652286574688 0.5122664542334897 0.4269335947895511 0.13859941172350998
0.9 6.850583 4185.0 -0.3755784134141188 4.207578413414119 1.2365269832323516 -0.4535406368888266 6.722789206707059 0.6783935888403554 0.2908725095110613 0.5164573340848247 0.42514755530505843 0.14319949274341284
0.9 6.861762 4184.2605274351345 -0.38191578051892794 4.213915780518928 1.2271263292216081 -0.4716339217354312 6.725218417694598 0.6921668226286682 0.2983813058273073 0.5177134198213527 0.4237428966397278 0.14618815397703097
0.9 6.873014 4184.0 -0.388325501432665 4.220325501432665 1.2185117478510026 -0.49049277936962815 6.728081375358166 0.7060079656160464 0.3095 0.5217640114613179 0.4216918624641834 0.15088372492836677
0.9 6.884334 4183.646193771627 -0.39483044982698984 4.22683044982699 1.209108131487889 -0.5102267301038068 6.730415224913495 0.7201208477508654 0.31576237024221493 0.5218243079584777 0.4204324394463667 0.15331816608996557
0.9 6.89002 4183.236303344867 -0.3981095732410612 4.230109573241061 1.2045993367935408 -0.5201050893886969 6.73205478662053 0.7272119521337949 0.32301743079584794 0.5249804642445215 0.41907980103806225 0.1563513552479816
0.9 6.901441 4183.09135387761 -0.40473083102088503 4.2366394771432745 1.1959951073462831 -0.5397102745728054 6.734365415510442 0.7415895574704249 0.32855203738863725 0.5242841755513363 0.41783507375492923 0.1584572586534248
0.9 6.912923 4183.9298232802685 -0.4114385862421497 4.242508762961881 1.186771943917044 -0.5590789177742073 6.737719293121075 0.7561789250766756 0.34096138454797703 0.5287280633854242 0.41540351248722074 0.1635719220096392
0.9 6.924468 4184.0 -0.41695900547580295 4.248959005475803 1.178201420748853 -0.5784206896551728 6.7401194317004585 0.770869527896996 0.34967914755068824 0.5300802131123279 0.4134802131123279 0.1669877016427409
0.9 6.930261 4184.0 -0.4199596714518277 4.251959671451828 1.1739147550688176 -0.5884086206896552 6.741834097972474 0.7783283261802575 0.35225114695870946 0.5294372132603227 0.41283721326032263 0.16788790143554833
0.9 6.941885 4184.07298777286 -0.4265109144100218 4.258510914410022 1.1653431100442575 -0.6088765358937815 6.745218963318581 0.7933626884704825 0.3629130972920262 0.532214597554572 0.41054672567699346 0.17213356087315282
0.9 6.953562 4184.948916060311 -0.43264241242217377 4.264642412422173 1.157459755457205 -0.6277965869027078 6.747846748180931 0.8085162478433724 0.3702708949066085 0.5323897832120621 0.40870727627334785 0.17493653139299375
0.9 6.959417 4185.781570996979 -0.4353447129909367 4.2681262839879155 1.1530921450151055 -0.6377317522658617 6.749563141993958 0.8161996676737165 0.3771870392749249 0.5348228700906346 0.407193172205438 0.17775734138972826
0.9 6.971157 4186.783051878899 -0.44148136315228975 4.274481363152289 1.1449525330899133 -0.6568790050205388 6.752349155636696 0.8317251026928345 0.3855776357827477 0.5355783051878898 0.4051555910543131 0.1808491556366956
0.9 6.982933 4188.184939433686 -0.44710963660211417 4.2802945760358 1.1363355450968287 -0.6779721009181394 6.755554818301057 0.8473994522027625 0.3973349972995912 0.5386 0.4022931332458915 0.1854548183010571
0.9 6.994744 4189.1938442406345 -0.45258153272190277 4.286775376962536 1.128224623037463 -0.698486444893518 6.758387688481268 0.863186444893518 0.40572829162132773 0.5391815327219027 0.4001123115187315 0.18855907041815648
0.9 7.000664 4190.114938928907 -0.4553448167867212 4.290344816786721 1.1244827748199182 -0.7068045568430951 6.760172408393361 0.8711999686814913 0.4129769965549643 0.5416 0.39836207328531154 0.19146666144691524
0.9 7.012521 4191.971656749139 -0.46091497024741607 4.295914970247416 1.116127544628876 -0.7278783041027239 6.7629574851237075 0.8873534137175064 0.4206823755089255 0.5416 0.3961340119010336 0.1941589022862511
0.9 7.024408 4194.279685264664 -0.4661328087744399 4.301985932284216 1.1085875059608963 -0.7468843586075355 6.766279685264664 0.9037221745350508 0.4312139008106822 0.5433587505960896 0.39336156413924644 0.19812374821173115
0.9 7.030365 4195.700047687172 -0.46850007947862027 4.305300111270069 1.1047998728342077 -0.7573003497059291 6.767700047687172 0.9119602765855985 0.4346701160387856 0.5429799872834208 0.3923199650294071 0.19926003814973772
0.9 7.0423 4197.714629837803 -0.4732865745945079 4.31114388951341 1.0971414806487874 -0.7769892243455923 6.770571944756704 0.9286172795888875 0.44594497350248946 0.5452147502810343 0.38909939778384445 0.20344364862694728
0.9 7.054257 4200.978877833959 -0.478305170445278 4.316957755667917 1.0897159517207635 -0.7940321888762025 6.7743051704452775 0.9453774914369594 0.45606292611319504 0.5465915511335834 0.38618849290490953 0.2070746534007502
0.9 7.060244 4202.443647039635 -0.4802581960528462 4.319887294079269 1.0862981569075192 -0.8033578861523406 6.776258196052846 0.9538731528298809 0.4609454901321155 0.5471774588158539 0.3846748980590442 0.20883237644756159
0.9 7.072239 4206.205605935696 -0.4850070074196207 4.325808408903545 1.0785887881286067 -0.8205238252267104 6.779404204451772 0.9710443858202802 0.4708941549876339 0.5482815416323166 0.38161565539983516 0.21230490519373452
0.9 7.084254 4211.203519061583 -0.48890263929618755 4.331805278592375 1.071893841642229 -0.8381459237536648 6.7829026392961875 0.9884353079178877 0.480938885630498 0.549461055718475 0.3784371847507333 0.21575307917888548
0.9 7.090269 4213.219438625891 -0.49041457896941776 4.334829157938835 1.0683659824046918 -0.8472679597821537 6.784414578969418 0.9972045580226229 0.4860290825303731 0.5500658315877671 0.3768244490992877 0.21751700879765404
0.9 7.102324 4218.12223446639 -0.4942977875731119 4.34012223446639 1.0612288717470544 -0.8637438162244641 6.788297787573112 1.0150278206323644 0.49632691362210746 0.5512893362719335 0.3734793252521827 0.22108556412647287
0.9 7.114401 4224.149323217519 -0.4980746616087593 4.346149323217519 1.0538506767824813 -0.8808643331321663 6.792074661608759 1.033033037330804 0.5067180274161563 0.5526298646435037 0.3699462281231141 0.22451794982326057
0.9 7.120449 4227.277868781791 -0.49963893439089563 4.349277868781791 1.050722131218209 -0.8877992757996372 6.793638934390895 1.0421058194671946 0.5119844124493486 0.5532555737563583 0.3681212432106218 0.22629079230968172
0.9 7.132567 4233.608718395815 -0.5018695727986051 4.354673931996513 1.0434564952048822 -0.9022065736704449 6.79773914559721 1.0604652833478645 0.5226413426329557 0.5546152223190933 0.36442824760244114 0.22987827375762865
0.9 7.144711 4240.54783457579 -0.5050136670216543 4.359534167554136 1.0369589989350372 -0.9173984025559107 6.801520500532481 1.079118903088392 0.533419018459354 0.556109566915158 0.3605247160099396 0.23337255058572953
0.9 7.150796 4244.331896551724 -0.5060948275862069 4.362237068965517 1.0337155172413792 -0.925021551724138 6.803189655172414 1.0885297413793102 0.5388788793103448 0.5568663793103448 0.3585198275862069 0.23515172413793103
0.9 7.162985 4252.149504680541 -0.5082873761701354 4.367718440425339 1.0272815595746616 -0.9371380441697718 6.807431064255203 1.1077001726801778 0.5492184404253385 0.5579126238298646 0.3545695174043443 0.23832931927656092
0.9 7.169089 4256.587567027174 -0.5093968917567936 4.370492229391984 1.0245077706080161 -0.9434622830137233 6.80909533763519 1.117352958284104 0.5519922293919839 0.5568031082432064 0.3532935744796874 0.2388286012905571
0.9 7.181315 4265.556628944705 -0.5108195786180881 4.37609789309044 1.0180825282914714 -0.9564890698316307 6.8132783144723525 1.1368606679547328 0.5617777440426898 0.5575113257889409 0.34940364338945645 0.2417226515778819
0.9 7.193567 4274.668405365127 -0.5119585506706409 4.380834202682563 1.012207246646796 -0.97010260804769 6.817834202682563 1.1567746367362146 0.5720352459016393 0.5584709854694486 0.34524921758569305 0.24479223174366616
0.9 7.199706 4279.359719058466 -0.5120359719058466 4.384143887623386 1.009820140470767 -0.9791021640091113 6.82010791571754 1.1668259111617305 0.5727165527714501 0.5558323747152619 0.34456690394836764 0.24418992976461648
0.9 7.212006 4290.853271836264 -0.513 4.388823676371673 1.003970404535409 -0.9889503122898045 6.823823676371673 1.187203584126068 0.5848241760353597 0.5582032093783026 0.33957915825886464 0.2479384741039681
0.9 7.224347 4302.365521269347 -0.513 4.393587462279762 0.998015672150297 -0.9993114766864595 6.828587462279763 1.2080054609169664 0.6008240144066971 0.563325328531101 0.33306814951815444 0.2533778058989584
0.9 7.230531 4308.987150783608 -0.513 4.395995327557675 0.9950058405529056 -1.0047893701937116 6.830995327557676 1.2184796748758884 0.6038940426360363 0.562301985787988 0.33150303708751094 0.25379918232259324
0.9 7.242929 4323.682902485279 -0.5117764247928935 4.400894300828426 0.9898821239644674 -1.013509741491167 6.835894300828426 1.2398902086036536 0.6150402335562433 0.5639422796686295 0.32649634694081237 0.2568341451242639
0.9 7.249142 4331.124363708953 -0.511156303024254 4.403374787902984 0.9867815151212698 -1.0179746182253715 6.838374787902985 1.2506803273779814 0.6182028545763049 0.5629500848388063 0.32482201816548567 0.2572062181854476
0.9 7.261598 4346.327563249001 -0.5097957595001537 4.407408480999693 0.9815915190003073 -1.0261127214995391 6.843408480999693 1.2726871043736554 0.6301212024992318 0.5652450885998156 0.31920982280036875 0.2604961487247772
0.9 7.274086 4363.019294605809 -0.5072278008298756 4.412158298755187 0.9768417012448133 -1.0337007676348546 6.848544398340249 1.2951181327800825 0.6410691078838173 0.5668980705394191 0.3138189211618258 0.2632930497925311
0.9 7.280342 4371.49705882353 -0.5059289915966386 4.414106512605041 0.9748579831932772 -1.037366869747899 6.8511420168067225 1.3064213235294122 0.6445550420168069 0.5661958613445379 0.31192247899159653 0.26369941176470596
0.9 7.292874 4390.005692329586 -0.5030465347943646 4.418191831507044 0.9698081684929556 -1.0435208908495803 6.856430197808454 1.3295451970969123 0.6566074996442296 0.5688476732602817 0.3057651487121103 0.2668052227123951
0.9 7.299152 4399.386509178882 -0.5012597125373558 4.420425359328305 0.9675746406716947 -1.0465584886864951 6.859110431193966 1.3412488828803193 0.6611192258431766 0.5689370143731322 0.30326359755229815 0.2675646221716238
0.9 7.311731 4420.140704607046 -0.4973486178861788 4.424651382113821 0.9633486178861788 -1.0517048997289975 6.865418970189702 1.364966395663957 0.6732263197831981 0.5717397615176153 0.2969042710027099 0.2704862439024391
0.9 7.324338 4441.311111111111 -0.4929222222222223 4.428538888888888 0.9584611111111111 -1.0568083333333333 6.871077777777778 1.3891152777777775 0.6807741666666666 0.5708575 0.29233777777777786 0.27115388888888886
0.9 7.330655 4452.541333333334 -0.49011466666666653 4.429942666666666 0.9570573333333332 -1.0589140000000001 6.873885333333333 1.401398333333334 0.6843538000000002 0.5702258 0.2900917333333332 0.2712942666666667
0.9 7.34331 4476.939008604279 -0.48439869032208954 4.434067539785274 0.9529324602147263 -1.0629340973121144 6.88060130967791 1.4263923855935423 0.697195537957816 0.5741202619355821 0.2827453133328258 0.2743736389248458
0.9 7.349649 4489.488616462348 -0.4815026269702275 4.4359982486865155 0.951001751313485 -1.0646234676007005 6.883497373029773 1.4390385288966732 0.7020705779334503 0.5746994746059545 0.2797527145359018 0.27504938704028026
0.9 7.362351 4515.666510208872 -0.4745370804975357 4.439185167800986 0.9468148321990142 -1.068194426191035 6.890370335601971 1.464720218258625 0.7094461980755693 0.5738999530626615 0.2747796878666978 0.27518701009152785
0.9 7.375074 4543.484009205617 -0.4668319974605194 4.442188000952305 0.9438119990476947 -1.0708920006348701 6.896772002222045 1.4909752083167989 0.7236996032060943 0.5796316006666137 0.2660863979049285 0.27851480041266563
0.9 7.381444 4558.143956828822 -0.4627878739782559 4.443704547258154 0.9422954527418459 -1.071903031505436 6.900310610269026 1.504219712721212 0.728805309102452 0.5806931830807078 0.26274999603206106 0.2791719704785334
0.9 7.394196 4588.268301610541 -0.45363762811127384 4.445787457296242 0.9392125427037579 -1.0740937286481211 6.907968643240605 1.5311508784773058 0.7368080161054172 0.5808393728648121 0.2569038311371401 0.2791606271351879
0.9 7.400581 4604.967367119901 -0.4488331273176763 4.447233374536465 0.9377666254635352 -1.0748750309023485 6.911816810877626 1.5447572064276884 0.741078541409147 0.5812383930778738 0.2537715203955501 0.27922835599505563
0.9 7.413365 4640.951008645533 -0.4379300839493798 4.449517479012655 0.935482520987345 -1.0764846134569603 6.9192936975316375 1.5724279413607318 0.7512936975316377 0.583903495802531 0.24649091592532266 0.28017412604936726
0.9 7.419769 4659.4913412563665 -0.43154431239388813 4.45108285229202 0.9339171477079797 -1.0773414261460101 6.923331409168082 1.5864812224108653 0.7554184040747027 0.5843532767402377 0.2432851612903227 0.2801414261460102
0.9 7.432604 4698.886777513858 -0.4195068179818766 4.453271487639659 0.9317285123603413 -1.0784493182018124 6.931950206738806 1.6149614674056496 0.7657515703351812 0.5876420867423241 0.23540272719275065 0.28086923550629006
0.9 7.439037 4719.260490894696 -0.41328151667106505 4.454403360605261 0.9305966393947391 -1.0790718483328934 6.935911762118413 1.6293928477170763 0.7684680654526261 0.5865668074250021 0.23291260666842603 0.27990714348552825
0.9 7.451926 4761.188584219362 -0.3996038052602126 4.456199682894982 0.9286006342100355 -1.0799998414474912 6.945397780264876 1.6584722626375676 0.7779963532922962 0.5894776534228688 0.2250828856556612 0.2799993657899646
0.9 7.464849 4804.6972920696335 -0.3853808510638296 4.457419922630561 0.9265800773694391 -1.0806099613152804 6.954359381044487 1.6879521663442945 0.7896355512572535 0.5956519535783366 0.2155324177949709 0.281138085106383
0.9 7.471325 4826.626826826828 -0.37847367367367346 4.4580478478478485 0.9259521521521522 -1.0809 6.959334934934935 1.702800500500501 0.7932105305305307 0.5959569369369369 0.2121846846846846 0.28041387387387384
0.9 7.484301 4871.213626464794 -0.3636893083065433 4.4593592243077875 0.924640775692212 -1.081079612153894 6.968873794462304 1.732674779632895 0.8004534066161985 0.5970757336928343 0.20513397283003193 0.27891553458467283
0.9 7.490802 4894.2736797092175 -0.35558691468890236 4.460034423775925 0.9239655762240753 -1.0814 6.9742409664314735 1.7476366688047906 0.8060411374812917 0.6005793457344452 0.20004853538593087 0.27923803720333534
0.9 7.503829 4946.14740575765 -0.3387273777117878 4.461329538893013 0.9226704611069868 -1.0814 6.984624927823146 1.7773293656685634 0.8124715416975995 0.6009886166790398 0.19326255052379787 0.27713750721768543
0.9 7.510355 4972.524870081663 -0.3301143281366 4.461867854491462 0.9221321455085375 -1.0814 6.990546399406088 1.7920792130660725 0.8165089086859687 0.6026035634743875 0.18911752041573873 0.27654536005939123
0.9 7.523432 5023.87861811391 -0.313912931839403 4.4633087068160595 0.9206912931839404 -1.082 7.002469654528477 1.8210963001867402 0.825287861811391 0.6076912931839403 0.17989604341736717 0.27581345704948657
0.9 7.529983 5048.486681065514 -0.30620878329733636 4.464113030957524 0.9199434845212383 -1.082 7.008621670266378 1.8355602951763856 0.8279916846652267 0.607469078473722 0.17665179985601165 0.27451130309575233
0.9 7.543113 5100.630387143901 -0.2898592037983927 4.466241599707816 0.9185168005843681 -1.082 7.021899196493791 1.8612628743608477 0.8374804784514246 0.6158556793279767 0.16590544192841475 0.2743376004382761
0.9 7.54969 5127.053688823959 -0.282052319211103 4.466842129291454 0.9173157414170928 -1.082 7.029105551497443 1.8728530953250546 0.8406632852447042 0.6172368973703434 0.16194194667640613 0.27343680606281956
0.9 7.562868 5178.562919920101 -0.2672335209733068 4.469754494280007 0.9142455057199929 -1.082 7.0445209733067005 1.891192228073361 0.8452568912293444 0.61625209733067 0.15576586163065198 0.2708982022879971
0.9 7.574057 5220.071344339622 -0.2569162735849059 4.4730418632075475 0.9106108490566039 -1.082 7.058125589622641 1.9019531839622639 0.8501933372641508 0.6184460495283017 0.1492204599056606 0.2700347287735849
0.9 7.583352 5250.198555956678 -0.251303249097473 4.477036101083032 0.9059638989169676 -1.082 7.06773285198556 1.9074252707581225 0.8544931407942238 0.6213465703971119 0.1433960288808665 0.2701678700361011
0.9 7.591318 5273.4944017766275 -0.248 4.481478208568521 0.9015217914314793 -1.082 7.0755379846395865 1.9102179328213194 0.8575494401776628 0.6226326270010177 0.13907882853705913 0.27031195521421303
0.9 7.601487 5297.011970074812 -0.248002992518703 4.48900698254364 0.8939920199501253 -1.082 7.084004987531172 1.9104985037406486 0.8599 0.6199927182044894 0.1355997007481297 0.27049980049875316
0.9 7.610113 5309.458593968818 -0.2515159182149197 4.496687890953226 0.885369433292876 -1.082 7.089343945476614 1.9087936327140322 0.8600261133414248 0.6125280272616934 0.1351222948370832 0.2704261133414248
0.9 7.619907 5316.77369059845 -0.25974540192325674 4.507660535897676 0.8753111754271307 -1.082 7.094830267948837 1.9055018392306973 0.8620377649145738 0.6097848660255811 0.13228769489310047 0.2724377649145739
0.9 7.630201 5315.161222048404 -0.2728714456611751 4.519952056685376 0.862128554338825 -1.082 7.097758166927394 1.9016305051992273 0.8640307168491762 0.6072176497653448 0.12944183307260534 0.2754420447225543
0.9 7.640556 5308.649513912169 -0.28792926583975886 4.533446949379819 0.8495530506201808 -1.082 7.100192926583976 1.899016719745223 0.8642 0.5996090010056989 0.12932893898759637 0.27777974354676505
0.9 7.64936 5298.319644653034 -0.3026862219242371 4.5445146664431775 0.8384853335568221 -1.082 7.101668622192424 1.8976148089171974 0.8642 0.5935586490110627 0.12955029332886356 0.27991950217901435
0.9 7.659376 5285.135262980066 -0.3186755265232569 4.556053947516612 0.8278514472350491 -1.082 7.102905394751661 1.8965756841986712 0.8642 0.587673026241694 0.12978107895033225 0.28239186845365466
0.9 7.669919 5270.000801538954 -0.33322146521320994 4.565555065726194 0.8184449342738053 -1.082 7.103777733247836 1.8959555867265148 0.8642 0.5830780137864698 0.13011109329913437 0.28477765309394043
0.9 7.679717 5257.192326980942 -0.3449269057171518 4.573284603811435 0.8115961634904713 -1.0824403836509529 7.104 1.8957119232698094 0.8623503886659979 0.5745015546639917 0.1330184553660984 0.2854
0.9 7.689565 5245.5686420805805 -0.35453474738861623 4.578741526327009 0.806258473672991 -1.0825 7.104 1.8956051694734597 0.8621 0.5715085589426562 0.13358966105308034 0.28672762737156254
0.9 7.69925 5237.469989086941 -0.3608566751546018 4.583183339396144 0.8026533284830847 -1.0825 7.104 1.8958510003637685 0.8621 0.5700613313932339 0.13376733357584578 0.2878876682429975
0.9 7.709159 5230.312874834489 -0.3664233195731752 4.585895708388503 0.7994723888153284 -1.0825 7.104 1.8959 0.8621 0.5691680972038321 0.1339263805592336 0.2887319027961679
0.9 7.719013 5224.938078005629 -0.3703746146629139 4.587687307331457 0.7976563463342716 -1.0825 7.1036563463342715 1.8960030960997185 0.8621 0.5685938078005629 0.13403436536657284 0.28934055756600996
0.9 7.729013 5220.952242958155 -0.3730238785209227 4.589011939260462 0.7969880607395387 -1.0825 7.103 1.8962107453344152 0.8621 0.5682 0.13410119392604614 0.28980477570418456
0.9 7.739224 5218.5850237626055 -0.37420748811869714 4.589603744059349 0.7963962559406514 -1.0825 7.103 1.8967433696534137 0.8621 0.5682 0.13416037440593487 0.29004149762373943
0.9 7.749093 5216.69435483871 -0.37515282258064514 4.59 0.796 -1.0825764112903227 7.1028471774193545 1.8971 0.8617637903225807 0.5674053225806451 0.13465846774193552 0.29001661290322583
0.9 7.759024 5215.693245967742 -0.37565337701612905 4.59 0.796 -1.0828266885080644 7.102346622983871 1.8971 0.8606625705645161 0.5648024395161291 0.13616013104838706 0.28941594758064515
0.9 7.769006 5214.863034847816 -0.376 4.59 0.796 -1.083 7.101863034847817 1.8971684825760917 0.8599 0.5630547860608733 0.13721369651521834 0.28901369651521835
0.9 7.779002 5214.422099691222 -0.376 4.59 0.796 -1.083 7.101422099691222 1.897388950154389 0.8599 0.5632311601235113 0.13725779003087782 0.28905779003087784
0.9 7.78911 5214.0 -0.37597905006218907 4.589979050062189 0.796020949937811 -1.083 7.101 1.897623044931592 0.8599 0.5634125699626866 0.1373 0.2890979050062189
0.9 7.798976 5214.0 -0.3755955768034826 4.589595576803482 0.7964044231965174 -1.083 7.101 1.898044865516169 0.8599 0.5636426539179105 0.1373 0.28905955768034824
0.9 7.809045 5214.0 -0.3752042133084577 4.589204213308458 0.7967957866915424 -1.083 7.101 1.8984753653606965 0.8599 0.5638774720149253 0.1373 0.28902042133084577
0.9 7.819059 5213.8357941217055 -0.37483579412170553 4.588835794121706 0.797 -1.083082102939147 7.100835794121705 1.8986671588243411 0.8599 0.5640821029391472 0.1373 0.289
0.9 7.829017 5213.492272664551 -0.3744922726645508 4.588492272664551 0.797 -1.0832538636677245 7.1004922726645505 1.8985984545329102 0.8599 0.5642538636677246 0.1373 0.289
0.9 7.839033 5213.146750379467 -0.3741467503794674 4.588146750379467 0.797 -1.0834266248102662 7.100146750379467 1.8985293500758935 0.8599 0.5644266248102663 0.1373 0.289
0.9 7.84897 5213.0 -0.374 4.588 0.797175347115088 -1.0835 7.1 1.8986227429805616 0.8599 0.5646052082690528 0.1373 0.2889824652884912
0.9 7.858986 5213.0 -0.374 4.588 0.7974843875347115 -1.0835 7.1 1.8988390712742982 0.8599 0.564790632520827 0.1373 0.2889515612465288
0.9 7.869011 5213.0 -0.374 4.588 0.7977937056464055 -1.0835 7.1 1.8990555939524838 0.8599 0.5649762233878433 0.1373 0.28892062943535946
0.9 7.879364 5212.897988705595 -0.3738979887055943 4.587897988705595 0.7981020112944057 -1.0835 7.099897988705594 1.8992408045177622 0.8599 0.5651510056472029 0.1373 0.2889
0.9 7.890986 5212.5746793891 -0.3735746793891006 4.587574679389101 0.7984253206108994 -1.0835 7.0995746793891 1.8993701282443598 0.8599 0.5653126603054497 0.1373 0.2889
0.9 7.901732 5212.2757392828335 -0.37327573928283303 4.587275739282833 0.798724260717167 -1.0835 7.099275739282833 1.8994897042868668 0.8599 0.5654621303585835 0.1373 0.2889
0.9 7.912677 5211.973876539463 -0.373 4.586973876539463 0.799 -1.0835156740763219 7.099 1.899584325923678 0.8599 0.565615674076322 0.1373 0.28890261234605363
0.9 7.919654 5211.797435702906 -0.373 4.5867974357029055 0.799 -1.0836215385782566 7.099 1.8994784614217435 0.8599 0.5657215385782566 0.1373 0.2889202564297094
0.9 7.933642 5211.443694206307 -0.373 4.586443694206307 0.799 -1.0838337834762157 7.099 1.8992662165237841 0.8599 0.5659337834762158 0.1373 0.2889556305793693
0.9 7.940643 5211.266646435526 -0.373 4.586266646435526 0.799 -1.0839400121386844 7.099 1.8991599878613155 0.8599 0.5660400121386845 0.1373 0.28897333535644737
0.9 7.954667 5210.91933240612 -0.373 4.586 0.7990806675938804 -1.0841403337969402 7.09891933240612 1.899024200278164 0.8599 0.5662484005563283 0.1373 0.289
0.9 7.961691 5210.756513676402 -0.373 4.586 0.7992434863235977 -1.0842217431617989 7.098756513676403 1.8990730458970793 0.8599 0.5663460917941586 0.1373 0.289
0.9 7.975766 5210.430250347705 -0.373 4.586 0.7995697496522949 -1.0843848748261475 7.098430250347705 1.8991709248956885 0.8599 0.5665418497913769 0.1373 0.289
0.9 7.982818 5210.266782568382 -0.373 4.586 0.7997332174316181 -1.084466608715809 7.098266782568382 1.8992199652294854 0.8599 0.5666399304589708 0.1373 0.289
0.9 7.98988 5210.103082985628 -0.373 4.586 0.7998969170143718 -1.0845484585071858 7.098103082985628 1.8992690751043115 0.8599 0.5667381502086231 0.1373 0.289
0.9 8.004033 5209.792069238844 -0.372792069238844 4.5857920692388445 0.800207930761156 -1.0846 7.098 1.8993 0.8599 0.5669247584566935 0.1373207930761156 0.289
0.9 8.01113 5209.64003084899 -0.3726400308489899 4.58564003084899 0.8003599691510102 -1.0846 7.098 1.8993 0.8599 0.5670159814906061 0.137335996915101 0.289
0.9 8.025363 5209.335118575805 -0.3723351185758049 4.585335118575805 0.8006648814241951 -1.0846 7.098 1.8993 0.8599 0.5671989288545171 0.1373664881424195 0.289
0.9 8.032498 5209.182266115384 -0.3721822661153838 4.585182266115384 0.8008177338846163 -1.0846 7.098 1.8993 0.8599 0.5672906403307697 0.1373817733884616 0.289
0.9 8.039644 5209.0291780029565 -0.3720291780029564 4.585029178002956 0.8009708219970437 -1.0846 7.098 1.8993 0.8599 0.5673824931982262 0.13739708219970437 0.289
0.9 8.053988 5208.740904101387 -0.372 4.584740904101387 0.801 -1.0847295479493064 7.0977409041013875 1.8993777287695839 0.8599 0.5675554575391678 0.1374 0.289
0.9 8.061181 5208.597345574294 -0.372 4.584597345574294 0.801 -1.084801327212853 7.097597345574294 1.8994207963277119 0.8599 0.5676415926554236 0.1374 0.289
0.9 8.075616 5208.309250573795 -0.372 4.584309250573795 0.801 -1.0849453747131024 7.097309250573796 1.8995072248278615 0.8599 0.5678144496557229 0.1374 0.289
0.9 8.082861 5208.164654226125 -0.372 4.584164654226125 0.801 -1.0850176728869374 7.097164654226125 1.8995506037321623 0.8599 0.5679012074643248 0.1374 0.289
0.9 8.090124 5208.019698632871 -0.372 4.58401969863287 0.801 -1.0850901506835644 7.097019698632871 1.8995940904101387 0.8599 0.5679881808202774 0.1374 0.289
0.9 8.104706 5208.0 -0.3717452688776466 4.583745268877647 0.8012547311223535 -1.085252838673412 7.096745268877647 1.8996509462244706 0.8599 0.568152838673412 0.1374 0.289
0.9 8.112025 5208.0 -0.37160813190931236 4.583608131909312 0.8013918680906876 -1.0853351208544126 7.096608131909313 1.8996783736181375 0.8599 0.5682351208544125 0.1374 0.289
0.9 8.119365 5208.0 -0.37147060146149524 4.583470601461495 0.8015293985385048 -1.085417639123103 7.096470601461496 1.8997058797077009 0.8599 0.5683176391231028 0.1374 0.289
0.9 8.134104 5208.0 -0.37119443507588534 4.583194435075885 0.8018055649241147 -1.085583338954469 7.096194435075885 1.8997611129848229 0.8599 0.5684833389544688 0.1374 0.289
0.9 8.141506 5208.0 -0.3710557429267379 4.583055742926738 0.8019442570732621 -1.0856665542439574 7.096055742926738 1.8997888514146524 0.8599 0.5685665542439573 0.1374 0.289
0.9 8.156373 5207.789268500142 -0.371 4.583 0.8022107314998583 -1.0858053657499291 7.096 1.8998632194499574 0.8599 0.5687053657499291 0.1374 0.28897892685001414
0.9 8.163838 5207.656985398356 -0.371 4.583 0.8023430146016445 -1.0858715073008223 7.096 1.8999029043804934 0.8599 0.5687715073008223 0.1374 0.28896569853983556
0.9 8.171329 5207.524241565069 -0.371 4.583 0.8024757584349306 -1.0859378792174654 7.096 1.899942727530479 0.8599 0.5688378792174653 0.1374 0.2889524241565069
0.9 8.186386 5207.2574248653245 -0.371 4.583 0.8027425751346754 -1.0860712875673377 7.096 1.9000227725404024 0.8599 0.5689712875673377 0.1374 0.28892574248653247
0.9 8.193951 5207.123369719308 -0.371 4.583 0.8028766302806919 -1.0861383151403459 7.096 1.9000629890842073 0.8599 0.569038315140346 0.1374 0.2889123369719308
0.9 8.201545 5207.0 -0.3709893371125846 4.5829893371125845 0.803 -1.0862053314437077 7.096 1.9001074640211908 0.8599 0.5691063977324493 0.1374 0.2889
0.9 8.209166 5207.0 -0.3708607582122792 4.582860758212279 0.803 -1.0862696208938605 7.096 1.9001974692514045 0.8599 0.5691835450726325 0.1374 0.2889
0.9 8.224492 5207.0 -0.370602183192455 4.5826021831924555 0.803 -1.0863989084037726 7.096 1.9003784717652814 0.8599 0.569338690084527 0.1374 0.2889
0.9 8.2322 5207.0 -0.37047213645796423 4.582472136457964 0.803 -1.0864639317710179 7.096 1.900469504479425 0.8599 0.5694167181252214 0.1374 0.2889
0.9 8.23994 5207.0 -0.3703415498304398 4.582341549830439 0.803 -1.08652922508478 7.096 1.9005609151186922 0.8599 0.5694950701017361 0.1374 0.2889
0.9 8.255523 5207.0 -0.37007863879468883 4.582078638794688 0.803 -1.0866606806026555 7.096 1.900744952843718 0.8599 0.5696528167231867 0.1374 0.2889
0.9 8.263369 5207.0 -0.3699485144353561 4.581948514435356 0.8030514855646439 -1.0867566341211083 7.0959485144353565 1.9008463370081796 0.8599 0.5697257427823219 0.1374 0.2888948514435356
0.9 8.271256 5207.0 -0.36982102098218617 4.581821020982186 0.8031789790178139 -1.0868968769195952 7.095821020982187 1.9009610811160325 0.8599 0.569789489508907 0.1374 0.28888210209821863
0.9 8.279185 5207.0 -0.36969284859849344 4.581692848598493 0.8033071514015067 -1.0870378665416573 7.095692848598493 1.901076436261356 0.8599 0.5698535757007532 0.1374 0.28886928485984936
0.9 8.295178 5207.0 -0.3694343215544276 4.581434321554428 0.8035656784455725 -1.0873222462901297 7.0954343215544275 1.9013091106010152 0.8599 0.5699828392227863 0.1374 0.2888434321554428
0.9 8.30325 5207.0 -0.3693038375739549 4.581303837573955 0.8036961624260451 -1.0874657786686497 7.0953038375739546 1.9014265461834405 0.8599 0.5700480812130225 0.1374 0.2888303837573955
0.9 8.311377 5207.0 -0.36917246451779767 4.581172464517798 0.8038275354822023 -1.0876102890304227 7.095172464517797 1.9015447819339821 0.8599 0.5701137677411012 0.1374 0.28881724645177975
0.9 8.319562 5207.0 -0.3690401538909185 4.5810401538909185 0.8039598461090816 -1.0877558307199897 7.095040153890919 1.9016638614981733 0.8599 0.5701799230545408 0.1374 0.28880401538909184
0.9 8.336125 5207.230584034852 -0.3687694159651479 4.580769415965149 0.8042305840348521 -1.088030584034852 7.095 1.9021611680697041 0.8599 0.570315292017426 0.1374 0.2887538831930296
0.9 8.344514 5207.367977988142 -0.3686320220118576 4.580632022011858 0.8043679779881425 -1.0881679779881426 7.095 1.902435955976285 0.8599 0.5703839889940713 0.1374 0.2887264044023715
0.9 8.352981 5207.50664941531 -0.36849335058468996 4.58049335058469 0.80450664941531 -1.08830664941531 7.095 1.90271329883062 0.8599 0.570453324707655 0.1374 0.288698670116938
0.9 8.361531 5207.646680205706 -0.368353319794294 4.580353319794294 0.8046466802057061 -1.088446680205706 7.095 1.902993360411412 0.8599 0.570523340102853 0.1374 0.2886706639588588
0.9 8.370171 5207.788185004422 -0.368211814995578 4.580211814995578 0.8047881850044221 -1.0885881850044221 7.095 1.903276370008844 0.8599 0.570594092502211 0.1374 0.2886423629991156
0.9 8.387747 5208.0 -0.3679132522466977 4.579913252246698 0.8050867477533024 -1.0888520486519813 7.095 1.9038301216299534 0.8599 0.5707346991013209 0.1374 0.28858265044933956
0.9 8.396696 5208.0 -0.3677460530986678 4.579746053098668 0.8052539469013322 -1.0889523681407993 7.095 1.9040809203519982 0.8599 0.5708015787605328 0.1374 0.2885492106197336
0.9 8.405768 5208.0 -0.367576555873176 4.579576555873176 0.8054234441268241 -1.0890540664760944 7.095 1.904335166190236 0.8599 0.5708693776507296 0.1374 0.2885153111746352
0.9 8.41497 5208.0 -0.3674046297853259 4.5794046297853255 0.8055953702146741 -1.0891572221288044 7.095 1.9045930553220112 0.8599 0.5709381480858696 0.1374 0.2884809259570652
0.9 8.424315 5208.0 -0.36723003194888176 4.579230031948882 0.8057699680511182 -1.089261980830671 7.095 1.9048549520766773 0.8599 0.5710079872204473 0.1374 0.28844600638977635
0.9 8.433811 5208.0 -0.36705261289539076 4.57905261289539 0.8059473871046093 -1.0893684322627655 7.095 1.9051210806569139 0.8599 0.5710789548418438 0.1374 0.2884105225790781
0.9 8.443476 5208.143747638836 -0.36685625236116354 4.579 0.806 -1.0895437476388363 7.094856252361163 1.9054156214582547 0.8599 0.5711574990555346 0.1374 0.2883856252361163
0.9 8.45332 5208.350354699241 -0.3666496453007598 4.579 0.806 -1.0897503546992402 7.09464964530076 1.9057255320488604 0.8599 0.5712401418796962 0.1374 0.288364964530076
0.9 8.463358 5208.561033455065 -0.3664389665449356 4.579 0.806 -1.0899610334550645 7.094438966544936 1.9060415501825967 0.8599 0.5713244133820258 0.1374 0.28834389665449356
0.9 8.473605 5208.77609872812 -0.36622390127188015 4.579 0.806 -1.09017609872812 7.094223901271881 1.9063641480921798 0.8599 0.5714104394912479 0.1374 0.288322390127188
0.9 8.484082 5208.995991268942 -0.3660040087310582 4.579 0.806 -1.0903959912689418 7.0940040087310585 1.9066939869034127 0.8599 0.5714983965075767 0.1374 0.2883004008731058
0.9 8.49481 5209.0 -0.3657545539249942 4.578754553924994 0.8062454460750058 -1.0905472676450034 7.094 1.906994535290007 0.8599 0.5715981784300023 0.13737545539249943 0.28825091078499887
0.9 8.505806 5209.0 -0.36549841602608896 4.578498416026089 0.806501583973911 -1.0907009503843466 7.094 1.907301900768693 0.8599 0.5717006335895644 0.1373498416026089 0.2881996832052178
0.9 8.517106 5209.0 -0.3652351968320522 4.578235196832052 0.8067648031679479 -1.0908588819007687 7.094 1.9076177638015372 0.8599 0.5718059212671791 0.13732351968320522 0.28814703936641045
0.9 8.52873 5209.039087697743 -0.365 4.577960912302258 0.8070390876977424 -1.0910429964675166 7.094 1.9079390876977422 0.8599 0.5719117263093226 0.1373 0.2880960912302258
0.9 8.540717 5209.345927404905 -0.365 4.577654072595096 0.8073459274049046 -1.091380520145395 7.094 1.9082459274049044 0.8599 0.5720037782214713 0.1373 0.2880654072595096
0.9 8.553118 5209.663364562535 -0.365 4.577336635437465 0.8076633645625352 -1.0917297010187887 7.094 1.9085633645625353 0.8599 0.5720990093687606 0.1373 0.2880336635437465
0.9 8.565988 5209.9928070444885 -0.365 4.577007192955511 0.8079928070444888 -1.0920920877489377 7.094 1.9088928070444888 0.8599 0.5721978421133467 0.1373 0.2880007192955511
0.9 8.579052 5210.0 -0.36464333147321426 4.577 0.808 -1.0924566685267858 7.094 1.9091853348214285 0.8599 0.5723070005580357 0.1373 0.288
0.9 8.591956 5210.0 -0.36428328683035716 4.577 0.808 -1.092816713169643 7.094 1.9094733705357143 0.8599 0.5724150139508929 0.1373 0.288
0.9 8.604698 5210.0 -0.364 4.576921796653175 0.8080782033468255 -1.0931469220080952 7.094 1.9097469220080951 0.8599 0.5725312813387301 0.1373 0.2879921796653174
0.9 8.617271 5210.0 -0.364 4.5765420165528905 0.8084579834471093 -1.0933747900682655 7.094 1.9099747900682655 0.8599 0.5726831933788437 0.1373 0.28795420165528907
0.9 8.629671 5210.0 -0.364 4.576167462091464 0.8088325379085363 -1.0935995227451216 7.094 1.9101995227451218 0.8599 0.5728330151634144 0.1373 0.28791674620914637
0.9 8.641893 5210.0 -0.3637829069276032 4.576 0.809 -1.0939170930723967 7.094 1.910451965150678 0.8599 0.572965127921719 0.1373 0.28787829069276033
0.9 8.653935 5210.0 -0.3633914372094535 4.576 0.809 -1.0943085627905464 7.094 1.9107259939533825 0.8599 0.5730825688371639 0.1373 0.2878391437209453
0.9 8.665794 5210.0 -0.3630059165826859 4.576 0.809 -1.0946940834173142 7.094 1.9109958583921198 0.8599 0.5731982250251942 0.1373 0.2878005916582686
0.9 8.677466 5210.0 -0.3626 4.5756 0.809 -1.09494 7.094 1.91132 0.8599 0.57328 0.1373 0.28776
0.9 8.688953 5210.0 -0.3622001044386423 4.575200104438642 0.809 -1.0951799373368145 7.094 1.911639916449086 0.8599 0.5733599791122715 0.1373 0.28772001044386425
0.9 8.700252 5210.206035186698 -0.362 4.575 0.8092060351866974 -1.095526638705367 7.094 1.911964828149358 0.8599 0.5734618105560092 0.1373 0.2876793964813303
0.9 8.711363 5210.618439611017 -0.362 4.575 0.8096184396110163 -1.095980283572118 7.094 1.9122947516888131 0.8599 0.5735855318833049 0.1373 0.2876381560388984
0.9 8.722287 5211.0 -0.3619746146872167 4.575 0.81 -1.0964126926563917 7.094 1.9126203082502267 0.8599 0.5737050770625567 0.1373 0.28759746146872167
0.9 8.733023 5211.0 -0.36155142102566123 4.575 0.81 -1.0966242894871694 7.094 1.912958863179471 0.8599 0.5737897157948677 0.1373 0.2875551421025661
0.9 8.743576 5211.0 -0.3611354408924278 4.575 0.81 -1.0968322795537861 7.094 1.9132916472860577 0.8599 0.5738729118215145 0.1373 0.2875135440892428
0.9 8.753944 5211.289231025994 -0.361 4.574710768974006 0.8102892310259941 -1.0972181541285935 7.094 1.9136313848207953 0.8599 0.5739867693077982 0.1373 0.2874710768974006
0.9 8.764131 5211.714273793133 -0.361 4.574285726206868 0.8107142737931323 -1.0976857011724455 7.094 1.9139714190345056 0.8599 0.5741142821379397 0.1373 0.2874285726206868
0.9 8.774138 5212.0 -0.36086092277890286 4.574 0.811 -1.0980695386105486 7.094139077221097 1.9142834463326581 0.8599 0.5742278154442194 0.1373 0.2874
0.9 8.785851 5212.0 -0.36034524962578146 4.574 0.811 -1.0983273751871092 7.094654750374218 1.914592850224531 0.8599 0.5743309500748437 0.1373 0.2874
0.9 8.7995 5212.269029418578 -0.3597309705814222 4.573730970581423 0.811 -1.0986614176511467 7.095 1.9150421264767201 0.8599 0.5744538058837155 0.1373 0.28737309705814224
0.9 8.815334 5213.0 -0.359 4.573 0.8110027233380345 -1.0991029956718377 7.095 1.9157027233380344 0.8599 0.5746005446676069 0.1373 0.28729972766619655
0.9 8.833602 5213.0 -0.359 4.573 0.811891115109663 -1.1000802266206293 7.095 1.916591115109663 0.8599 0.5747782230219326 0.1373 0.2872108884890337
0.9 8.853335 5213.891050781847 -0.35810894921815306 4.572108949218153 0.812 -1.1006455253909235 7.095 1.9175019457036622 0.8599 0.5749782101563693 0.1373 0.2870217898436306
0.9 8.872209 5214.0 -0.358 4.572 0.812890917802385 -1.1016800095826234 7.095 1.918490917802385 0.8599 0.575178183560477 0.1373 0.2869109082197615
0.9 8.890297 5214.890808108858 -0.3571091918911413 4.572 0.813 -1.1023344848653152 7.095 1.9194017272979729 0.8599 0.5753781616217718 0.13721091918911413 0.2868109191891141
0.9 8.907662 5215.890733456733 -0.356109266543267 4.571109266543266 0.813 -1.1033798068024063 7.095890733456733 1.9203907334567332 0.8599 0.5754890733456733 0.1372 0.28671092665432674
0.9 8.924359 5216.0 -0.356 4.571 0.813890653193793 -1.1039453265968966 7.096 1.9213015878744137 0.8599 0.5756781306387586 0.1372 0.2866109346806207
0.9 8.940438 5216.890588896522 -0.3551094111034784 4.570109411103479 0.814 -1.104534353337913 7.096 1.9222905888965216 0.8599 0.5758781177793043 0.1372 0.28642188222069564
0.9 8.955943 5217.890565304669 -0.3541094346953312 4.57 0.8148905653046687 -1.1055796218351355 7.096 1.9232015087742018 0.8599 0.5760781130609337 0.1372 0.2863109434695331
0.9 8.970913 5218.0 -0.354 4.57 0.815 -1.1061452491115136 7.096 1.924190498223027 0.8599 0.5761890498223027 0.1372 0.2862109501776973
0.9 8.985385 5218.890484117076 -0.35310951588292405 4.569109515882924 0.815 -1.1071795325287834 7.096890484117076 1.925190484117076 0.8599 0.5763780968234152 0.1372 0.2861109515882924
0.9 8.999389 5219.890298079679 -0.353 4.569 0.8158902980796789 -1.1078341788478074 7.097 1.926190298079679 0.8599 0.5764890298079679 0.1371109701920321 0.2860109701920321
0.9 9.012955 5220.890096886325 -0.352109903113675 4.568109903113674 0.816 -1.1088791065749575 7.097 1.927190096886325 0.8599 0.576678019377265 0.1371 0.28591099031136746
0.9 9.026112 5221.0 -0.3511096277082698 4.568 0.816 -1.109534223375038 7.097 1.9281903722917302 0.8599 0.576789037229173 0.1371 0.285721925541654
0.9 9.038882 5221.890329169612 -0.351 4.568 0.8168903291696126 -1.1100451645848064 7.097890329169613 1.9291903291696126 0.8599 0.5769780658339225 0.1371 0.28561096708303874
0.9 9.051288 5222.890344492965 -0.3501096555070355 4.567109655507036 0.817 -1.1111684133915574 7.098 1.9301903444929644 0.8599 0.5770890344492964 0.1371 0.28551096555070354
0.9 9.063348 5223.0 -0.35 4.567 0.817 -1.111745109780439 7.098 1.9309231536926148 0.8599 0.5772780439121756 0.1371 0.28541097804391213
0.9 9.07508 5223.889990597487 -0.34911000940251297 4.567 0.8178899905974869 -1.1127789896572358 7.098 1.931889990597487 0.8599 0.5773889990597487 0.1371 0.2853110009402513
0.9 9.086506 5224.8899324146405 -0.34811006758535934 4.56611006758536 0.818 -1.1134339594487843 7.098 1.9329789256561047 0.8599 0.5774889932414641 0.1371 0.28521100675853595
0.9 9.097639 5225.890160389259 -0.348 4.566 0.818 -1.1140340962335555 7.098890160389259 1.934079176428185 0.8599 0.5776780320778518 0.13701098396107408 0.2850219679221481
0.9 9.108494 5226.0 -0.34710983833718245 4.566 0.8188901616628175 -1.1150791778290994 7.099 1.9350901616628176 0.8599 0.5777890161662818 0.137 0.2849109838337182
0.9 9.119084 5226.890077636811 -0.347 4.565109922363189 0.819 -1.1157340465820866 7.099 1.9361790854004923 0.8599 0.5778890077636811 0.137 0.2848109922363189
0.9 9.129419 5227.8897294151875 -0.3461102705848123 4.565 0.819 -1.1167787023567064 7.099 1.9371897294151876 0.8599 0.5780779458830375 0.137 0.2847110270584812
0.9 9.139517 5228.889782543938 -0.345110217456062 4.564110217456062 0.819889782543938 -1.1174338695263628 7.099 1.9382787607983316 0.8599 0.5781889782543939 0.137 0.2845220434912124
0.9 9.149385 5229.0 -0.345 4.564 0.82 -1.1184789452291435 7.099889950208312 1.9392899502083123 0.8599 0.5782889950208313 0.13691100497916878 0.28441100497916877
0.9 9.159035 5229.890077922078 -0.3441099220779221 4.564 0.82 -1.1191340467532467 7.1 1.9403790857142855 0.8599 0.5784780155844156 0.1369 0.2843109922077922
0.9 9.168474 5230.889986195179 -0.3431100138048212 4.563110013804821 0.8208899861951788 -1.1197339917171072 7.1 1.9413899861951789 0.8599 0.5785889986195178 0.1369 0.2842110013804821
0.9 9.17771 5231.889660410112 -0.343 4.563 0.821 -1.1207786264511228 7.1 1.942478626451123 0.8599 0.5786889660410112 0.1369 0.28411103395898885
0.9 9.186756 5232.889639889197 -0.34211036011080326 4.563 0.821 -1.121433783933518 7.100889639889196 1.9434896398891968 0.8599 0.5788779279778393 0.1369 0.28392207202216063
0.9 9.195617 5233.0 -0.342 4.562110193460799 0.8218898065392013 -1.1224787871931214 7.101 1.9445787871931215 0.8599 0.5789889806539201 0.1369 0.2838110193460799
0.9 9.204302 5233.889901904212 -0.3411100980957877 4.562 0.822 -1.1231339411425274 7.101 1.9452339411425275 0.8599 0.5791779803808426 0.1369 0.28371100980957875
0.9 9.212816 5234.0 -0.3401100647439671 4.562 0.822 -1.1237339611536197 7.101 1.9462789287816362 0.8599 0.5792889935256034 0.1368110064743967 0.28361100647439674
0.9 9.221166 5234.889835593423 -0.34 4.561110164406577 0.8228898355934237 -1.1247788191527661 7.101 1.9474678027121084 0.8599 0.5794779671186847 0.1368 0.2835110164406576
0.9 9.229357 5235.88955479452 -0.3391104452054794 4.561 0.823 -1.1254337328767123 7.101889554794521 1.9485785102739728 0.8599 0.5795889554794521 0.1368 0.28332208904109585
0.9 9.237398 5236.889803041636 -0.339 4.560110196958364 0.8238898030416356 -1.1265677636499627 7.102 1.9496787833457991 0.8599 0.5796889803041636 0.1368 0.28321101969583645
0.9 9.245293 5237.889833735246 -0.3381101662647545 4.56 0.824 -1.1272339002411473 7.102 1.95077881710877 0.8599 0.5797889833735246 0.1368 0.2831110166264755
0.9 9.253047 5238.88977904122 -0.3371102209587801 4.56 0.824 -1.1282787569453419 7.102889779041219 1.9518787569453417 0.8599 0.579977955808244 0.1368 0.28292204419175604
0.9 9.260665 5239.0 -0.337 4.5591102196501385 0.8248897803498618 -1.1289338682099173 7.103 1.9529787583848481 0.8599 0.5800889780349862 0.1368 0.2828110219650138
0.9 9.26815 5239.8894687541815 -0.3361105312458183 4.559 0.825 -1.129533681252509 7.103 1.9540784156295998 0.8599 0.5801889468754182 0.13671105312458182 0.28271105312458183
0.9 9.275509 5240.889690862045 -0.3351103091379547 4.559 0.825 -1.1306676290344544 7.103 1.95517865994825 0.8599 0.5802889690862045 0.1367 0.28261103091379547
0.9 9.282747 5241.889811738649 -0.335 4.558110188261351 0.825889811738649 -1.1313338870431895 7.103889811738649 1.9562787929125138 0.8599 0.580388981173865 0.1367 0.2824220376522702
0.9 9.289865 5242.889670700816 -0.3341103292991837 4.558 0.826 -1.132378637770898 7.104 1.957378637770898 0.8599 0.5805779341401632 0.1367 0.2823110329299184
0.9 9.296869 5243.0 -0.334 4.558 0.826 -1.133033829208983 7.104 1.9581228007438134 0.8599 0.5806889715348305 0.1367 0.2822110284651695
0.9 9.30376 5243.88940560965 -0.3331105943903501 4.55711059439035 0.8268894056096499 -1.13416728673158 7.104 1.959178346170615 0.8599 0.58087788112193 0.1367 0.28211105943903503
0.9 9.310545 5244.889413849107 -0.3321105861508934 4.557 0.827 -1.134833648309464 7.104 1.9602783552340173 0.8599 0.5809889413849106 0.13661105861508932 0.2820110586150893
0.9 9.317225 5245.889605519724 -0.332 4.556110394480276 0.827 -1.1354337633118343 7.104889605519724 1.9614675266236687 0.8599 0.5810889605519723 0.1366 0.2818220788960552
0.9 9.323805 5246.0 -0.3311102314250914 4.556 0.8278897685749086 -1.1365677222898904 7.105 1.9625787454323995 0.8599 0.5812779537149818 0.1366 0.2817110231425091
0.9 9.330286 5246.889661566991 -0.3301103384330089 4.556 0.828 -1.1372337969401947 7.105 1.9637675938803894 0.8599 0.5813889661566991 0.1366 0.2816110338433009
0.9 9.33667 5247.889411764706 -0.33 4.555110588235294 0.828 -1.138367294117647 7.105 1.9648783529411766 0.8599 0.5814889411764707 0.1366 0.2814221176470588
0.9 9.342963 5248.889242520687 -0.32911075747931273 4.555 0.8288892425206872 -1.1390335455124123 7.105889242520687 1.965978166772756 0.8599 0.5815889242520688 0.1366 0.2813110757479313
0.9 9.349167 5249.88967856566 -0.32811032143434027 4.555 0.829 -1.1401676142787918 7.106 1.9670786464222259 0.8599 0.581777935713132 0.13651103214343405 0.281211032143434
0.9 9.355283 5250.0 -0.328 4.554110365154741 0.829 -1.1408337809071558 7.106 1.9682675618143113 0.8599 0.5818889634845259 0.1365 0.2810220730309481
0.9 9.361314 5250.889571570907 -0.32711042842909327 4.554 0.8298895715709067 -1.141967485885088 7.106 1.9693785287279975 0.8599 0.5819889571570906 0.1365 0.2809110428429093
0.9 9.367263 5251.88971207274 -0.327 4.554 0.83 -1.1426338272436438 7.106889712072739 1.9702117696581916 0.8599 0.5821779424145479 0.1365 0.28081102879272607
0.9 9.373129 5252.889249146758 -0.3261107508532422 4.553110750853242 0.83 -1.1432335494880548 7.107 1.9712781740614336 0.8599 0.5822889249146759 0.1365 0.2807110750853242
0.9 9.378919 5253.0 -0.32511039972313555 4.553 0.8308896002768644 -1.1443675203322374 7.107 1.972378560304551 0.8599 0.5824779200553729 0.1365 0.28061103997231357
0.9 9.384633 5253.889589905362 -0.325 4.552110410094637 0.831 -1.1450337539432176 7.107 1.9735675078864352 0.8599 0.5825889589905363 0.13641104100946375 0.2804220820189275
0.9 9.390273 5254.889559659091 -0.3241104403409091 4.552 0.831889559659091 -1.1456337357954545 7.107889559659091 1.9747674715909092 0.86185703125 0.5879373579545456 0.1338202769886363 0.2815564275568182
0.9 9.39584 5255.889548479942 -0.3231104515200577 4.552 0.832 -1.1462337290879654 7.108 1.9759674581759308 0.8621 0.5886889548479942 0.1335 0.2816110451520058
0.9 9.401335 5256.889233011478 -0.323 4.551110766988523 0.832 -1.1463 7.108 1.9770781563126254 0.8621 0.5887889233011477 0.13341107669885224 0.2815110766988522
0.9 9.406763 5257.889463000553 -0.3221105369994463 4.551 0.8328894630005537 -1.1468336778003323 7.108889463000554 1.9782673556006645 0.8621 0.5889778926001107 0.1334 0.2813221073998892
0.9 9.412124 5258.889428464699 -0.3211105715353006 4.551 0.833 -1.1474336570788197 7.109 1.9793783713111694 0.8621 0.58908894284647 0.1334 0.28121105715353006
0.9 9.41742 5259.0 -0.321 4.550110438729198 0.833 -1.148033736762481 7.109 1.980567473524962 0.8621 0.5891889561270801 0.1334 0.28111104387291985
0.9 9.422652 5259.8895693779905 -0.32011043062200956 4.55 0.8338895693779904 -1.1481 7.109 1.9817674832535885 0.8621 0.589288956937799 0.1334 0.2809220861244019
0.9 9.42782 5260.889211698624 -0.32 4.549110788301375 0.834 -1.148633527019175 7.109 1.9828781328684875 0.8621 0.589477842339725 0.1333110788301375 0.2808110788301375
0.9 9.432929 5261.889084852048 -0.31911091514795237 4.549 0.834 -1.1493223593964332 7.109889084852048 1.983800176366843 0.8621 0.5895889084852047 0.1333 0.28071109151479523
0.9 9.437979 5262.0 -0.318110493949613 4.549 0.834889506050387 -1.1499337036302322 7.11 1.9849674072604646 0.8621 0.5897779012100774 0.1333 0.2806110493949613
0.9 9.44297 5262.889468405216 -0.318 4.5481105315947845 0.835 -1.15 7.11 1.9860784152457374 0.8621 0.5898889468405215 0.1333 0.28042210631895687
0.9 9.447905 5263.889429904646 -0.3171105700953538 4.548 0.835 -1.1505336579427878 7.110889429904646 1.9872673158855754 0.8621 0.5899889429904646 0.1333 0.2803110570095354
0.9 9.452783 5264.889185306793 -0.3161108146932073 4.548 0.8358891853067927 -1.1511335111840757 7.111 1.988467022368151 0.8621 0.5901778370613585 0.1333 0.2802110814693207
0.9 9.46238 5266.889401888772 -0.3151105981112277 4.547 0.8368894018887723 -1.1518 7.111 1.9908672822665268 0.8621 0.5903889401888772 0.13321105981112277 0.27991105981112274
0.9 9.47177 5268.8895797598625 -0.314 4.546 0.837 -1.1529337478559176 7.112 1.9932674957118355 0.8621 0.5906889579759863 0.1332 0.27962208404802746
0.9 9.480959 5270.0 -0.31211103810775276 4.545111038107753 0.838 -1.1537 7.112 1.9956667542706967 0.8621 0.5909777923784494 0.1332 0.2793222076215505
0.9 9.48996 5271.889534883721 -0.31111046511627904 4.545 0.838889534883721 -1.1548337209302326 7.113 1.9977674418604652 0.8621 0.5912779069767442 0.1331110465116279 0.2791220930232558
0.9 9.503119 5273.889119409866 -0.3091108805901338 4.543110880590134 0.84 -1.1560334716459195 7.113889119409866 2.001466943291839 0.8621 0.5916778238819732 0.1331 0.27872217611802674
0.9 9.511676 5275.889254643781 -0.308 4.543 0.8408892546437806 -1.1573335527862685 7.114 2.003867105572537 0.8621 0.5918889254643781 0.1331 0.27842214907124385
0.9 9.520068 5277.889474946056 -0.3061105250539438 4.542 0.841 -1.158 7.115 2.0063673699352673 0.8621 0.5921889474946056 0.133 0.2782110525053944
0.9 9.532358 5280.8892451899355 -0.30411075481006405 4.541 0.8428892451899359 -1.1598335471139616 7.115889245189936 2.0100670942279235 0.8621 0.5925889245189936 0.133 0.2778110754810064
0.9 9.540363 5281.889223813112 -0.3031107761868878 4.54 0.843 -1.1604335342878673 7.116 2.0124670685757344 0.8621 0.5928778447626224 0.13291107761868878 0.2775110776186888
0.9 9.5521 5284.0 -0.3011105371900829 4.539 0.844 -1.1623336776859503 7.117 2.015900516528925 0.8621 0.5933778925619835 0.1329 0.2771110537190083
0.9 9.559752 5285.8893561103805 -0.3001106438896192 4.538 0.845 -1.1629336136662285 7.117 2.018267227332457 0.8621 0.5936778712220762 0.1329 0.2769110643889619
0.9 9.570983 5288.889398435393 -0.298 4.537 0.846 -1.1643 7.118 2.022067278122471 0.8621 0.5940889398435392 0.1328 0.2764221203129215
0.9 9.581931 5291.0 -0.296 4.535110896017699 0.8478891039823013 -1.1661334623893806 7.119 2.0259558351769917 0.8621 0.5944889103982302 0.1327110896017699 0.2760221792035398
0.9 9.589079 5292.889201349832 -0.2941107986501687 4.535 0.848 -1.1669 7.12 2.0285559617547806 0.8621 0.5947778402699663 0.1327 0.2757221597300337
0.9 9.599586 5295.889369057908 -0.29211063094209166 4.533110630942092 0.8498893690579082 -1.1687225583405358 7.120889369057909 2.0324561797752807 0.8621 0.5951889369057908 0.13261106309420917 0.27531106309420916
0.9 9.609844 5298.8893805309735 -0.2901106194690265 4.532110619469027 0.8508893805309735 -1.1700225663716814 7.121889380530973 2.0362561946902655 0.8621 0.5956778761061947 0.1326 0.2749110619469026
0.9 9.619865 5301.0 -0.28811111111111104 4.531 0.852 -1.1719222222222223 7.122 2.0399777777777777 0.8621 0.5960777777777777 0.1326 0.27451111111111115
0.9 9.629661 5302.889129092032 -0.2861108709079677 4.53 0.853 -1.1732223903644226 7.123 2.043755867819642 0.8621 0.5965889129092032 0.1325 0.2741110870907968
0.9 9.63924 5305.888853804862 -0.28411114619513766 4.528111146195137 0.854 -1.1746 7.124 2.0477555099463207 0.8639665929902108 0.6027664351120912 0.12974455320492687 0.274955509946321
0.9 9.651694 5309.889502762431 -0.2811104972375689 4.527 0.856 -1.1758226519337018 7.125 2.0532453038674037 0.8642 0.6040779005524862 0.1293 0.27452209944751377
0.9 9.660804 5312.889183808892 -0.279 4.525110816191108 0.857 -1.1765 7.126 2.0572559389515597 0.8642 0.6045778367617785 0.1293 0.2741110816191108
0.9 9.669727 5315.888888888889 -0.276111111111111 4.524111111111111 0.858888888888889 -1.1772 7.127 2.0614444444444446 0.8642 0.6049888888888889 0.1292 0.2736222222222222
0.9 9.681347 5318.889352818372 -0.274 4.522110647181629 0.86 -1.1784225469728602 7.128 2.06674509394572 0.8642 0.6056778705636744 0.1292 0.2731110647181628
0.9 9.689862 5321.0 -0.271110756123536 4.5211107561235355 0.8618892438764639 -1.1791 7.129 2.07084494142705 0.8642 0.6061889243876464 0.1291 0.2727110756123536
0.9 9.700961 5324.888605751729 -0.2681113942482709 4.519111394248271 0.863 -1.1804220240262104 7.130888605751729 2.0764440480524207 0.8642 0.6068777211503458 0.129 0.2721111394248271
0.9 9.709105 5327.889424860853 -0.26611057513914693 4.518110575139147 0.8648894248608531 -1.1811 7.131889424860852 2.0807451948051945 0.8642 0.6073778849721707 0.129 0.2716110575139147
0.9 9.719729 5331.889353612167 -0.263110646387833 4.516110646387833 0.866889353612167 -1.1823336121673 7.133 2.086545095057034 0.8642 0.6079778707224334 0.1289 0.2710110646387833
0.9 9.7301 5335.88936501753 -0.26011063498247 4.51411063498247 0.868 -1.1831 7.134 2.092245111024542 0.8642 0.6086778730035061 0.1288 0.270422126996494
0.9 9.740228 5338.888800318852 -0.2571111996811475 4.513 0.87 -1.1844 7.135 2.098044320446393 0.8642 0.6094777600637705 0.1288 0.2698222399362295
0.9 9.750127 5342.889070146819 -0.2541109298531807 4.511 0.872 -1.1857223491027735 7.136889070146819 2.1040336052202293 0.8642 0.6100889070146819 0.1287 0.26921109298531803
0.9 9.759805 5346.889491242702 -0.25111050875729796 4.509 0.8738894912427021 -1.1870226438698914 7.138 2.110134236864053 0.8642 0.6108778982485404 0.1286 0.26852210175145963
0.9 9.769271 5350.889125799573 -0.248 4.507 0.8758891257995732 -1.1878 7.139889125799573 2.116322601279317 0.8642 0.6115778251599147 0.1285 0.2679221748400854
0.9 9.780821 5355.889180902322 -0.2441108190976788 4.504110819097678 0.878 -1.1897224266316249 7.141 2.124022689443714 0.8642 0.6125778361804642 0.1284 0.2672110819097679
0.9 9.789845 5359.888739946381 -0.24011126005361935 4.502111260053619 0.88 -1.1904 7.142888739946381 2.130321983914209 0.8659774798927612 0.6188768096514742 0.1259115281501342 0.2676776139410187
0.9 9.800868 5364.88904172398 -0.2361109582760202 4.5 0.8828890417239799 -1.1911 7.144 2.1384113709307653 0.8662 0.620477808344796 0.1255 0.2670221916552041
0.9 9.809489 5367.917479108635 -0.233082520891365 4.498055013927577 0.8849449860724233 -1.1917807451253482 7.145944986072423 2.144921204735376 0.8662 0.6213752437325905 0.12540275069637885 0.266416504178273
0.9 9.82003 5373.868438538206 -0.22908770764119646 4.495065780730897 0.8879342192691027 -1.1924846511627905 7.147956146179402 2.1532180066445172 0.8662 0.6223780730897008 0.1253021926910299 0.2656175415282393
0.9 9.830321 5378.890141940502 -0.22410985805949818 4.4930439432238 0.8899560567762007 -1.1930868170328603 7.1489780283881 2.161713241298853 0.8662 0.6233780283881003 0.12520219716118997 0.26471977445070966
0.9 9.840374 5383.890027866242 -0.22008797770700628 4.490065983280255 0.8929340167197453 -1.1944692078025476 7.150956011146497 2.1704086484872613 0.8662 0.6244758061305733 0.12510219944267514 0.26391759554140126
0.9 9.850199 5388.890020366599 -0.21608798370672097 4.487065987780041 0.8959340122199593 -1.1951846028513238 7.1529560081466395 2.1791086354378817 0.8662 0.6255758044806518 0.12500219959266803 0.26301979633401223
0.9 9.859808 5393.890149937526 -0.21110985006247407 4.4850439400249895 0.8989340899625156 -1.1958846209912537 7.15495605997501 2.1881022698875467 0.8662 0.6267736359850062 0.12490219700124948 0.26211977301124534
0.9 9.869208 5398.890367216604 -0.20708770622671646 4.482065779670037 0.9019342203299626 -1.1964868440659924 7.156956146886642 2.197396083022884 0.8662 0.627875880787653 0.1248021926556679 0.2612197339010112
0.9 9.880226 5405.872241895942 -0.2011095069463355 4.4780730046308905 0.9049452465268323 -1.1978744483791883 7.159945246526832 2.2086937619177345 0.8662 0.629372623263416 0.12460365023154452 0.2601200762734948
0.9 9.889199 5410.890177277289 -0.19708785817816926 4.4750658936336265 0.9079341063663731 -1.1985846248188206 7.161956070910915 2.2183869439179396 0.8662 0.6304758390010035 0.12450219645445423 0.25921976809008807
0.9 9.899727 5417.872279768127 -0.19110947448446272 4.472054737242232 0.9119270170103583 -1.1992872279768128 7.163963508505179 2.2303810510310744 0.8680653330799202 0.6389430865722702 0.1216529126674903 0.25949452627577685
0.9 9.910006 5423.890218978101 -0.18510978102189862 4.468073187347932 0.9159268126520677 -1.1999871922141119 7.166945109489051 2.242674948905108 0.8681 0.6405725547445252 0.12140365936739661 0.2583219562043797
0.9 9.920047 5430.871674803228 -0.17910999302580397 4.464073328683869 0.9199266713161307 -1.2 7.168963335658065 2.255367181428715 0.8681 0.6422688353093555 0.12130183321709674 0.257220165388064
0.9 9.929862 5437.871572724493 -0.17311008052186336 4.4600733870145755 0.9239266129854244 -1.2006871572724493 7.171944959739068 2.268459657527265 0.8681 0.6439688105188054 0.12110366935072878 0.2560220161043727
0.9 9.939459 5444.871573021994 -0.1671100802668622 4.456073386844575 0.9289082664442816 -1.2012889919733138 7.173963306577713 2.2821486500573314 0.8681 0.6457669759199414 0.12100183467111436 0.25482201605337246
0.9 9.950395 5453.027193720213 -0.15897280627978672 4.451358003924867 0.93377039529016 -1.202 7.17738519764508 2.2985084664984585 0.8681 0.6478953181945613 0.12087432015699466 0.25330740117746003
0.9 9.959554 5459.874404261285 -0.15212559573871498 4.447078497336697 0.9389058031959637 -1.202 7.179952901597981 2.3132299691617626 0.8681 0.6498638912251194 0.12070313989346787 0.25202354920100906
0.9 9.970001 5468.8586613042235 -0.14412563439624615 4.441094225797184 0.9449057742028153 -1.2026890069903287 7.183937182801877 2.330922033898305 0.8697733026907977 0.6589555204443169 0.11794397203868616 0.2517047112898592
0.9 9.980203 5476.8752574286555 -0.13612474257134455 4.43607796410709 0.9509064430714915 -1.2033890850250073 7.186953221535746 2.349608414239482 0.8698 0.6615610179464548 0.11770311856428362 0.25022338923212706
0.9 9.99017 5485.859092733843 -0.12812525090325066 4.430093938177437 0.956906061822562 -1.2034 7.189953030911282 2.369193135287036 0.8698 0.6642577278201529 0.11760156563629064 0.24852661581694077
0.9 9.999914 5494.860457952563 -0.11913954204743712 4.424093028031625 0.9638914672964377 -1.2034 7.19393798131225 2.3893868056268635 0.8698 0.6671550364513814 0.1174031009343875 0.24692480747509993
