M_Ms log_t_yr Teff L_Ls g R_Rs Log_Li_Li0 logTc logROc Mrad Rrad k2conv k2rad
1.2 5.703957 4537.0 0.6262069670579327 3.4711033699356304 3.3325175312381674 0.0 6.448241347974252 -0.5552552820901174 0.0 0.0 0.4483310336993563 0.0
1.2 5.738317 4538.0 0.6019363691194206 3.4960636308805793 3.2383709288299145 0.0 6.460438178528348 -0.5188109167671889 0.0 0.0 0.4486 0.0
1.2 5.769327 4538.0 0.579633118344083 3.518366881655917 3.157215914204291 0.0 6.470946752662367 -0.4861126968651571 0.0 0.0 0.44877366881655917 0.0
1.2 5.797516 4537.0 0.5595487386177045 3.5384512613822956 3.0849559635766544 0.0 6.480380504552918 -0.4564682340647862 0.0 0.0 0.4489690252276459 0.0
1.2 5.823296 4537.0 0.5413595130279862 3.5566404869720136 3.0202863929923542 0.0 6.4893202434860076 -0.4294769133694605 0.0 0.0 0.4491264048697201 0.0
1.2 5.846997 4536.0 0.5237936085219708 3.573206391478029 2.9628189081225034 0.0 6.497603195739015 -0.4047589880159788 0.0 0.0 0.4492520639147803 0.0
1.2 5.868886 4535.36362296411 0.5086362296410939 3.5887273933230155 2.9106359348515003 0.0 6.505181885179453 -0.3820270837939424 0.0 0.0 0.44936363770358906 0.0
1.2 5.889182 4535.0 0.4937085995446866 3.6026622604097818 2.8634966585885286 0.0 6.512145700227657 -0.36092912535800814 0.0 0.0 0.4494629140045531 0.0
1.2 5.908067 4534.0 0.4803794642857144 3.6161339285714287 2.820084821428572 0.0 6.518566964285714 -0.3414611607142859 0.0 0.0 0.4495513392857143 0.0
1.2 5.925695 4533.0 0.4679835132769186 3.628714838050773 2.7806488911584477 0.0 6.524508243361541 -0.32324675372045525 0.0 0.0 0.4496301648672308 0.0
1.2 5.942195 4532.991267646631 0.45595633823315423 3.640043661766846 2.7438690146994626 0.0 6.530026197060108 -0.30633800029107894 0.0 0.0 0.4497008732353369 0.0
1.2 5.95768 4532.0 0.4446994261640156 3.650670516452386 2.7100982784920467 0.0 6.535520229534394 -0.29041619089126197 0.0 0.0 0.44986300573835986 0.0
1.2 5.972245 4530.8131836291195 0.434318652662079 3.660868163708801 2.6793955088735966 -7.472654835204513e-05 6.54074726548352 -0.27556588917059044 0.0 0.0 0.44991868163708804 0.0
1.2 5.985973 4530.0 0.425190365977144 3.6704477072182846 2.649933024736003 -0.0004 6.5450857804137135 -0.2615665123680016 0.0 0.0 0.45 0.0
1.2 5.998937 4529.382142599147 0.41582142599147603 3.6791785740085237 2.6230821353752805 -0.0004 6.549471429603409 -0.2483882106479812 0.0 0.0 0.45006178574008526 0.0
1.2 6.011202 4528.996973845378 0.4069697384537793 3.6880272353915986 2.5969152676705822 -0.0004 6.554012104618488 -0.23585763383529107 6.052309244132217e-07 0.00024675264788327045 0.4501003026154622 6.860292528223868e-07
1.2 6.022824 4528.159593630665 0.3985959363066502 3.695563657324015 2.5734686216586202 -0.0004 6.5573616254773395 -0.2241343108293102 0.000168081273866997 0.06852673535557467 0.4501840406369335 0.0001905201239282411
1.2 6.033854 4526.866120807297 0.3906612080729731 3.703338791927027 2.551251382604325 -0.0009 6.561535516770811 -0.2129123033828921 0.0015811463046756444 0.15166882137470192 0.45021338791927024 0.0013582587086116002
1.2 6.044336 4526.113265819148 0.3831326581914813 3.7108673418085187 2.5301714429361475 -0.0009 6.564546936723408 -0.20229704804998858 0.003162141779788935 0.19141956474897892 0.45028867341808515 0.0024506512964160695
1.2 6.05431 4525.795327504658 0.37597663752329097 3.7170233624767093 2.510134585065215 -0.0009818689981367212 6.567614017486026 -0.1921468252830732 0.005773082986957049 0.23391559409488205 0.4503 0.004073815250107441
1.2 6.063814 4524.7169541258145 0.36916954125814105 3.723830458741859 2.491357761396981 -0.0013 6.5711321834967436 -0.18245244399914173 0.009556752308022411 0.27375976526157414 0.45032830458741857 0.006170702282974198
1.2 6.072875 4524.068489229227 0.36268489229227835 3.7303151077077215 2.4738492091891517 -0.0013 6.573726043083089 -0.17317939597795803 0.013123309239246907 0.3043673083804462 0.4503931510770772 0.008083025263007115
1.2 6.081531 4523.949846614825 0.35649846614824876 3.735501533851751 2.4566458586002717 -0.0013200613540700486 6.576250766925876 -0.16427779125347824 0.01746611971177839 0.33393592066775973 0.45039498466148253 0.010306539915816428
1.2 6.089803 4523.359706071199 0.35059706071199287 3.7414029392880073 2.440712063922381 -0.0015561175715202839 6.579201469644004 -0.1557797674252698 0.02177414568024518 0.35671534565170737 0.45033597060711994 0.012383834629378499
1.2 6.097715 4522.591284534321 0.34495642267160376 3.7470435773283963 2.42568669894617 -0.0017 6.581817430931359 -0.1476163771005415 0.0244 0.3697825690686415 0.45034087154656793 0.01365
1.2 6.105296 4521.756168669558 0.3395616866955843 3.7521944819739743 2.4116603854085192 -0.0018219156652207872 6.5839753253217665 -0.13974006257555302 0.026253118111355965 0.37635383630804203 0.4503756168669559 0.014508286283154342
1.2 6.112558 4521.239778141222 0.3343977814122164 3.756841996729005 2.3982342316717626 -0.0020801109293891815 6.5860408874351135 -0.1322007608618359 0.030177686126715557 0.3927750551091519 0.45032397781412214 0.01632598094289984
1.2 6.119523 4521.0 0.3294503264263412 3.7615496735736587 2.385370848708487 -0.0024039738858927053 6.588019869429464 -0.12497747658245813 0.034039738858927054 0.4077940533636106 0.4503 0.018087882486517177
1.2 6.126209 4520.541548496881 0.32470774248440165 3.766292257515598 2.3725816789563248 -0.0026 6.589916903006239 -0.11800745887691447 0.036 0.41384556154282476 0.4503 0.01897
1.2 6.132634 4519.815634948709 0.32015634948708865 3.7706592854616203 2.360390873717722 -0.0026921825256455674 6.591921825256456 -0.1112713972408912 0.03747492041032908 0.4172091262822784 0.45028156349487086 0.019615277679518973
1.2 6.138808 4519.3788468341 0.3157884683409975 3.7745903784931025 2.349471170852494 -0.002910576582950126 6.594105765829501 -0.10480693314467628 0.040969225327202013 0.4281288291475063 0.45023788468341 0.02114403608065088
1.2 6.144749 4518.917243327213 0.3115862166360682 3.778413783363932 2.338924163253777 -0.003133102669114541 6.596165513345573 -0.09858760062138099 0.04467032904956946 0.43957788447959384 0.45019172433272137 0.022752200254201466
1.2 6.150465 4518.110012710069 0.30755006355034636 3.7824499364496535 2.3284301652309005 -0.0034559949159722924 6.597779974579861 -0.0926140940545126 0.05120889704843892 0.4588706962293445 0.45011100127100695 0.025504856658663793
1.2 6.15597 4517.666878127863 0.30366878127863545 3.7863312187213647 2.318338831324452 -0.0036332487488545816 6.599332487488546 -0.08680317191795318 0.0550314724748008 0.4684622471276519 0.4500333756255727 0.027105888489462153
1.2 6.161278 4517.292732783534 0.299927327835342 3.790072672164658 2.3086110523718895 -0.0037829068865863195 6.600829068865863 -0.08119099175301302 0.05832395150489903 0.4762818848241352 0.44995854655670686 0.02848274335659414
1.2 6.166395 4517.0 0.29632217690901436 3.793677823090986 2.2993732245816347 -0.0039677823090985605 6.602271129236395 -0.07576970890170187 0.0609 0.4820339755308678 0.4499 0.02955864435381803
1.2 6.171331 4517.0 0.29285149767965096 3.7971485023203493 2.2910435944311627 -0.004314850232034903 6.60365940092814 -0.07049427647306948 0.0609 0.48015980874701153 0.4499 0.0295517029953593
1.2 6.176097 4516.500632111251 0.2895031605562577 3.799997471554994 2.28250821744627 -0.0044 6.604998735777497 -0.06540480404551173 0.06529443742098641 0.49013678887484274 0.4498001264222503 0.03135271807838193
1.2 6.180699 4515.925280737115 0.28632752663403427 3.8027471926288507 2.2742067376907578 -0.004459775410308061 6.6062988770515405 -0.06049415490930088 0.07036500143967718 0.5018104520587383 0.449685056147423 0.03342450619061317
1.2 6.185145 4515.6052404261445 0.2834471638353007 3.8059475957385547 2.266525770227468 -0.004715807659084382 6.607579038295422 -0.055757558306938924 0.07321336020731375 0.5069951050964587 0.4496210480852289 0.03455744889144839
1.2 6.189445 4515.295709761013 0.28066138784912165 3.809042902389865 2.259097034264324 -0.004963432191189188 6.6088171609559465 -0.051176504463000025 0.07596818312697971 0.5120095018715811 0.4495591419522027 0.03565318744601216
1.2 6.193603 4515.0 0.2779588748149361 3.812032900148051 2.251909524592859 -0.005204112518506396 6.610016450074026 -0.04674571475571557 0.0786 0.516779437407468 0.4495 0.03669991774962988
1.2 6.197628 4515.0 0.27464829741733854 3.814681362066129 2.2446262543181446 -0.005535170258266151 6.611340681033065 -0.04237575259088681 0.0786 0.5151241487086693 0.4495 0.03669329659483468
1.2 6.20152 4514.821903594 0.2717533251580038 3.817246674841996 2.2377942646920097 -0.005771238562399782 6.612356192811999 -0.03816970097160622 0.08016724837279521 0.5170961135741914 0.4494465710782002 0.037311556456938094
1.2 6.205294 4514.4658994434485 0.2692612961041409 3.819738703895859 2.2313861899820764 -0.005913640222620521 6.613068201113102 -0.034111253655315144 0.08330008489765148 0.5226853787378555 0.4493397698330346 0.03855401094236405
1.2 6.208946 4514.121403641166 0.2668498254881613 3.8221501745118385 2.225185265540986 -0.006051438543533642 6.613757192717668 -0.030184001509291215 0.08633164795774012 0.5280939628336955 0.44923642109234974 0.03975630129233102
1.2 6.212489 4513.7555266579975 0.2642886866059818 3.8244668400520156 2.2190884265279585 -0.0062222366710013 6.614733420026008 -0.026330819245773754 0.08957581274382313 0.5336426527958388 0.4491266579973992 0.041018543563068915
1.2 6.215923 4513.383398352839 0.2616837884698741 3.826699609882965 2.2131343736454263 -0.006408300823580422 6.615849804941482 -0.022572323363675473 0.09288775465973151 0.5391873645426967 0.44901501950585176 0.0422949436497617
1.2 6.219254 4513.022431729519 0.2591570221066317 3.828865409622887 2.207358907672301 -0.0065887841352405925 6.616932704811443 -0.018926560468140025 0.09610035760728255 0.5445657672301697 0.4489067295188557 0.04353305916775047
1.2 6.222488 4513.0 0.2569288402326375 3.8310711597673626 2.2018221005815937 -0.006703557988368126 6.617776684912761 -0.015412033869311998 0.09857827574409878 0.548136187136504 0.4488223315087239 0.04448765395141987
1.2 6.225625 4513.0 0.2547824153267191 3.833217584673281 2.1964560383167977 -0.006810879233664045 6.618581594252481 -0.012004584331166567 0.100939343140609 0.5514899760520015 0.44874184057475197 0.045397201505302784
1.2 6.228672 4513.0 0.2526975709887099 3.8353024290112905 2.1912439274717745 -0.006915121450564506 6.619363410879234 -0.00869489394457695 0.10323267191241912 0.5547475453301408 0.4486636589120766 0.04628065429353419
1.2 6.23163 4512.9588082901555 0.2506704663212435 3.8373295336787567 2.186217357512953 -0.007037072538860108 6.620123575129534 -0.0054768652849740435 0.10546660621761661 0.5578737046632125 0.44858764248704663 0.047137992227979285
1.2 6.234507 4512.710362694301 0.2486829015544043 3.839317098445596 2.1814968911917103 -0.007260673575129515 6.620868911917099 -0.0023216062176168537 0.1076777720207252 0.5607308290155438 0.44851310880829015 0.04797028497409319
1.2 6.237302 4512.468998272884 0.2467519861830746 3.8412480138169256 2.176910967184802 -0.00747790155440411 6.621593005181348 0.0007437219343691013 0.10982591537132953 0.5635065198618303 0.44844069948186527 0.048778855785837516
1.2 6.24002 4512.234283246978 0.2448742659758203 3.84312573402418 2.1724513816925732 -0.007689145077720217 6.622297150259068 0.003724602763385279 0.11191487910189993 0.5662057426597583 0.44837028497409326 0.04956515112262525
1.2 6.250178 4511.0 0.2378585858585857 3.8491616161616165 2.1556363636363636 -0.008318181818181836 6.6250606060606065 0.014946464646464893 0.11417777777777796 0.5658161616161618 0.4482919191919192 0.050396868686868754
1.2 6.259319 4511.0 0.23208775252525263 3.8557568542568545 2.140797077922078 -0.009060146103896091 6.62753382034632 0.025004202741702584 0.12143253968253957 0.5746372925685425 0.4479621572871573 0.053125648448773405
1.2 6.269532 4510.221029452244 0.22476823561794665 3.8624527938342967 2.12397853014038 -0.009901073492981003 6.63033691164327 0.0363255436278557 0.12973283787503437 0.5840897054775668 0.44758841178089737 0.056195023396641876
1.2 6.280296 4509.0 0.21735925334398068 3.869549211419445 2.106535436214813 -0.010673228189259351 6.6332746057097225 0.04832519464963093 0.14130551008185288 0.5979238171291676 0.4469633859053703 0.060474743461768884
1.2 6.289723 4508.9686749303355 0.21078072451234728 3.8752192754876527 2.0914987988853655 -0.011428192562698208 6.636093975208994 0.0588665033150767 0.1495787931200156 0.6063568655712503 0.4465843374651677 0.06349992697223031
1.2 6.299337 4508.044873642741 0.20431411549918294 3.881685884500817 2.0767179782838467 -0.012259613721533622 6.638865379071779 0.06967497837993708 0.15780062457961025 0.6139320361295285 0.4461224368213702 0.06644685307965806
1.2 6.309952 4507.9880395215805 0.19692823712948512 3.8890717628705147 2.059820592823713 -0.012810764430577232 6.641035881435258 0.0817315652626106 0.16710644825793042 0.6221897035881436 0.4455928237129485 0.06979767550702032
1.2 6.319012 4507.045761830474 0.19127457098283945 3.8947254290171607 2.0456864274570985 -0.013658814352574083 6.643862714508581 0.09209661986479435 0.17549271970878816 0.6292567862714508 0.44502745709828395 0.07276585023400929
1.2 6.329247 4507.0 0.18411872741870772 3.9018812725812926 2.0302544158972307 -0.014977950622239994 6.645966077880369 0.10370834002408612 0.1845507426736246 0.6363829686872737 0.4445084805299077 0.075977081493376
1.2 6.339183 4506.066520118513 0.1774656408295897 3.9085343591704103 2.015064321896205 -0.015840131893338466 6.648800439644462 0.11519510656599491 0.19300797094523592 0.6421942272770718 0.4439399120711077 0.07891445283379539
1.2 6.349149 4506.0 0.1711923358045319 3.914807664195468 2.0004487835439075 -0.01677114962932022 6.651903832097735 0.12664738435835826 0.2021179074866866 0.6486980474052416 0.4433192335804532 0.0821109470606661
1.2 6.359221 4505.001533742331 0.16401073619631926 3.920990797546012 1.9850230061349698 -0.01769861963190181 6.653996932515337 0.13828266871165606 0.21128634969325122 0.6545912576687114 0.4426010736196319 0.08525532208588947
1.2 6.368995 4505.0 0.15759318695747307 3.927406813042527 1.9707626376832736 -0.018981362608505387 6.656135604347509 0.14961870304179758 0.21756443941935966 0.6570203515938435 0.4421016923189146 0.08739560434750898
1.2 6.380304 4505.0 0.15103288409703533 3.9349588948787058 1.9550822102425884 -0.02049177897574117 6.6589835579514824 0.16282847708894815 0.22882765498652227 0.6642482075471694 0.44120575471698115 0.09127500808625316
1.2 6.391022 4504.277981029811 0.14377981029810283 3.9414981707317076 1.939837601626016 -0.021438624661246634 6.661888075880759 0.1753909281842821 0.23532596883468848 0.6658162398373983 0.4406945867208672 0.09342995596205966
1.2 6.399075 4504.0 0.13830963084048525 3.9466903691595148 1.9280811878490676 -0.022284266448712654 6.664076147663806 0.18488124233755565 0.24253504972074594 0.6695208282250371 0.44006954093447764 0.09586422149570885
1.2 6.411288 4504.0 0.13106815527310198 3.953931844726898 1.9109292339402266 -0.023886368945379606 6.667310614908966 0.199291212641704 0.2564111370663003 0.6780345997938853 0.4389068155273102 0.10050026107866714
1.2 6.419516 4504.0 0.12598041909996585 3.9590195809000344 1.8996231535554797 -0.02490391618000683 6.669006526966678 0.2090709721745101 0.26138581243558895 0.6787694950188938 0.4383980419099966 0.10213964273445544
1.2 6.431994 4504.0 0.11773874999999956 3.9672612500000004 1.8824484722222212 -0.026952250000000087 6.672116111111111 0.2240021805555564 0.27371379166666754 0.6845844722222227 0.4372506527777777 0.10627126388888918
1.2 6.440402 4504.0 0.11248375000000008 3.97251625 1.8713545833333336 -0.028003249999999986 6.674451666666666 0.23410345833333318 0.28404862499999983 0.6903065833333333 0.4362580416666667 0.10971620833333329
1.2 6.453155 4504.002242152466 0.10498878923766845 3.9810089686098653 1.8539798206278033 -0.029702017937219678 6.678004484304933 0.24951928251121025 0.2909197309417035 0.6900103139013449 0.43549798206278034 0.11180672645739892
1.2 6.461752 4505.0 0.09906360946745595 3.985936390532544 1.843023175542407 -0.030839299802761257 6.680312130177515 0.2599103550295852 0.30154156804733667 0.695515581854043 0.43441272189349117 0.11540345167652839
1.2 6.470425 4505.0 0.09356508875739684 3.991434911242603 1.8314151873767268 -0.032244477317554136 6.682144970414201 0.2705408284023661 0.3123553254437862 0.7008919132149898 0.4333130177514794 0.1189469428007887
1.2 6.479174 4505.0 0.08833541076487247 3.996664589235128 1.820004674220963 -0.03356614730878188 6.684332294617564 0.2812288668555242 0.32326209631728053 0.7061978186968839 0.4321338526912181 0.12246521246458926
1.2 6.492443 4505.0 0.08078277900434466 4.004994373620112 1.8030112527597755 -0.03568745103625091 6.688108610497828 0.29754474040310464 0.3331166583576666 0.7074445694751086 0.43094513211309743 0.12557602734847936
1.2 6.501384 4505.8324262389 0.07483786880549996 4.0103297049556 1.7915081638499 -0.037032426238900004 6.6898324262389 0.3086421082784301 0.3454220853623601 0.71339346892008 0.42953460326554 0.12952970495560004
1.2 6.510406 4506.064777327935 0.06948178137651825 4.015582995951417 1.7798987854251012 -0.03875546558704453 6.692259109311741 0.3199206477732793 0.3486724696356275 0.7108987854251012 0.4290639676113361 0.13046923076923075
1.2 6.519509 4506.7228889531525 0.06421688837478311 4.021506000578369 1.7687108877964142 -0.04033493348756507 6.6948915558126085 0.3313059788895315 0.36058429005205317 0.7159662449392712 0.42768193319838055 0.13422046703296703
1.2 6.533317 4507.226594499707 0.05618724400234034 4.029812755997659 1.7513744880046807 -0.042443826799297896 6.69790637799883 0.348720084844939 0.37092497074312525 0.7165964745465188 0.42624287595084837 0.13739945874780593
1.2 6.542625 4507.907401989468 0.050740784084259895 4.035259215915739 1.74048156816852 -0.04407776477472203 6.70062960795787 0.360498054417788 0.38692394675248654 0.7246980836746634 0.4242685342305442 0.14250551492100635
1.2 6.552014 4508.0983266696285 0.04531171331260183 4.040786613357026 1.7294267732859472 -0.04603598400710794 6.7023933066785135 0.3725010513845698 0.3902602547016141 0.7218474900044425 0.42373284466163186 0.1434441433436991
1.2 6.561484 4508.799496520065 0.04040352435954394 4.046395972160521 1.7182080556789576 -0.047718791648156365 6.705197986080261 0.38463128979712713 0.3985340589367688 0.7228992447800977 0.42254085591588925 0.14589823782022804
1.2 6.571034 4510.0096679907065 0.03492265607434594 4.052077343925654 1.706845312148692 -0.04962416997676689 6.70802900397212 0.3969682230382976 0.4128140822903398 0.7288125683879187 0.4206825976167278 0.15043287116840298
1.2 6.580662 4510.731244847486 0.02915004122011509 4.057849958779885 1.6953000824402302 -0.05142811211871404 6.710193734542457 0.4095236603462497 0.42132868920033023 0.7297506183017313 0.41938375927452587 0.15288623248145108
1.2 6.590365 4511.922485296335 0.024232544110993758 4.063689941185341 1.684542602925652 -0.05339147941486958 6.712844970592671 0.42213337354848457 0.43529307796712435 0.7349891720705778 0.4173317749962298 0.15730544412607456
1.2 6.600142 4512.702753964039 0.01908072225172587 4.0696220317123135 1.6734586905394127 -0.055256884910097906 6.715108261892118 0.4350279189742814 0.4444924967756621 0.7361730293604432 0.4158647674683256 0.15998936347773315
1.2 6.609986 4513.904732824428 0.013381068702290144 4.07561893129771 1.6626668702290077 -0.05690473282442746 6.7178094656488545 0.44807117557251896 0.4552378625954197 0.7383999389312977 0.4142143206106871 0.1631713587786259
1.2 6.619897 4515.426355398557 0.00800775610505298 4.080992243894947 1.6513023345108278 -0.058782944248195364 6.720139533097835 0.46123797419751195 0.46733952541852253 0.7415240285670405 0.41231705575180466 0.16682325295653508
1.2 6.629869 4516.9641366517235 0.003107590044828983 4.086856546606894 1.6402510434379343 -0.06094620497758551 6.722928273303447 0.4745879888699959 0.4719 0.7386506260627607 0.41140717266965526 0.16791075900448288
1.2 6.6399 4518.5239502332815 -0.0023338258164853406 4.092333825816485 1.6293323483670292 -0.0629049377916019 6.725285925349922 0.4881583670295493 0.48889204510108897 0.7452053810264387 0.4086568895800933 0.17315762830482126
1.2 6.649986 4520.150319073505 -0.00730063814701021 4.098350744504845 1.6192985109903095 -0.06512526589458759 6.728150319073505 0.5018668399905462 0.49476119120775236 0.743210021271567 0.40749978728432995 0.1746553297092886
1.2 6.66012 4522.5454975183175 -0.01209099503663449 4.103939494209407 1.6081210115811864 -0.06712124793193104 6.730545497518317 0.5156790356889628 0.503703190735051 0.7433696998345545 0.4059030016544552 0.1771303474355945
1.2 6.670305 4524.313409108974 -0.016940227326921665 4.109596931881409 1.5974628407916698 -0.06920743184166606 6.733626818217948 0.5297266592480728 0.5200445115650588 0.7489163182576903 0.4030388522375009 0.18199992051506253
1.2 6.680532 4526.891467904595 -0.021837201856891586 4.114837201856892 1.5873255962862167 -0.0710457339522972 6.736891467904594 0.5439278853849856 0.5277 0.7479224907955815 0.4015108532095406 0.18401627981431085
1.2 6.690803 4529.401353965183 -0.0260022566086394 4.120603159252095 1.5773945841392654 -0.07318117343649248 6.739401353965184 0.5583278529980651 0.5455500644745318 0.7542637008381686 0.3982981947130885 0.1893630238555768
1.2 6.701112 4531.546762589928 -0.03082014388489214 4.126820143884893 1.5673597122302156 -0.07505539568345326 6.742410071942446 0.5728647482014391 0.5528431654676261 0.7527705035971224 0.3967532374100719 0.19114748201438855
1.2 6.71146 4534.9306736429035 -0.03589601046435563 4.131896010464355 1.5572079790712887 -0.07725493786788744 6.744948005232178 0.5875001635055587 0.5704395029430995 0.7587769457161542 0.3933693263570962 0.1963925441465008
1.2 6.721848 4538.35924733845 -0.04019905917306246 4.137878682842287 1.54692225798465 -0.07906360485268624 6.747519435503838 0.6024127259222574 0.5789461747957412 0.7579762069819262 0.3914524139638525 0.19851554840306998
1.2 6.732271 4541.826731429528 -0.04403341428691048 4.143240097144293 1.5367264885687968 -0.0808340340005024 6.7508267314295285 0.6174962817184485 0.5930695502889202 0.7611306925718113 0.3886006197135919 0.20246472657231374
1.2 6.742732 4545.334235453315 -0.048334235453315444 4.148501353179973 1.5271644113667113 -0.08267547361299062 6.754250676589987 0.6327539242219221 0.6048196887686067 0.7625336941813261 0.3860493234100134 0.205692456021651
1.2 6.753231 4548.88599458728 -0.051885994587280396 4.15382899188092 1.5182850135317991 -0.0845401471583222 6.75691449594046 0.6482040764546698 0.6167180818673893 0.7639543978349121 0.3833855040595397 0.20880024526387034
1.2 6.76377 4552.859975961538 -0.05585997596153841 4.159231971153846 1.5082800480769232 -0.08625799278846152 6.760115985576923 0.6638727163461536 0.6288219350961537 0.7653951923076923 0.3805468149038462 0.2120019831730769
1.2 6.76906 4555.13075206044 -0.0581307520604393 4.161956902472528 1.5037384958791213 -0.08693922561813179 6.761478451236263 0.6717750171703287 0.6349530305631861 0.7661218406593405 0.3791389337225276 0.21359152644230753
1.2 6.779694 4559.7336282418255 -0.06124017694509505 4.1674803538901894 1.4945327435163498 -0.08884279642640303 6.76498690259346 0.6877930262815513 0.6473061236880912 0.767594761037384 0.37621047792523193 0.21681353976927756
1.2 6.790398 4565.093251533742 -0.06472883435582809 4.173093251533742 1.4851779141104298 -0.09049153374233124 6.768046625766871 0.7040704294478521 0.6598415950920241 0.769159754601227 0.3731487116564418 0.22001950920245386
1.2 6.801174 4569.796223726398 -0.06839811186319902 4.178663519771998 1.4766729604560032 -0.09179194869967928 6.771398111863199 0.7206090488065544 0.6717023868899178 0.7701886177413609 0.3701213216957607 0.22294597434983965
1.2 6.812024 4575.700882405907 -0.07130037817396002 4.183500630289934 1.4670988654781199 -0.09386020169277869 6.774400504231947 0.7374522060147668 0.6789416891770215 0.767680226904376 0.3679595714028453 0.22424042859715468
1.2 6.82295 4582.5091968676015 -0.07416973228920044 4.188509196867601 1.4583210708431982 -0.09543578583136036 6.7783394645784005 0.754676670916044 0.692137206337643 0.7694612456747404 0.3645944818794392 0.22758005827718075
1.2 6.833946 4588.609816741873 -0.07626135003223129 4.194435583387052 1.4502159499033063 -0.09699582834515148 6.782261350032232 0.7721158301869415 0.7055760751450408 0.7713742333548209 0.3609776682935814 0.2308787733677134
1.2 6.839472 4592.172023206556 -0.07778800994566708 4.196980016576112 1.4456359701629988 -0.09755560364674459 6.783788009945667 0.7809704576848691 0.7124460447555019 0.7723920066304447 0.35909478773367726 0.23250721060871157
1.2 6.850583 4600.005247376312 -0.08025131184407798 4.201628279610195 1.4369947526236881 -0.09923822151424289 6.787502623688156 0.7988989786356823 0.7262837893553225 0.7744638774362819 0.35522250749625184 0.23580209895052476
1.2 6.861762 4608.402124430956 -0.08217526555386949 4.206701062215478 1.4287731411229136 -0.10039279210925643 6.791525796661609 0.817249620637329 0.740348558421851 0.7766855842185129 0.351216464339909 0.23916084977238233
1.2 6.873014 4617.208313333974 -0.0832453681482193 4.211226840741096 1.421282422962465 -0.10156990496304122 6.794981472592877 0.8358939425938376 0.7542953441489876 0.7787699049630412 0.34711667466641055 0.24241342037054822
1.2 6.884334 4627.025658470211 -0.0843361842744679 4.216344737097872 1.4133105258042566 -0.1027698027019147 6.799344737097871 0.8549496063757415 0.7671333560112744 0.7800034211293615 0.34315611818446873 0.24517407911361655
1.2 6.89002 4631.999319661774 -0.08488881329575275 4.218555253183011 1.408889493633978 -0.10337769462532802 6.801555253183011 0.8645653513460978 0.7735991155603071 0.7806665759549033 0.34111139080571484 0.24661091456895715
1.2 6.901441 4642.114621748231 -0.086 4.223045848699292 1.4019197647762383 -0.1046126083923054 6.805045848699292 0.8841994418419218 0.7868352536629124 0.7821160470447523 0.33685644373567225 0.24932865543705773
1.2 6.912923 4653.5788411064 -0.086 4.22763153644256 1.3940526953361598 -0.10577894205532001 6.80963153644256 0.9041629719362005 0.8006156470825764 0.7839578639208561 0.3324053099131839 0.2522578639208561
1.2 6.924468 4665.603293106975 -0.086 4.2323102884025365 1.3870345673961955 -0.1065603293106975 6.814310288402536 0.9245997545510332 0.8140947330742484 0.785679341378605 0.32781555532828793 0.25489654326038047
1.2 6.930261 4672.120269993864 -0.086 4.234680098179587 1.3834798527306198 -0.10721202699938638 6.816680098179587 0.9349084270812026 0.8180641644508079 0.7843759460012273 0.32621593372877894 0.25525201472693804
1.2 6.941885 4685.502047674053 -0.08587482936049559 4.239375511918513 1.376374146802478 -0.10797510238370264 6.821375511918513 0.9559904861913271 0.8336898036333095 0.7878255801743149 0.32089918093037884 0.25856299485456274
1.2 6.953562 4700.274217585693 -0.08428763040238454 4.243068554396423 1.3702190760059614 -0.10867809239940386 6.825424739195231 0.9775332339791353 0.8478864381520118 0.790158867362146 0.31570268256333833 0.26127809239940386
1.2 6.959417 4707.7534596550995 -0.08304109005748339 4.244938364913775 1.3671027251437085 -0.10898972748562916 6.827917819885034 0.9884404619970204 0.8520623483074307 0.789036981051735 0.3139575260804767 0.26158972748562914
1.2 6.971157 4723.842937608319 -0.08133232235701908 4.249169194107452 1.3611631282495669 -0.10991722270363952 6.833003032928943 1.0106465771230502 0.8633734402079722 0.7891667677642981 0.30948065424610055 0.2630175259965338
1.2 6.982933 4741.587209302325 -0.0789096601073346 4.253135509838998 1.3548193202146692 -0.1107 6.838225849731663 1.0332904740608222 0.8796097942754915 0.7934942307692306 0.3032696332737032 0.2662219588550983
1.2 6.994744 4759.193241097754 -0.07588716262190977 4.256741891585394 1.349516216829213 -0.11092256747561804 6.844483783170787 1.056491551372193 0.8949853368110682 0.7971548650487639 0.2972500680426401 0.26887418915853933
1.2 7.000664 4768.643695352049 -0.0738712609295902 4.25808582604694 1.3468283479061203 -0.1113 6.84717165209388 1.0682509779107237 0.899775034514497 0.7966102738150026 0.2950682696732624 0.26911586516336883
1.2 7.012521 4789.35238095238 -0.06961904761904769 4.261104761904762 1.3416190476190477 -0.11143809523809522 6.852657142857143 1.0922361904761901 0.9163285714285713 0.8017971428571429 0.2882152380952382 0.27208666666666664
1.2 7.024408 4810.679670722979 -0.06506406585540428 4.264623956096397 1.3370640658554043 -0.11198718682891914 6.858247912192795 1.116659615843475 0.9281902529229304 0.8029128131710809 0.2827704724409447 0.27313119780481987
1.2 7.030365 4821.353874807676 -0.06290768483278003 4.266030771722407 1.3349384565551867 -0.1124 6.861107701028423 1.1291046481496476 0.9329800145760789 0.8025153858612033 0.28041230059114103 0.27321077010284234
1.2 7.0423 4843.582800226739 -0.0571088347234595 4.267963721758846 1.3310725564823063 -0.1124 6.867873026155964 1.1545229411288358 0.944287772289254 0.8034818608794234 0.2749033929872865 0.27388730261559635
1.2 7.054257 4868.686002522068 -0.05054047919293849 4.270614880201765 1.328077679697352 -0.11255372005044134 6.874152080706178 1.1805856746532148 0.9637504413619163 0.812737528373266 0.26614015132408597 0.277338184110971
1.2 7.060244 4881.269020596889 -0.04651391340899553 4.271621521647751 1.3265677175283734 -0.11280538041193779 6.877675325767129 1.1938230096679272 0.97054527112232 0.8145998150483396 0.2627679024800338 0.2778918369062631
1.2 7.072239 4909.144876941873 -0.038456536917438035 4.273171495898062 1.3236570082038752 -0.1129 6.884200471286437 1.2208103421190422 0.9820980450340367 0.8165060307208934 0.25658237912375664 0.27817149589806245
1.2 7.084254 4941.066310873915 -0.028644563042028247 4.2743364909939965 1.321663509006004 -0.1129 6.891345963975984 1.2484885923949294 0.9954544896597729 0.820736490993996 0.24942133422281532 0.27893270180120083
1.2 7.090269 4957.926701096312 -0.023055902872157297 4.275094409712785 1.3209055902872158 -0.1129 6.89466086798949 1.2625829754462263 1.0011745311225877 0.8219570173054273 0.24619192715411797 0.2788755277702274
1.2 7.102324 4992.109360519 -0.011899907321593909 4.276 1.3198090824837814 -0.1129 6.902527340129749 1.2914211306765528 1.0159010194624656 0.8285409638554218 0.2379490268767376 0.2797336422613531
1.2 7.114401 5028.147228801515 0.0004881099005208064 4.276 1.319 -0.11309026054002841 6.911219706300331 1.3210397536712453 1.0289416769303645 0.8338951302700142 0.2301510753197538 0.279824348649929
1.2 7.120449 5046.483183325437 0.006791094268118869 4.276 1.319 -0.11343405968735194 6.91523069635244 1.3361096162955932 1.0333537659876832 0.834067029843676 0.22717148270961654 0.27896485078162014
1.2 7.132567 5085.93788113695 0.021036899224805762 4.275 1.3200864082687338 -0.1135 6.923604857881137 1.3669861291989656 1.0502653436692504 0.8457641757105943 0.21692475452196402 0.2801703875968993
1.2 7.144711 5129.1533636167 0.03628942245295273 4.274642548128921 1.3217149037421587 -0.1135 6.932502163097555 1.398893316028553 1.0615179320787367 0.8507885572139304 0.20904038503136485 0.2788714903742159
1.2 7.150796 5151.554410599025 0.04421198052315662 4.2739673876118225 1.323032612388178 -0.1135 6.937114143358623 1.4150913486581354 1.0691896840674893 0.856701630619409 0.20382825274600852 0.2789608651341865
1.2 7.162985 5199.136167922497 0.062340330104054535 4.271371725870111 1.3259424111948332 -0.1135 6.947141370649444 1.448438249013276 1.0794377108001436 0.8616377108001435 0.19601307857911734 0.2767256548259778
1.2 7.169089 5223.775565123787 0.07164854682454168 4.270276641550054 1.3275850376749192 -0.1135 6.95261679224973 1.4654120559741644 1.0878698600645849 0.8700698600645848 0.18993536060279925 0.27694467168998926
1.2 7.181315 5275.766478532552 0.09230659141302093 4.266965934287443 1.3320851642813947 -0.1135 6.963153295706511 1.5001939528320893 1.099243075992743 0.8787107135658132 0.18067736343479163 0.27476082443055844
1.2 7.193567 5331.756227948252 0.11454217898000647 4.263931252004705 1.3383359349941195 -0.1135 6.974404682989415 1.5361277985673047 1.1104924943868277 0.8890276488827115 0.1710082861114081 0.2722595317010585
1.2 7.199706 5360.63637335614 0.12570041697850884 4.261305784240351 1.3416177696995615 -0.1135 6.980311985459211 1.5543747995295616 1.1178438041270176 0.8986762429167107 0.16464152678285082 0.27166880145407896
1.2 7.212006 5420.584368081625 0.14948599480219485 4.256693810761382 1.348828664934065 -0.1135 6.991873616324959 1.5919118586966987 1.1278033881990568 0.9095393493117722 0.15477048801617085 0.2680162864568293
1.2 7.224347 5482.697553897181 0.17515609452736347 4.25058188225539 1.3578689883913766 -0.1135 7.005319859038143 1.6307406923714762 1.1387591625207298 0.9256641791044778 0.14340230099502477 0.2644458540630182
1.2 7.230531 5514.202852317509 0.18870669919309466 4.247323325201727 1.3631277913304563 -0.1135 7.012353349596547 1.6506796021767691 1.144226290110715 0.9350961906549073 0.13738198536310742 0.26257143929442667
1.2 7.242929 5578.433244188439 0.2166574778852088 4.239881711581979 1.3753287389426045 -0.1135 7.02663135157375 1.690762559144209 1.1545695947335939 0.9559141534663649 0.12486465747788521 0.25801981073853114
1.2 7.249142 5611.0256120139875 0.23071693067270063 4.235408249331414 1.3823584653363503 -0.1135 7.034300144003291 1.7109570458753338 1.159362590002057 0.9667143694713018 0.1186657169306729 0.2555274531989304
1.2 7.261598 5678.709087039799 0.2608520961906804 4.2268276228984885 1.3968423068738036 -0.1135 7.05017727175995 1.7512077250478846 1.1698891253458188 1.0003555224515872 0.10345552883592175 0.25073007022770777
1.2 7.274086 5748.570091556459 0.29138718209562564 4.217678738555443 1.4116935910478128 -0.1135 7.067642522889115 1.7900492980671414 1.1783146693794506 1.0334382502543233 0.0889457029501526 0.24493277721261444
1.2 7.280342 5784.243223892812 0.3064526951007476 4.213331083154342 1.4188918891275446 -0.1135 7.0767837782550895 1.808365193822237 1.1817020251610926 1.0484560703692352 0.08225108519995858 0.24168716375166188
1.2 7.292874 5856.528609356405 0.33374420946626404 4.207295980957612 1.427760047605969 -0.1135 7.098040190423877 1.8394370227959354 1.1879080380847753 1.0848002380298456 0.06781605602856348 0.23576955048979215
1.2 7.299152 5893.312643046783 0.3463887210473315 4.206146479904788 1.4306338002380299 -0.1135 7.109535200952119 1.85288618511398 1.190207040190424 1.0991690011901494 0.06153978028014273 0.23278084775244892
1.2 7.311731 5966.099594836523 0.3640326957504948 4.2095809855837185 1.425063883915952 -0.1135 7.129613681334213 1.8734490436257423 1.1934742956751154 1.1194844059172715 0.05080445208706292 0.22775467822481857
1.2 7.324338 6032.2355902092395 0.37186675878405057 4.220200552704304 1.4063324121594942 -0.1135 7.148067311488354 1.8875403868930125 1.1956633932096328 1.1284333793920251 0.04214506711409384 0.2244199170943545
1.2 7.330655 6062.393700787404 0.3726220472440941 4.228070866141733 1.3933622047244079 -0.1135 7.156629921259843 1.892488976377953 1.196444094488189 1.1285590551181097 0.03861110236220447 0.22339370078740156
1.2 7.34331 6109.677142857143 0.36116142857142847 4.253174897959184 1.3548206122448978 -0.1135 7.169336326530613 1.8946327346938776 1.1972668163265308 1.1132421428571428 0.033900895918367334 0.2239255612244898
1.2 7.349649 6126.97583787997 0.3515972330475438 4.2676467264224485 1.332499415432578 -0.1135 7.174365939204989 1.8933706547155102 1.1975060989867499 1.0992922837100534 0.03264693881527666 0.22500736554949352
1.2 7.362351 6142.2805603882425 0.32158318835271427 4.3016973720355285 1.2813747825290716 -0.1135 7.180841681164728 1.8863080212434757 1.1975719439611756 1.0626192656350142 0.03211056038824286 0.22960280194121427
1.2 7.375074 6138.693328908065 0.28546498506472084 4.337458347162295 1.2301583139727863 -0.1135 7.183538333886492 1.8775931629605047 1.1972846664454033 1.0182349817457699 0.03397126783936266 0.23578400265516072
1.2 7.381444 6131.649712952996 0.266693577323287 4.35412396842483 1.2067081987800505 -0.1135 7.1841970757086475 1.8731401776103338 1.1969817545748116 0.9957870290635095 0.03560823286688192 0.2391233315392895
1.2 7.394196 6110.780328681146 0.23221083491617808 4.38190577256586 1.1678969361631844 -0.1135 7.1846861012470065 1.8655910479808406 1.1962802708729043 0.9571085969113883 0.03942317449830704 0.24533227351556694
1.2 7.400581 6098.652572466761 0.2174466099595353 4.3935062350317935 1.15260541745809 -0.1135 7.184158807498555 1.8622163679907509 1.1959111652489884 0.941500701957223 0.041326704930217055 0.24807420100751487
1.2 7.413365 6075.844972067039 0.1961016449410303 4.408641682184979 1.1322299813780259 -0.1135 7.182871663563004 1.8568561607697083 1.1953614990689012 0.9215658131595281 0.044174003724394804 0.25217967101179395
1.2 7.419769 6067.287395871062 0.1895724375226368 4.413190027767717 1.1267149583484246 -0.1135 7.181904986116142 1.8551097368103344 1.1950667451406496 0.9153299166968492 0.04535967040927198 0.25346650971870094
1.2 7.432604 6055.665700833031 0.18259942049981856 4.416289146444525 1.1220662803332124 -0.1135 7.180355426777737 1.8536376554388505 1.1945243993722081 0.9060325606664248 0.04763752263672594 0.2545512012555838
1.2 7.439037 6051.6721217887725 0.181 4.417 1.1213319695528068 -0.1135 7.179668030447193 1.8532336060894385 1.1944 0.904431151284491 0.04817327878211228 0.2548663939105614
1.2 7.451926 6049.0 0.18195515585578262 4.415567266216326 1.123432733783674 -0.1135 7.179 1.8535298201351023 1.1944 0.90659842923415 0.04819522422072108 0.2548567266216326
1.2 7.464849 6049.454856983006 0.18436457094901748 4.412635429050982 1.1268194279320234 -0.1135 7.179 1.8545003426813065 1.1944 0.908891656759214 0.04817635429050982 0.2543816001118959
1.2 7.471325 6049.907755787118 0.18572326736135403 4.411276732638646 1.128631023148472 -0.1135 7.179 1.8549985313658297 1.1944 0.9099786138890832 0.04816276732638646 0.2540645709490174
1.2 7.484301 6051.407935261791 0.18881587052358245 4.408888097107313 1.1318158705235826 -0.1135 7.179 1.8558743643939852 1.1946111902892687 0.9156909475209858 0.047174445316746146 0.25371841294764175
1.2 7.490802 6052.419178944057 0.19033534315524575 4.407832328422377 1.1333353431552458 -0.1135 7.179 1.856426356629791 1.1947 0.9181089865254549 0.046755808210559434 0.2535245477900697
1.2 7.503829 6055.834215907304 0.19306737272584268 4.406466313637078 1.1360673727258428 -0.1135 7.179 1.8582704765899438 1.1947 0.9189968961358989 0.04672165784092697 0.25290984113668535
1.2 7.510355 6057.476092333059 0.19428565539983503 4.405809563066776 1.1371904369332233 -0.1135 7.179 1.8591666117065127 1.1947 0.9193380873866447 0.0467042868920033 0.2526238252267106
1.2 7.523432 6060.470733718054 0.19608244023083263 4.404611706512778 1.1383882934872218 -0.1135 7.179 1.8608436108821105 1.1947 0.9195776586974443 0.046668351195383345 0.2521446826051113
1.2 7.529983 6061.970916918567 0.19698255015114044 4.404011633232573 1.138988366767427 -0.1135 7.179 1.8616837134743975 1.1947 0.9196976733534854 0.04665034899697719 0.25190465329302925
1.2 7.543113 6066.189785725794 0.19961861607862097 4.402952553568552 1.1405711696471725 -0.1135 7.179523723215724 1.8644757330433381 1.1949094892862897 0.9227375946512003 0.045864415176413716 0.2513762767842758
1.2 7.54969 6068.309005961012 0.2009431287256324 4.402422748509747 1.1413658772353794 -0.1135 7.179788625745126 1.8658797164491703 1.1950154502980506 0.9242740293217335 0.04546706138231029 0.2511113742548735
1.2 7.562868 6072.262885678616 0.202848582129481 4.401717139290173 1.142282860709827 -0.1135 7.180282860709827 1.868414303549135 1.195184858212948 0.9265465846263599 0.04481622436240414 0.2506737114321384
1.2 7.574057 6075.455751738898 0.20404590690208665 4.401318031032638 1.1426819689673622 -0.1135 7.180681968967362 1.8704098448368112 1.1953045906902087 0.9280232851792403 0.044345276618512584 0.2503544248261102
1.2 7.583352 6078.144771605921 0.20506032150246692 4.400975871399013 1.1430241286009868 -0.1135 7.181024128600987 1.8720953079738978 1.1954048257201975 0.9292832436734044 0.04394550946999843 0.25008672926945724
1.2 7.591318 6081.18764921216 0.2063281871717333 4.400468725131306 1.1435312748686934 -0.1135 7.181531274868694 1.8740985357313387 1.1955062549737387 0.931032898296992 0.04343075600827628 0.24980779882221868
1.2 7.601487 6085.072035651759 0.20794668152156606 4.399821327391374 1.1441786726086265 -0.1135 7.182178672608626 1.8766557568040745 1.1956357345217252 0.9332664204997613 0.04277364730224417 0.24945173006525545
1.2 7.610113 6088.36702212319 0.209319592551329 4.399272162979468 1.1447278370205316 -0.1135 7.182727837020532 1.8788249562310997 1.1957455674041062 0.935161037720834 0.04221624542416042 0.24914968963870762
1.2 7.619907 6092.370500816081 0.21094820032643252 4.398683933224523 1.1453160667754776 -0.1135 7.1831580333877385 1.8814487271998397 1.1958632133550955 0.9369059702774677 0.04166502190533457 0.24876294991839187
1.2 7.630201 6096.791942273 0.21271677690920016 4.3980944076969335 1.1459055923030668 -0.1135 7.183452796151533 1.8843374022850268 1.1959811184606133 0.9384092603728202 0.04115213469633195 0.24832080577269997
1.2 7.640556 6101.239584228159 0.21449583369126365 4.397501388769579 1.1464986112304212 -0.1135 7.183749305615211 1.887243195029064 1.1960997222460843 0.9399214586375741 0.04063620822953354 0.24787604157718407
1.2 7.64936 6105.019086447324 0.21600636214910796 4.396998727570178 1.1470025448596433 -0.1135 7.184002544859643 1.8897131060271624 1.1962003817289464 0.9412066166350723 0.04019765872912827 0.24749821859824978
1.2 7.659376 6108.920512088083 0.21730683736269443 4.3967386325274616 1.1475227349450778 -0.1135 7.1845227349450775 1.8923920849671505 1.1962784102417616 0.9425591108572022 0.03971908385052845 0.24713408553844557
1.2 7.669919 6113.027214417409 0.2186757381391363 4.396464852372173 1.1480702952556545 -0.1135 7.185070295255654 1.8952120205666207 1.196360544288348 0.9439827676647018 0.03921532836479784 0.24675079332104183
1.2 7.679717 6116.843724843543 0.21994790828118102 4.396210418343764 1.1485791633124725 -0.1135 7.185579163312473 1.8978326910592327 1.1964368744968708 0.9453058246124283 0.03874716975252539 0.24639458568126932
1.2 7.689565 6120.538695352758 0.22120719052029159 4.395958561895942 1.1490414381040583 -0.1135 7.186082876208117 1.9003812305573364 1.1965082876208115 0.9464745885873049 0.03831441808553585 0.2460461304647242
1.2 7.69925 6123.528531737551 0.2223571275913657 4.395728574481726 1.1492714255182732 -0.1135 7.186542851036546 1.9024971147681127 1.1965542851036546 0.9468885659328917 0.03806143192989955 0.24574714682624493
1.2 7.709159 6126.587518700577 0.22353366103868344 4.395493267792263 1.1495067322077366 -0.1135 7.1870134644154735 1.9046619363111774 1.1966013464415473 0.9473121179739261 0.03780259457148964 0.2454412481299423
1.2 7.719013 6129.629526726983 0.22470366412576293 4.395259267174847 1.1497407328251525 -0.1135 7.187481465650305 1.9068147419914037 1.1966481465650305 0.9477333190852747 0.03754519389233216 0.24513704732730163
1.2 7.729013 6132.716606112417 0.22589100235092974 4.395021799529814 1.149978200470186 -0.1135 7.187956400940371 1.9089994443257108 1.1966956400940372 0.9481607608463347 0.03728397948279546 0.24482833938875825
1.2 7.739224 6135.238100451023 0.22681385470946275 4.395 1.1502034636773657 -0.1135 7.1882034636773655 1.910949787625345 1.1967406927354731 0.9487290055611508 0.03703415531812409 0.24457618995489774
1.2 7.749093 6137.614923151027 0.22767815387310072 4.395 1.1504195384682752 -0.1135 7.188419538468275 1.9128080308271664 1.196783907693655 0.9492908000175155 0.03679431230021455 0.2443385076848973
1.2 7.759024 6140.006677759776 0.22854788282173671 4.395 1.1506369707054342 -0.1135 7.188636970705434 1.914677948066734 1.196827394141087 0.9498561238341289 0.03655296251696807 0.24409933222402241
1.2 7.769006 6142.410715067654 0.22942207820641947 4.395 1.1508555195516048 -0.1135 7.188855519551605 1.9165574681438018 1.196871103910321 0.9504243508341726 0.03631037329771861 0.24385892849323465
1.2 7.779002 6144.553077173559 0.23013826929338982 4.394930865353305 1.151 -0.1135 7.189 1.918221721344839 1.1969138269293391 0.9510281443340931 0.03607187784923477 0.24365160574731357
1.2 7.78911 6146.198795180723 0.23054969879518075 4.394725150602409 1.151 -0.1135 7.189 1.9194765813253012 1.196954969879518 0.9517070030120481 0.03583942018072289 0.24350760542168676
1.2 7.798976 6147.805112341257 0.23095127808531424 4.394524360957343 1.151 -0.1135 7.189 1.9207013981602084 1.1969951278085316 0.9523696088407684 0.035612527881797466 0.24336705267014003
1.2 7.809045 6149.444480625203 0.2313611201563009 4.3943194399218495 1.151 -0.1135 7.189 1.9219514164767177 1.19703611201563 0.9530458482578964 0.035380967111690004 0.24322360794529468
1.2 7.819059 6151.07489417128 0.23176872354281994 4.39411563822859 1.151 -0.1135 7.189 1.9231946068056007 1.197076872354282 0.9537183938456528 0.03515067119830675 0.24308094676001302
1.2 7.829017 6152.5706550751165 0.23224456646076413 4.394 1.1510815221535882 -0.1135 7.189081522153588 1.9243076107679402 1.1971163044307176 0.9544423930450697 0.03492543430183787 0.24295108670784718
1.2 7.839033 6153.90734385724 0.23281743308167463 4.394 1.1512724776938916 -0.1135 7.189272477693891 1.9252623884694577 1.1971544955387783 0.9552444063143445 0.034703925875085806 0.24283651338366508
1.2 7.84897 6155.233489666743 0.23338578128574694 4.394 1.1514619270952489 -0.1135 7.189461927095249 1.9262096354762448 1.1971923854190498 0.9560400938000457 0.03448416456951119 0.2427228437428506
1.2 7.858986 6156.570178448867 0.2339586479066575 4.394 1.1516528826355525 -0.1135 7.189652882635553 1.9271644131777625 1.1972305765271105 0.9568421070693205 0.034262656142759106 0.2426082704186685
1.2 7.869011 6157.9080683291395 0.23453202928391673 4.394 1.1518440097613054 -0.1135 7.189844009761306 1.928120048806528 1.197268801952261 0.9576448409974835 0.03404094867688553 0.24249359414321667
1.2 7.879364 6159.195314608561 0.2350390629217122 4.394 1.152 -0.1135 7.190039062921713 1.9290171887651366 1.1973 0.9582570307861166 0.03385882811234864 0.2423843748313151
1.2 7.890986 6160.2408910160675 0.23524817820321353 4.394 1.152 -0.1135 7.1902481782032135 1.9296445346096407 1.1973 0.9580270039764651 0.03385255465390359 0.24230072871871458
1.2 7.901732 6161.207657844072 0.23544153156881442 4.394 1.152 -0.1135 7.190441531568815 1.9302245947064434 1.1973 0.9578143152743042 0.033846754052935565 0.24222338737247423
1.2 7.912677 6162.192327761484 0.2356384655522968 4.394 1.152 -0.1135 7.190638465552297 1.9308153966568904 1.1973 0.9575976878924736 0.03384084603343109 0.24214461377908128
1.2 7.919654 6162.820015474027 0.2357640030948054 4.394 1.152 -0.1135 7.190764003094805 1.9311920092844161 1.1973 0.9574595965957141 0.033837079907155836 0.24209439876207783
1.2 7.933642 6164.044731712322 0.2360149105707739 4.394 1.152 -0.1135 7.191 1.9319313121986252 1.1973029821141548 0.9572581512260183 0.033816878697718954 0.24199552682876782
1.2 7.940643 6164.403867856777 0.23613462261892545 4.394 1.152 -0.1135 7.191 1.9321827074997435 1.1973269245237852 0.9577250282138094 0.033711532095345574 0.24195961321432236
1.2 7.954667 6165.123268698061 0.23637442289935362 4.394 1.152 -0.1135 7.191 1.9326862880886426 1.1973748845798708 0.9586602493074792 0.03350050784856879 0.2418876731301939
1.2 7.961691 6165.483584692726 0.23649452823090863 4.394 1.152 -0.1135 7.191 1.932938509284908 1.1973989056461818 0.9591286601005438 0.03339481515680038 0.24185164153072738
1.2 7.975766 6166.205601723607 0.23673520057453573 4.394 1.152 -0.1135 7.191 1.933443921206525 1.197447040114907 0.9600672822406894 0.033183023494408534 0.24177943982763928
1.2 7.982818 6166.567354057659 0.23685578468588625 4.394 1.152 -0.1135 7.191 1.933697147840361 1.1974711569371772 0.9605375602749564 0.0330769094764201 0.24174326459423412
1.2 7.98988 6166.929619370063 0.23697653979002084 4.394 1.152 -0.1135 7.191 1.9339507335590438 1.1974953079580042 0.9610085051810813 0.03297064498478164 0.24170703806299373
1.2 8.004033 6167.627113931504 0.23741807595433578 4.393790962022832 1.152209037977168 -0.1135 7.191209037977168 1.9344389797520525 1.1975 0.9610581924045664 0.03294581924045664 0.24163728860684963
1.2 8.01113 6167.975336102842 0.23765022406856168 4.3936748879657195 1.1523251120342808 -0.1135 7.1913251120342805 1.9346827352719898 1.1975 0.9610349775931438 0.032943497759314384 0.24160246638971575
1.2 8.025363 6168.673694023748 0.238115796015832 4.3934421019920835 1.152557898007916 -0.1135 7.1915578980079164 1.9351715858166236 1.1975 0.9609884203984168 0.03293884203984168 0.2415326305976252
1.2 8.032498 6169.023780707206 0.23834918713813746 4.3933254064309315 1.1526745935690688 -0.1135 7.1916745935690685 1.9354166464950442 1.1975 0.9609650812861862 0.032936508128618626 0.24149762192927937
1.2 8.039644 6169.374407117857 0.23858293807857117 4.393208530960714 1.1527914690392855 -0.1135 7.191791469039286 1.9356620849824997 1.1975 0.9609417061921428 0.03293417061921429 0.24146255928821433
1.2 8.053988 6170.050158120801 0.23902507906040057 4.392974920939599 1.1530250790604006 -0.1135 7.192 1.9361551739328813 1.1975 0.96090250790604 0.03292949841879199 0.24139247628187982
1.2 8.061181 6170.276499000928 0.2391382495004641 4.392861750499535 1.153138249500464 -0.1135 7.192 1.936404148901021 1.1975 0.9609138249500464 0.032927235009990716 0.24135852514986075
1.2 8.075616 6170.730722635662 0.23936536131783068 4.3926346386821695 1.1533653613178307 -0.1135 7.192 1.9369037948992274 1.1975 0.9609365361317831 0.03292269277364339 0.2412903916046508
1.2 8.082861 6170.958699790745 0.23947934989537278 4.392520650104627 1.1534793498953728 -0.1135 7.192 1.93715456976982 1.1975 0.9609479349895372 0.032920413002092544 0.24125619503138818
1.2 8.090124 6171.1872433487 0.2395936216743498 4.39240637832565 1.1535936216743499 -0.1135 7.192 1.9374059676835695 1.1975 0.9609593621674349 0.03291812756651301 0.24122191349769506
1.2 8.104706 6171.646092606869 0.2398230463034346 4.392176953696565 1.1538230463034345 -0.1135 7.192 1.937910701867556 1.1975 0.9609823046303434 0.03291353907393131 0.24115308610896963
1.2 8.112025 6171.876398307085 0.23993819915354236 4.392061800846458 1.1539381991535422 -0.1135 7.192 1.9381640381377931 1.1975 0.9609938199153542 0.032911236016929156 0.2411185402539373
1.2 8.119365 6172.103840769371 0.24005192038468562 4.3919480796153145 1.1540519203846855 -0.1135 7.192051920384686 1.9384142248463083 1.1975051920384685 0.9612596019234281 0.032862752449936077 0.24108961592306288
1.2 8.134104 6172.552407328504 0.24027620366425226 4.391723796335748 1.1542762036642522 -0.1135 7.192276203664252 1.938907648061355 1.1975276203664251 0.9623810183212612 0.032658654665530445 0.24104475926714955
1.2 8.141506 6172.7776797127035 0.24038883985635157 4.391611160143649 1.1543888398563515 -0.1135 7.192388839856352 1.9391554476839734 1.1975388839856351 0.9629441992817579 0.032556155730720064 0.2410222320287297
1.2 8.156373 6173.230141822387 0.24061507091119363 4.391384929088806 1.1546150709111935 -0.1135 7.192615070911193 1.939653156004626 1.1975615070911194 0.9640753545559682 0.03235028547081379 0.24097698581776128
1.2 8.163838 6173.457331547873 0.24072866577393634 4.391271334226063 1.1547286657739364 -0.1135 7.192728665773936 1.9399030647026598 1.1975728665773937 0.9646433288696817 0.032246914145717925 0.24095426684521273
1.2 8.171329 6173.685312557063 0.24084265627853185 4.391157343721468 1.1548426562785319 -0.1135 7.192842656278532 1.9401538438127701 1.1975842656278533 0.9652132813926594 0.032143182786535995 0.24093146874429364
1.2 8.186386 6174.069745091081 0.24113949018216232 4.390930254908919 1.1551394901821623 -0.1135 7.193069745091081 1.9406394901821622 1.1976 0.9660348725455405 0.03199930254908919 0.24087210196356754
1.2 8.193951 6174.1816004258335 0.24136320085166785 4.390818399574166 1.1553632008516679 -0.1135 7.1931816004258335 1.9408632008516677 1.1976 0.9660908002129169 0.03199818399574166 0.24082735982966644
1.2 8.201545 6174.293884551692 0.241587769103383 4.3907061154483085 1.1555877691033831 -0.1135 7.193293884551691 1.941087769103383 1.1976 0.9661469422758457 0.031997061154483086 0.2407824461793234
1.2 8.209166 6174.406567896854 0.2418131357937071 4.390593432103146 1.1558131357937071 -0.1135 7.1934065678968535 1.941313135793707 1.1976 0.9662032839484268 0.03199593432103146 0.24073737284125857
1.2 8.224492 6174.6331766027915 0.24226635320558312 4.390366823397208 1.1562663532055832 -0.1135 7.193633176602791 1.941766353205583 1.1976 0.9663165883013958 0.03199366823397208 0.24064672935888337
1.2 8.2322 6174.747146321268 0.24249429264253608 4.3902528536787315 1.1564942926425361 -0.1135 7.193747146321268 1.941994292642536 1.1976 0.966373573160634 0.031992528536787315 0.24060114147149278
1.2 8.23994 6174.86158918855 0.24272317837709959 4.39013841081145 1.1567231783770997 -0.1135 7.19386158918855 1.9422231783770996 1.1976 0.9664307945942749 0.0319913841081145 0.24055536432458008
1.2 8.255523 6175.179523060721 0.2430897615303605 4.389910238469639 1.1570897615303606 -0.1135 7.1940897615303605 1.942679523060721 1.1976 0.9665718092242884 0.03198910238469639 0.24047307154089184
1.2 8.263369 6175.405903313761 0.2432029516568807 4.3897970483431195 1.1572029516568807 -0.1135 7.194202951656881 1.9429059033137612 1.1976 0.9666623613255046 0.03198797048343119 0.24043911450293579
1.2 8.271256 6175.63346653779 0.24331673326889505 4.3896832667311045 1.157316733268895 -0.1135 7.194316733268895 1.94313346653779 1.1976 0.9667533866151161 0.031986832667311046 0.24040498001933147
1.2 8.279185 6175.862241585758 0.24343112079287907 4.389568879207121 1.1574311207928791 -0.1135 7.1944311207928795 1.943362241585758 1.1976 0.9668448966343033 0.031985688792071205 0.24037066376213628
1.2 8.295178 6176.32368683007 0.24366184341503525 4.389338156584965 1.1576618434150352 -0.1135 7.194661843415036 1.9438236868300705 1.1976 0.9670294747320283 0.03198338156584965 0.2403014469754894
1.2 8.30325 6176.556587850022 0.24377829392501116 4.389221706074989 1.1577782939250112 -0.1135 7.194778293925012 1.9440565878500222 1.1976 0.967122635140009 0.03198221706074989 0.24026651182249664
1.2 8.311377 6176.791075782276 0.2438955378911378 4.389104462108862 1.1578955378911377 -0.1135 7.194895537891138 1.9442910757822756 1.1976 0.9672164303129103 0.031981044621088625 0.24023133863265866
1.2 8.319562 6177.015347098033 0.24403069419606563 4.388984652901968 1.1580306941960656 -0.1135 7.195015347098033 1.944533763615672 1.1976 0.9673138123882296 0.031979846529019675 0.24019386116078686
1.2 8.336125 6177.2846203869285 0.24456924077385786 4.388715379613071 1.1585692407738577 -0.1135 7.195284620386929 1.9451261648512437 1.1976 0.967556158348236 0.03197715379613071 0.24008615184522844
1.2 8.344514 6177.421004714681 0.24484200942936107 4.38857899528532 1.158842009429361 -0.1135 7.195421004714681 1.9454262103722972 1.1976 0.9676789042432125 0.0319757899528532 0.24003159811412778
1.2 8.352981 6177.558657128922 0.24511731425784425 4.388441342871078 1.1591173142578441 -0.1135 7.195558657128922 1.9457290456836287 1.1976 0.9678027914160299 0.031974413428710775 0.23997653714843115
1.2 8.361531 6177.697658917249 0.24539531783449844 4.388302341082751 1.1593953178344985 -0.1135 7.195697658917249 1.9460348496179483 1.1976 0.9679278930255243 0.03197302341082751 0.2399209364331003
1.2 8.370171 6177.838123882296 0.2456762477645911 4.388161876117705 1.159676247764591 -0.1135 7.195838123882296 1.9463438725410502 1.1976 0.968054311494066 0.031971618761177045 0.23986475044708178
1.2 8.387747 6178.0 0.24614143570513652 4.387717128589727 1.160282871410273 -0.1135 7.196141435705136 1.9470111585513004 1.1976141435705137 0.9688364606731144 0.03188089550576398 0.2397717128589727
1.2 8.396696 6178.0 0.2463075609348605 4.387384878130279 1.160615121869721 -0.1135 7.19630756093486 1.9473766340566931 1.197630756093486 0.9695840242068723 0.03177623661103787 0.2397384878130279
1.2 8.405768 6178.0 0.24647596948151998 4.38704806103696 1.1609519389630398 -0.1135 7.1964759694815195 1.947747132859344 1.197647596948152 0.97034186266684 0.0316701392266424 0.23970480610369602
1.2 8.41497 6178.0 0.24664679128998127 4.386706417420037 1.1612935825799624 -0.1135 7.196646791289981 1.9481229408379588 1.1976646791289982 0.9711105608049156 0.031562521487311805 0.23967064174200375
1.2 8.424315 6178.0 0.24682026768642448 4.3863594646271515 1.161640535372849 -0.1135 7.196820267686425 1.948504588910134 1.1976820267686423 0.9718912045889102 0.031453231357552576 0.2396359464627151
1.2 8.433811 6178.0 0.24699654717926822 4.386006905641463 1.1619930943585364 -0.1135 7.1969965471792685 1.9488924037943902 1.1976996547179268 0.972684462306707 0.03134217527706101 0.23960069056414637
1.2 8.443476 6178.19781710422 0.24739563420843944 4.38580218289578 1.1623956342084394 -0.1135 7.197 1.9493351976292834 1.1977 0.9729175988146417 0.03134 0.2395406548687341
1.2 8.45332 6178.403251387787 0.24780650277557492 4.385596748612213 1.1628065027755747 -0.1135 7.197 1.9497871530531325 1.1977 0.9731435765265662 0.03134 0.23947902458366377
1.2 8.463358 6178.612734254351 0.24822546850870233 4.385387265745649 1.1632254685087022 -0.1135 7.197 1.9502480153595727 1.1977 0.9733740076797863 0.03134 0.23941617972369467
1.2 8.473605 6178.826578738678 0.24865315747735708 4.385173421261321 1.163653157477357 -0.1135 7.197 1.9507184732250928 1.1977 0.9736092366125464 0.03134 0.23935202637839645
1.2 8.484082 6179.050216670915 0.24910043334183024 4.384949783329085 1.164050216670915 -0.1135 7.197050216670915 1.9512004333418302 1.1977 0.9738552383380066 0.03133949783329085 0.23928493499872547
1.2 8.49481 6179.29882047598 0.24959764095196157 4.384701179524019 1.1642988204759808 -0.1135 7.197298820475981 1.9516976409519617 1.1977 0.9741287025235789 0.03133701179524019 0.23921035385720577
1.2 8.505806 6179.553634741501 0.2501072694830023 4.384446365258499 1.164553634741501 -0.1135 7.197553634741501 1.9522072694830024 1.1977 0.9744089982156513 0.031334463652584986 0.23913390957754965
1.2 8.517106 6179.815493708433 0.2506309874168656 4.384184506291567 1.1648154937084327 -0.1135 7.1978154937084335 1.9527309874168657 1.1977 0.9746970430792761 0.03133184506291567 0.23905535188747015
1.2 8.52873 6180.0 0.25109329936305735 4.383813401273885 1.1651865987261147 -0.1135 7.198093299363058 1.9532865987261148 1.1977 0.9750026292993631 0.03132906700636942 0.2389720101910828
1.2 8.540717 6180.0 0.2513987006369427 4.383202598726115 1.1657974012738854 -0.1135 7.198398700636943 1.9538974012738854 1.1977 0.975338570700637 0.031326012993630574 0.23888038980891718
1.2 8.553118 6180.0 0.2517146496815287 4.3825707006369425 1.1664292993630574 -0.1135 7.198714649681529 1.9545292993630574 1.1977 0.9756861146496815 0.031322853503184714 0.2387856050955414
1.2 8.565988 6180.0 0.25204639533268514 4.381953604667315 1.1670927906653703 -0.1135 7.199046395332685 1.9551974301986388 1.1977 0.9760510348659536 0.031319536046673147 0.23868608140019446
1.2 8.579052 6180.0 0.25240933462980975 4.38159066537019 1.1678186692596195 -0.1135 7.199409334629809 1.9559596027226005 1.1977 0.9764502680927907 0.0313159066537019 0.23857719961105708
1.2 8.591956 6180.0 0.25276782886512017 4.38123217113488 1.1685356577302404 -0.1135 7.19976782886512 1.9567124406167524 1.1977 0.9768446117516322 0.031312321711348796 0.23846965134046397
1.2 8.604698 6180.131927312113 0.25326385462422535 4.380868072687887 1.1692638546242253 -0.1135 7.2 1.9574374691618028 1.1977 0.9772583127745351 0.03131 0.23837361453757747
1.2 8.617271 6180.510199169625 0.2540203983392503 4.380489800830375 1.1700203983392503 -0.1135 7.2 1.9581183585053252 1.1977 0.9777122390035501 0.03131 0.23829796016607496
1.2 8.629671 6180.883266141163 0.25476653228232743 4.380116733858836 1.1707665322823275 -0.1135 7.2 1.9587898790540947 1.1977 0.9781599193693964 0.03131 0.23822334677176726
1.2 8.641893 6181.0 0.2552701862348178 4.379729813765182 1.1712701862348178 -0.1135 7.2002701862348175 1.9595944097165992 1.1977 0.9786242234817814 0.03130729813765182 0.23811894412955467
1.2 8.653935 6181.0 0.25566021052631577 4.379339789473684 1.1716602105263159 -0.1135 7.2006602105263156 1.9604524631578948 1.1977 0.979092252631579 0.031303397894736844 0.23800193684210527
1.2 8.665794 6181.0 0.25609491760624453 4.378905082393755 1.1720949176062445 -0.1135 7.201047458803122 1.961304409366869 1.1977 0.9795569505637468 0.03129952541196878 0.2378857623590633
1.2 8.677466 6181.0 0.2569047701647875 4.378095229835212 1.1729047701647874 -0.1135 7.201452385082393 1.9621952471812663 1.1977 0.9800428620988726 0.03129547614917606 0.23776428447528186
1.2 8.688953 6181.0 0.25770178664353854 4.377298213356461 1.1737017866435384 -0.1135 7.201850893321769 1.9630719653078925 1.1977 0.9805210719861231 0.031291491066782307 0.23764473200346922
1.2 8.700252 6181.259008509064 0.258259008509064 4.376740991490936 1.174518017018128 -0.1135 7.202259008509064 1.9639439178690345 1.1977259008509065 0.981917339992601 0.03112682463928966 0.23754819829818719
1.2 8.711363 6181.670070292268 0.25867007029226785 4.376329929707732 1.1753401405845356 -0.1135 7.202670070292268 1.9648071476137625 1.1977670070292268 0.983849330373659 0.030867855715871244 0.23746598594154641
1.2 8.722287 6182.0 0.25915766721685135 4.375842332783149 1.1761576672168512 -0.1135 7.203 1.965681317299379 1.1978 0.9855024836909534 0.030659211663915744 0.2373763499174723
1.2 8.733023 6182.0 0.26000149335848455 4.374998506641515 1.1770014933584845 -0.1135 7.203 1.9666517173622573 1.1978 0.986050970683015 0.030654992533207578 0.23724977599622732
1.2 8.743576 6182.0 0.2608309360999763 4.374169063900023 1.1778309360999764 -0.1135 7.203 1.9676055765149727 1.1978 0.9865901084649846 0.030650845319500117 0.23712535958500355
1.2 8.753944 6182.0 0.26134186220669 4.37365813779331 1.1786837244133799 -0.1135 7.20334186220669 1.9685520968547179 1.1978 0.987110234648028 0.03065 0.237031627558662
1.2 8.764131 6182.0 0.2617656848061242 4.3732343151938755 1.1795313696122482 -0.1135 7.2037656848061244 1.9694845065734732 1.1978 0.987618821767349 0.03065 0.23694686303877516
1.2 8.774138 6182.0 0.2621920881629786 4.372807911837022 1.1803841763259573 -0.1135 7.204192088162978 1.970441802774851 1.1978 0.9881305057955744 0.030648079118370215 0.2368423735511064
1.2 8.785851 6182.0 0.2627063575693713 4.372293642430629 1.1814127151387424 -0.1135 7.204706357569371 1.971624622409554 1.1978 0.9887476290832455 0.030642936424306287 0.23668809272918861
1.2 8.7995 6182.321657964049 0.2636433159280995 4.371356684071901 1.1823216579640496 -0.1135 7.205 1.9730398133173144 1.1978 0.9895181553532646 0.030636783420359505 0.2365035026107851
1.2 8.815334 6183.0 0.2650559813718832 4.369944018628117 1.1831119627437663 -0.1135 7.205055981371883 1.9747287571553311 1.1978 0.9904671776462598 0.03063 0.2362888037256234
1.2 8.833602 6183.0 0.26594217522072383 4.369057824779276 1.1848843504414477 -0.1135 7.205942175220724 1.9767670030076647 1.1978 0.9915306102648686 0.03063 0.23611156495585525
1.2 8.853335 6183.0 0.2678843437166522 4.368057828141675 1.1868843437166523 -0.1135 7.2069421718583255 1.9791612124599827 1.1978 0.9927306062299913 0.03062057828141674 0.23581734844250218
1.2 8.872209 6183.942101349198 0.26894210134919794 4.366115797301604 1.188884202698396 -0.1135 7.207 1.981561043238075 1.1978 0.9939305216190375 0.03061057898650802 0.2355173695952406
1.2 8.890297 6184.0 0.27088406118377295 4.365057969408114 1.190884061183773 -0.1135 7.207942030591886 1.9839608734205276 1.1978 0.9951304367102638 0.03061 0.23521739082243404
1.2 8.907662 6184.0 0.27194198799353503 4.364058012006465 1.1928839759870702 -0.1135 7.208941987993534 1.986360771184484 1.1978941987993534 0.999721542368968 0.029997707804202238 0.23501160240129298
1.2 8.924359 6184.9418967587035 0.27388379351740716 4.362116206482593 1.1948837935174073 -0.1135 7.2099418967587035 1.988854741896759 1.1979 1.0009418967587034 0.029950581032412965 0.23471743097238892
1.2 8.940438 6185.0 0.27494190612728303 4.361058093872717 1.196883812254566 -0.1135 7.21 1.9914489559309358 1.1979 1.0028838122545658 0.02994058093872717 0.23451161877454338
1.2 8.955943 6185.941895036194 0.2768837900723888 4.3591162099276115 1.1979418950361944 -0.1135 7.2109418950361945 1.993954737590486 1.1979 1.0039418950361945 0.029930581049638055 0.23421743148914168
1.2 8.970913 6186.0 0.2779418340026774 4.358058165997322 1.1998836680053546 -0.1135 7.211941834002677 1.9965487684069612 1.1979 1.0049418340026772 0.02993 0.2339174497991968
1.2 8.985385 6186.0 0.27988368067576014 4.35705815966212 1.20188368067576 -0.1135 7.21294184033788 1.9991487848784881 1.1979 1.0059418403378801 0.0299205815966212 0.23361744789863598
1.2 8.999389 6186.9416982616785 0.2809416982616783 4.3551166034766435 1.2038833965233566 -0.1135 7.213 2.001842585306531 1.1979 1.0078833965233567 0.029910583017383217 0.23331749052149653
1.2 9.012955 6187.0 0.28288303920844704 4.354058480395777 1.205883039208447 -0.1135 7.213941519604224 2.004447950970981 1.1979 1.0089415196042235 0.02991 0.23301754411873296
1.2 9.026112 6187.941808210831 0.2839418082108309 4.3521163835783385 1.207883616421662 -0.1135 7.214941808210831 2.0071428821692434 1.197994180821083 1.013709041054155 0.02927898849874325 0.2328116383578338
1.2 9.038882 6188.0 0.2858835895826795 4.35105820520866 1.2098835895826794 -0.1135 7.21594179479134 2.009842845936617 1.198 1.0149417947913397 0.0292305820520866 0.2325174615625981
1.2 9.051288 6188.941784416633 0.286941784416633 4.350058215583367 1.2118835688332659 -0.1135 7.216941784416632 2.0126369963665725 1.198 1.0168835688332658 0.02922058215583367 0.2322174646750101
1.2 9.063348 6189.0 0.28888339838883803 4.348116601611162 1.213883398388838 -0.1135 7.217941699194419 2.0154367577443733 1.198 1.017941699194419 0.02922 0.2319174902416743
1.2 9.07508 6189.941447593035 0.28994144759303514 4.347058552406965 1.2158828951860703 -0.1135 7.218 2.0182360532604986 1.198 1.0189414475930352 0.02921058552406965 0.23161756572208944
1.2 9.086506 6190.0 0.29188338448049106 4.345116615519509 1.217883384480491 -0.1135 7.218941692240246 2.0211309074967123 1.198 1.0199416922402456 0.029200583077597545 0.23131749232792634
1.2 9.097639 6190.941705649514 0.2938834112990284 4.344058294350486 1.2198834112990284 -0.1135 7.219941705649514 2.0240309463835913 1.198 1.0218834112990285 0.029190582943504857 0.23101748830514574
1.2 9.108494 6191.0 0.2949416920380109 4.3421166159239775 1.221883384076022 -0.1135 7.220941692038011 2.0269309069102315 1.198094169203801 1.0267084601900547 0.028549649414152566 0.23081166159239783
1.2 9.119084 6191.941654846336 0.2968833096926717 4.341058345153664 1.2238833096926718 -0.1135 7.221941654846336 2.0299249645390076 1.1981 1.0279416548463358 0.02850058345153664 0.23042333806146564
1.2 9.129419 6192.0 0.29794130182099965 4.339117396358001 1.2258826036419994 -0.1135 7.222941301821 2.032923905462999 1.1981 1.0298826036419995 0.028490586981790005 0.2301176094537001
1.2 9.139517 6192.941293137644 0.29988258627528736 4.338058706862356 1.2288238794129311 -0.1135 7.223 2.035923879412931 1.1981 1.0309412931376436 0.02848058706862356 0.2298176120587069
1.2 9.149385 6193.0 0.30188306942752763 4.336116930572473 1.2308830694275277 -0.1135 7.223941534713764 2.039018757612668 1.1981 1.031941534713764 0.02848 0.22951753958587087
1.2 9.159035 6193.941677044417 0.3029416770444167 4.335058322955583 1.2328833540888335 -0.1135 7.224941677044416 2.0421191988376917 1.1981 1.0338833540888335 0.02847058322955583 0.22921749688667498
1.2 9.168474 6194.0 0.304883114128129 4.333116885871871 1.2348831141281291 -0.1135 7.225941557064065 2.0453129826050067 1.1981 1.0349415570640645 0.028460584429359354 0.22891753288078065
1.2 9.17771 6194.941259347567 0.3068825186951336 4.332058740652433 1.2368825186951338 -0.1135 7.2269412593475675 2.048417903977457 1.1981 1.0368825186951336 0.02845058740652433 0.22861762219572995
1.2 9.186756 6195.0 0.3079412285556172 4.3301175428887655 1.2388824571112345 -0.1135 7.227941228555617 2.0517060542335366 1.1981 1.037941228555617 0.028440587714443827 0.22831763143331485
1.2 9.195617 6195.941455696203 0.30988291139240515 4.329058544303797 1.2408829113924054 -0.1135 7.228941455696202 2.0550068037974687 1.1981941455696201 1.0436487341772156 0.027715079113924013 0.22801756329113923
1.2 9.204302 6196.0 0.31188309891630184 4.3271169010836985 1.2438246483744528 -0.1135 7.229941549458151 2.058307113211898 1.1982 1.045883098916302 0.02766058450541849 0.22771753516255475
1.2 9.212816 6196.941556914393 0.3129415569143933 4.326058443085606 1.2458831138287867 -0.1135 7.230941556914393 2.061607137817498 1.1982 1.0469415569143932 0.02766 0.227417532925682
1.2 9.221166 6197.0 0.314882987651361 4.324117012348639 1.247882987651361 -0.1135 7.231941493825681 2.0650010790073137 1.1982 1.0479414938256806 0.027650585061743196 0.22711755185229585
1.2 9.229357 6197.941226783969 0.3168824535679373 4.323058773216031 1.2498824535679374 -0.1135 7.232 2.0684001710654933 1.1982 1.0498824535679374 0.027640587732160316 0.2268176319648094
1.2 9.237398 6198.0 0.3188829389788294 4.32111706102117 1.252824408468244 -0.1135 7.233882938978829 2.0718951432129513 1.1982 1.0509414694894146 0.027630585305105853 0.22642341220423412
1.2 9.245293 6198.941541973117 0.31994154197311697 4.3200584580268835 1.2548830839462337 -0.1135 7.234 2.0753953969059094 1.1982 1.0528830839462338 0.02763 0.2261175374080649
1.2 9.253047 6199.0 0.3218830364058869 4.318116963594113 1.2568830364058867 -0.1135 7.234941518202944 2.0789894655305967 1.1982 1.0539415182029435 0.027620584817970563 0.22581754453911698
1.2 9.260665 6199.941400604388 0.3238828012087767 4.316117198791223 1.2598242018131651 -0.1135 7.235941400604388 2.0825890421757984 1.1983882801208776 1.0605898042307185 0.026866879516489316 0.22561171987912232
1.2 9.26815 6200.0 0.32494116860542865 4.3150588313945715 1.2618823372108572 -0.1135 7.236941168605429 2.086282323840086 1.1984 1.0628823372108571 0.026810588313945713 0.22522353255782857
1.2 9.275509 6200.941360544218 0.3268827210884352 4.313117278911564 1.2638827210884351 -0.1135 7.237941360544218 2.089983034013605 1.1984 1.0639413605442176 0.02681 0.2249175918367347
1.2 9.282747 6201.0 0.32888298755186735 4.311117012448133 1.266824481327801 -0.1135 7.2389414937759335 2.0937776763485476 1.1984 1.0658829875518674 0.026800585062240666 0.2246175518672199
1.2 9.289865 6201.0 0.3308827334083243 4.310058633295838 1.2688827334083241 -0.1135 7.239941366704162 2.097577193475816 1.1984 1.066941366704162 0.02679058633295838 0.22422345331833515
1.2 9.296869 6201.941403458625 0.33194140345862505 4.30811719308275 1.27088280691725 -0.1135 7.240941403458625 2.1014714734886377 1.1984 1.06888280691725 0.02678058596541375 0.22391757896241246
1.2 9.30376 6202.0 0.33388237002614035 4.30611762997386 1.2738235550392105 -0.1135 7.24194118501307 2.1053706215509735 1.1984 1.0708823700261403 0.02678 0.22361764449607893
1.2 9.310545 6202.0 0.33588283901431276 4.305058580492843 1.2758828390143129 -0.1135 7.243882839014312 2.109459819979341 1.1984 1.0719414195071564 0.026770585804928436 0.22331757414785308
1.2 9.317225 6202.941414444112 0.33788282888822335 4.303117171111777 1.278824243332335 -0.1135 7.244941414444112 2.113465657776447 1.1984 1.0738828288882234 0.026760585855558884 0.22292343422235533
1.2 9.323805 6203.0 0.33988287191968375 4.301117128080317 1.2808828719196836 -0.1135 7.245941435959843 2.117654031031336 1.1984 1.0758828719196838 0.02676 0.22261756921204742
1.2 9.330286 6203.0 0.3409414671814671 4.300058532818532 1.2838244015444014 -0.1135 7.246941467181467 2.121760015444015 1.1984941467181467 1.0825902702702697 0.025978582239382313 0.22231755984555987
1.2 9.33667 6203.941075066604 0.34288215013320766 4.2981178498667925 1.2868232251998115 -0.1135 7.2479410750666045 2.125952515279736 1.1985 1.0848821501332075 0.02592058924933396 0.22201767748001885
1.2 9.342963 6204.0 0.3448819974554703 4.29611800254453 1.2888819974554702 -0.1135 7.2489409987277345 2.130246294529261 1.1985 1.0859409987277353 0.02592 0.22171770038167946
1.2 9.349167 6204.0 0.3468828276307294 4.29411717236927 1.2918242414460943 -0.1135 7.249941413815365 2.134548079406068 1.1985 1.0878828276307295 0.02591058586184635 0.2214175758553906
1.2 9.355283 6204.0 0.3488828342333496 4.293058582883325 1.2938828342333497 -0.1135 7.2509414171166755 2.1389422353133694 1.1985 1.0898828342333498 0.025900585828833252 0.2210234331533301
1.2 9.361314 6204.0 0.3499414205111184 4.291117158977763 1.2968242615333552 -0.1135 7.251941420511118 2.143436392300033 1.1985 1.091882841022237 0.0259 0.2207175738466645
1.2 9.367263 6204.0 0.35188290713324333 4.289117092866756 1.2998243606998652 -0.1135 7.253882907133243 2.1479365410497975 1.1985 1.0938829071332434 0.025890585464333784 0.2204175639300135
1.2 9.373129 6204.0 0.35388199181446156 4.287118008185538 1.3018819918144615 -0.1135 7.254940995907231 2.1525285811732617 1.1985 1.0958819918144616 0.025880590040927694 0.22011770122783075
1.2 9.378919 6204.0 0.35588275981324563 4.2851172401867546 1.3048241397198683 -0.1135 7.2559413799066235 2.157130347570465 1.1985 1.0978827598132457 0.02588 0.21981758602801316
1.2 9.384633 6204.0 0.3578826619964968 4.284058669001752 1.3078239929947453 -0.1135 7.256941330998248 2.1618242556917675 1.1985 1.0989413309982483 0.025870586690017516 0.21942346760070064
1.2 9.390273 6204.0 0.35894143744454304 4.282117125110914 1.3108243123336292 -0.1135 7.258882874889086 2.1666188997338067 1.1985 1.100882874889086 0.02587 0.21911756876663707
1.2 9.39584 6204.0 0.3608827970519506 4.28011720294805 1.313824195577926 -0.1135 7.259941398525975 2.171701132482474 1.1985941398525977 1.1094725867337778 0.025060397267661252 0.21891172029480496
1.2 9.401335 6204.0 0.3628820316766791 4.27811796832332 1.3168230475150187 -0.1135 7.260941015838339 2.177175587110868 1.1986 1.1118820316766793 0.02501 0.21852359366466417
1.2 9.406763 6204.0 0.36488270011066026 4.276117299889339 1.3198240501659904 -0.1135 7.26194135005533 2.1827715603098485 1.1986 1.1138827001106604 0.0250005864994467 0.21821759498340096
1.2 9.412124 6204.0 0.3668824188129904 4.27411758118701 1.3228236282194856 -0.1135 7.262941209406495 2.18893549832027 1.1986 1.1158824188129906 0.024990587905935047 0.21782351623740193
1.2 9.41742 6204.0 0.36888246409674985 4.27211753590325 1.3258236961451249 -0.1135 7.263941232048375 2.1954180083144372 1.1986 1.11788246409675 0.02499 0.21742350718065004
1.2 9.422652 6204.0 0.3708825554705428 4.270117444529457 1.3288238332058142 -0.1135 7.265882555470543 2.20107115531752 1.1986 1.119882555470543 0.024980587222647285 0.21711761667941856
1.2 9.42782 6203.059039876113 0.3728819202477742 4.268118079752226 1.3318228803716614 -0.1135 7.267881920247774 2.2066693766937675 1.1986 1.1228228803716613 0.02498 0.21681771196283386
1.2 9.432929 6203.0 0.37488244514106545 4.266117554858934 1.334823667711598 -0.1135 7.2689412225705325 2.2128355799373027 1.1986 1.1248824451410655 0.024970587774294672 0.21651763322884018
1.2 9.437979 6202.05866032501 0.37688267934998 4.26411732065002 1.33782401902497 -0.1135 7.26994133967499 2.219130439952437 1.1986 1.12688267934998 0.02497 0.21621759809750302
1.2 9.44297 6202.0 0.37888251804330425 4.262117481956696 1.3408237770649563 -0.1135 7.271882518043304 2.2253358059342427 1.1986 1.1288825180433042 0.02497 0.21591762229350436
1.2 9.447905 6201.058608801461 0.37994139119853976 4.26011721760292 1.3438241735956193 -0.1135 7.27388278239708 2.2315366254309468 1.1986 1.1318241735956192 0.024960586088014602 0.2156175826404381
1.2 9.452783 6200.05905269633 0.3818818946073408 4.25811810539266 1.346822841911011 -0.1135 7.274940947303671 2.2370752101701874 1.1986 1.1338818946073408 0.02496 0.21541181053926592
1.2 9.46238 6198.0587248322145 0.38494127516778526 4.254117449664429 1.3528238255033556 -0.1135 7.27888255033557 2.2478476510067114 1.1986 1.1388825503355704 0.02496 0.21491174496644297
1.2 9.47177 6195.058710092137 0.38888257981572705 4.250117420184273 1.3597651596314542 -0.1135 7.282882579815728 2.256629933576172 1.1986 1.1448238697235906 0.02496 0.2144117420184273
1.2 9.480959 6191.118213660246 0.3918817863397547 4.246118213660246 1.365822679509632 -0.1135 7.285881786339754 2.2516191768826626 1.1986 1.150822679509632 0.024969408931698772 0.21401182136602453
1.2 9.48996 6187.117541899442 0.39488245810055855 4.242117541899441 1.3718236871508378 -0.1135 7.287941229050279 2.2515764916201118 1.1985 1.1498236871508378 0.02582 0.21360587709497209
1.2 9.503119 6181.058986175115 0.39982304147465425 4.235176958525346 1.382764055299539 -0.1135 7.291882027649769 2.250316313364055 1.1985 1.1598230414746542 0.02583 0.2129235944700461
1.2 9.511676 6174.2350176263235 0.40194124559341926 4.231117508813162 1.3888237367802576 -0.1135 7.2958824911868385 2.2592356051703866 1.198405875440658 1.1601762632197423 0.026621233842537964 0.21271175088131616
1.2 9.520068 6170.066455696202 0.4060996835443034 4.2259003164556965 1.397199367088607 -0.1135 7.293066455696202 2.221525632911391 1.19840332278481 1.1672990506329102 0.02664208860759504 0.2121767405063292
1.2 9.532358 6166.609816559246 0.412 4.218304908279623 1.4090426375805654 -0.1135 7.298695091720377 2.2405511650966785 1.1984 1.176390183440754 0.02665695091720377 0.21123475458601884
1.2 9.540363 6156.262626262627 0.41334747474747446 4.214305050505051 1.4160424242424234 -0.1135 7.302347474747474 2.247268686868686 1.1982 1.1793898989898979 0.02748694949494949 0.21133474747474745
1.2 9.5521 6139.262843798651 0.41534743124026974 4.207957706279191 1.427389724961079 -0.1135 7.30565256875973 2.2515139076284396 1.198 1.1827371562013487 0.028986948624805393 0.21163474312402697
1.2 9.559752 6129.429475349329 0.4175141049301342 4.202457685209597 1.4360564197205368 -0.1135 7.307514104930134 2.2510535987345097 1.1979 1.187570524650671 0.029680282098602684 0.21145141049301341
1.2 9.570983 6110.6658871674945 0.4195556854720843 4.195332943583747 1.4472227418883374 -0.1135 7.312555685472084 2.2632894475299628 1.1976444314527916 1.1915556854720843 0.031360081847413124 0.21181113709441687
1.2 9.581931 6101.8106242497 0.426 4.18612424969988 1.4633136254501804 -0.1135 7.311437875150061 2.2455449879951983 1.1975562124849939 1.2006863745498195 0.03203408763505413 0.211
1.2 9.589079 6088.057998129092 0.427 4.181873713751169 1.4708157156220774 -0.1135 7.314563143124416 2.252302057998129 1.1973873713751169 1.204 0.033081197380729746 0.2113126286248831
1.2 9.599586 6062.970037453182 0.428 4.173323345817727 1.4850149812734088 -0.1135 7.3193383270911365 2.263914981273409 1.1968323345817728 1.2033233458177275 0.0360752434456931 0.2119
1.2 9.609844 6036.826501965184 0.4292346996069631 4.164530600786074 1.5004693992139262 -0.1135 7.324234699606963 2.2776336889388005 1.1964 1.2069387984278523 0.0387370409882089 0.21254693992139262
1.2 9.619865 6011.656750572079 0.431 4.1552189168573594 1.5155621662852807 -0.1135 7.33 2.294830816170865 1.1958 1.211343249427921 0.04131562166285281 0.21307810831426405
1.2 9.629661 5990.06263982103 0.434 4.146031319910515 1.5319686800894852 -0.1135 7.337 2.316431096196867 1.1951093959731545 1.2121565995525745 0.04437617449664388 0.213106263982103
1.2 9.63924 5976.0 0.43998317757009275 4.136016822429907 1.5499831775700927 -0.1135 7.346983177570094 2.3458646728971946 1.1947 1.2199831775700927 0.04587 0.2126
nan nan nan nan nan nan nan nan nan nan nan nan nan
nan nan nan nan nan nan nan nan nan nan nan nan nan
nan nan nan nan nan nan nan nan nan nan nan nan nan
nan nan nan nan nan nan nan nan nan nan nan nan nan
nan nan nan nan nan nan nan nan nan nan nan nan nan
nan nan nan nan nan nan nan nan nan nan nan nan nan
nan nan nan nan nan nan nan nan nan nan nan nan nan
nan nan nan nan nan nan nan nan nan nan nan nan nan
nan nan nan nan nan nan nan nan nan nan nan nan nan
nan nan nan nan nan nan nan nan nan nan nan nan nan
nan nan nan nan nan nan nan nan nan nan nan nan nan
nan nan nan nan nan nan nan nan nan nan nan nan nan
nan nan nan nan nan nan nan nan nan nan nan nan nan
nan nan nan nan nan nan nan nan nan nan nan nan nan
nan nan nan nan nan nan nan nan nan nan nan nan nan
nan nan nan nan nan nan nan nan nan nan nan nan nan
nan nan nan nan nan nan nan nan nan nan nan nan nan
nan nan nan nan nan nan nan nan nan nan nan nan nan
nan nan nan nan nan nan nan nan nan nan nan nan nan
nan nan nan nan nan nan nan nan nan nan nan nan nan
nan nan nan nan nan nan nan nan nan nan nan nan nan
nan nan nan nan nan nan nan nan nan nan nan nan nan
nan nan nan nan nan nan nan nan nan nan nan nan nan
nan nan nan nan nan nan nan nan nan nan nan nan nan
nan nan nan nan nan nan nan nan nan nan nan nan nan
nan nan nan nan nan nan nan nan nan nan nan nan nan
nan nan nan nan nan nan nan nan nan nan nan nan nan
nan nan nan nan nan nan nan nan nan nan nan nan nan
nan nan nan nan nan nan nan nan nan nan nan nan nan
nan nan nan nan nan nan nan nan nan nan nan nan nan
nan nan nan nan nan nan nan nan nan nan nan nan nan
nan nan nan nan nan nan nan nan nan nan nan nan nan
nan nan nan nan nan nan nan nan nan nan nan nan nan
nan nan nan nan nan nan nan nan nan nan nan nan nan
nan nan nan nan nan nan nan nan nan nan nan nan nan
nan nan nan nan nan nan nan nan nan nan nan nan nan
