M_Ms log_t_yr Teff L_Ls g R_Rs Log_Li_Li0 logTc logROc Mrad Rrad k2conv k2rad
1.3 5.703957 4596.209222821545 0.6819077717845474 3.4730922282154526 3.46104953278128 0.0 6.465836891286181 -0.5698499582162118 0.0 0.0 0.4485209222821545 0.0
1.3 5.738317 4598.0 0.6574742580254391 3.498157177468201 3.3630027256208357 0.0 6.477894306480921 -0.5331799515445184 0.0 0.0 0.4487 0.0
1.3 5.769327 4599.0 0.6354052830188681 3.520594716981132 3.2772590188679254 0.0 6.488637886792453 -0.5002014490566041 0.0 0.0 0.4489 0.0
1.3 5.797516 4600.0 0.6157346570397112 3.540831678700361 3.2018059566787005 0.0 6.498699007220217 -0.4703356498194946 0.0 0.0 0.4490566335740072 0.0
1.3 5.823296 4600.0 0.5970348314606743 3.559183520599251 3.134576029962547 0.0 6.5078734082397 -0.4431430711610489 0.0 0.0 0.4492218352059925 0.0
1.3 5.846997 4600.4911154248175 0.580579961176646 3.575911154248171 3.0743020755562185 0.0 6.5159644616992685 -0.41822438405256057 0.0 0.0 0.4493491115424817 0.0
1.3 5.868886 4600.0 0.5647767857142856 3.591600892857143 3.019841071428571 0.0 6.523489285714286 -0.39528749999999985 0.0 0.0 0.44946223214285713 0.0
1.3 5.889182 4600.0 0.5507074653421308 3.6056632811920823 2.9702346356290312 0.0 6.530517013863148 -0.3740275261324043 0.0 0.0 0.4495629253465787 0.0
1.3 5.908067 4599.4733303782505 0.536733303782506 3.619266696217494 2.9251465721040195 0.0 6.537106678486998 -0.3543739583333335 0.0 0.0 0.44965266696217493 0.0
1.3 5.925695 4599.0 0.5247297496318116 3.6312702503681886 2.883862223858616 -0.00013081001472753663 6.543308100147275 -0.33608894698085434 0.0 0.0 0.44973270250368186 0.0
1.3 5.942195 4598.959045871559 0.5125904587155965 3.643368587155963 2.845730422018349 -0.0004 6.549163816513762 -0.318922546788991 8.600366972474404e-05 0.007388124770639917 0.449804095412844 6.528088073392475e-05
1.3 5.95768 4598.0 0.5015830647524173 3.6537711690594783 2.810686492821565 -0.0004 6.554062701435687 -0.3028849399355408 0.0023125402871374003 0.1861385877527098 0.4499 0.0017392358628772234
1.3 5.972245 4598.0 0.4915704045058883 3.6644295954941115 2.777968253968254 -0.0004 6.558971838197644 -0.2877499743983614 0.007157757296467015 0.2647293906810042 0.44997429595494115 0.004475083461341549
1.3 5.985973 4597.0 0.48154560046694833 3.6734543995330515 2.747636801400845 -0.0004 6.563472639719832 -0.27341475266306664 0.009681759813220657 0.2960758062162573 0.45 0.005828243105209484
1.3 5.998937 4596.310206755969 0.47210206755969736 3.682897932440303 2.719306202679092 -0.0007448966220151311 6.567759172976121 -0.25986697728596425 0.01614936662783907 0.34698065666860667 0.45 0.008948969496214241
1.3 6.011202 4595.918226672471 0.46326404005224187 3.6908177332752867 2.692628573501668 -0.0009 6.571327093310114 -0.24691428675083407 0.023146009287476604 0.39125014511681994 0.45 0.0121796647801481
1.3 6.022824 4595.074952837033 0.4556745755333041 3.699250471629662 2.6681736322739797 -0.0009 6.574700188651865 -0.23468681613698988 0.0298078725874331 0.42270425917863985 0.45 0.015063661297344457
1.3 6.033854 4594.776187378009 0.44776187378009097 3.7070143135979183 2.6445094339622637 -0.0009895250487963626 6.578895250487964 -0.22300995445673366 0.0356623942745609 0.4462214703968772 0.4499 0.01755062459336372
1.3 6.044336 4594.018434179136 0.4401843417913679 3.713834092387769 2.6225345911949667 -0.0012926263283452835 6.581926263283453 -0.21187098243331084 0.0389207330297118 0.4564511385816533 0.4499 0.018907002819345143
1.3 6.05431 4593.799279798343 0.4329927979834355 3.7210072020165645 2.602179114151963 -0.0013 6.584802880806626 -0.20132934101548455 0.0477 0.4860161109110552 0.4498 0.022437992797983437
1.3 6.063814 4593.114800144041 0.42614800144040327 3.7278519985595966 2.5823292041771695 -0.0013 6.587540799423839 -0.19119904213179686 0.0477 0.48231992077781777 0.4498 0.0224311480014404
1.3 6.072875 4592.927280550774 0.41963640275387276 3.7333635972461274 2.5639819277108438 -0.0017 6.590145438898451 -0.18146187607573172 0.0564 0.5077963855421688 0.4497 0.02584
1.3 6.081531 4592.0 0.4134316392269149 3.739568360773085 2.546608589835362 -0.0017784180386542553 6.592627344309234 -0.1722317752326415 0.0579056263421617 0.5087915461703649 0.4496686327845383 0.026415588403722233
1.3 6.089803 4592.0 0.40751037938439516 3.745489620615605 2.5300290622763066 -0.0020744810307802425 6.594995848246242 -0.1632906728704367 0.06359003579098066 0.5223512312097351 0.44955020758768793 0.028588690765926978
1.3 6.097715 4591.370534438411 0.4018526721920549 3.750517862246356 2.5141874821377534 -0.0022 6.597258931123178 -0.15477900828808228 0.07204286939125469 0.5425777079165477 0.4493741068876822 0.031776076021720515
1.3 6.105296 4590.644628099173 0.396801652892562 3.7555537190082644 2.499404958677686 -0.002342148760330579 6.599421487603306 -0.146598347107438 0.07897603305785125 0.5573900826446281 0.4492289256198347 0.03436446280991736
1.3 6.112558 4590.127244229125 0.392145198062126 3.7607275577087487 2.485435594186378 -0.002549102308349955 6.6014910230835 -0.13873411228270172 0.08389117982331143 0.5665477771444855 0.449125448845825 0.03619082787118835
1.3 6.119523 4590.0 0.38731911869225305 3.765680881307747 2.4716935323383087 -0.0026 6.603472352523099 -0.1311314427860697 0.09216729211087414 0.5827137313432834 0.44887914712153515 0.03920925515280737
1.3 6.126209 4589.657616785993 0.38257616785992765 3.770081448926065 2.4587556532218047 -0.002771191607003618 6.605369532856029 -0.12382729850428856 0.09798687885446947 0.592527603317502 0.4486972850357978 0.04130437442404482
1.3 6.132634 4589.20216913589 0.37802169135889974 3.7741804777769903 2.4464585666690293 -0.0029989154320550137 6.60719132345644 -0.11681340469270557 0.10235917629545627 0.5989494151839514 0.448560650740767 0.0428665598638974
1.3 6.138808 4589.0 0.3736503041448578 3.7783496958551424 2.43489079077663 -0.0031 6.608939878342057 -0.11008146838308101 0.1043 0.6002022068185033 0.4485 0.043555300608289715
1.3 6.144749 4588.690244246788 0.36945122123394036 3.78254877876606 2.4236634194550333 -0.0032239023012847695 6.610619511506424 -0.10358390512494699 0.10727365523083447 0.6033560920513908 0.44840707327403645 0.044600072003388426
1.3 6.150465 4588.0 0.3654273734420685 3.7865726265579314 2.412472995845516 -0.0035254500692413994 6.612254500692414 -0.09728379750730962 0.11451080166179359 0.6151571395599316 0.44818091244806896 0.047152508078165685
1.3 6.15597 4588.0 0.36161563317433465 3.7903843668256654 2.4023083551315594 -0.003694860747807347 6.613948607478074 -0.0911850130789355 0.11857665794737633 0.6201971072472685 0.44805385443914447 0.04856708724419135
1.3 6.161278 4588.0 0.3579402985074625 3.7940597014925372 2.392507462686567 -0.003858208955223887 6.615582089552238 -0.08530447761194006 0.1224970149253733 0.6250567164179106 0.4479313432835821 0.049931044776119454
1.3 6.166395 4587.64951048951 0.35419608391608415 3.7974534265734263 2.3829902097902105 -0.0039 6.617051468531468 -0.07962917482517519 0.12682965034965005 0.6305058741258738 0.44775980419580425 0.051440120279720176
1.3 6.171331 4587.189277389278 0.35051421911421876 3.8006750582750586 2.373785547785547 -0.0039 6.618432167832168 -0.07415240093240044 0.1312018648018652 0.6360286713286718 0.44757571095571097 0.052963491841491975
1.3 6.176097 4586.700918233493 0.34720550940096157 3.8037944905990386 2.365214691735898 -0.004049540883253203 6.619598163533013 -0.06884936598163466 0.1358711849584615 0.6418590730214262 0.4473803672933974 0.05457397901180607
1.3 6.180699 4586.197857455181 0.34418714473108875 3.806812855268911 2.357165719282903 -0.004301071272409274 6.620604285089637 -0.06371814604285081 0.14070056843025808 0.6478454962833408 0.44717914298207256 0.056229048972453025
1.3 6.185145 4586.0 0.3410726297830851 3.809927370216915 2.3491815744577127 -0.004528491347794327 6.621963685108458 -0.058712576163781886 0.1426 0.6488187180112109 0.4471 0.05687036314891542
1.3 6.189445 4586.0 0.33792858883743593 3.8130714111625643 2.3413214720935898 -0.004738094077504274 6.623535705581282 -0.05383931269802564 0.1426 0.6465654886668291 0.4471 0.05685464294418718
1.3 6.193603 4585.753204580414 0.3350256366433085 3.815727567937105 2.333817296188685 -0.004898718167834576 6.624740386258759 -0.04914230046145898 0.14733847205605966 0.6520452059477024 0.44687788412237217 0.058454170227311864
1.3 6.197628 4585.409246282687 0.3322739702614937 3.8181352760211933 2.3265941719364207 -0.005036301486925317 6.62577226115194 -0.044602050931464535 0.1539424713724152 0.660609767561101 0.446568321654418 0.060689899162536406
1.3 6.20152 4585.076653563493 0.3296132285079469 3.8204634250555465 2.3196097248333607 -0.005169338574602656 6.62677003930952 -0.04021182703811234 0.1603282515809275 0.6688913262690154 0.446268988207144 0.06285175183729318
1.3 6.205294 4585.0 0.32718988297470714 3.8231721404303514 2.31293167232918 -0.0052 6.627724046810117 -0.035941789354472856 0.1618 0.6692432993582481 0.4462 0.06333913929784825
1.3 6.208946 4585.0 0.32489216056373477 3.8259294073235184 2.3064980495784573 -0.0052 6.628643135774506 -0.03180588901472258 0.1618 0.6672672580848119 0.4462 0.06332535296338242
1.3 6.212489 4584.816683919945 0.3225334713595586 3.828283212560386 2.300150362318841 -0.005291658040027588 6.629549948240165 -0.027798559351277195 0.1635598343685297 0.668021523464458 0.4461083419599724 0.06390294513457546
1.3 6.215923 4584.520445134575 0.32016356107660443 3.830356884057971 2.2939293478260865 -0.005439777432712223 6.630438664596273 -0.02391783126293977 0.16640372670807468 0.6704803053830228 0.4459602225672878 0.06484498447204974
1.3 6.219254 4584.23309178744 0.31786473429951656 3.832368357487923 2.2878949275362306 -0.005583454106280216 6.631300724637681 -0.02015350241545833 0.16916231884058017 0.6728653381642515 0.4458165458937198 0.06575876811594218
1.3 6.222488 4584.0 0.3156461824953441 3.834353817504656 2.2820800744878946 -0.005728305400372473 6.632141527001862 -0.016491433891991827 0.17207932960893935 0.6755005586592187 0.4456646182495344 0.06672502793296116
1.3 6.225625 4584.0 0.31355985634477235 3.836440143655228 2.276655626496408 -0.005895211492418213 6.632976057462091 -0.012902952913008435 0.1760850758180371 0.6796314844373508 0.4454559856344772 0.06805193136472479
1.3 6.228672 4584.0 0.31153338653897267 3.8384666134610272 2.271386805001329 -0.0060573290768821874 6.633786645384411 -0.009417424847032972 0.17997589784517248 0.6836438946528341 0.44525333865389727 0.0693407661612134
1.3 6.23163 4584.0 0.3094664354939093 3.8405335645060905 2.2663577842980347 -0.006195847781630669 6.634575086689784 -0.006027127233928741 0.1828211078509827 0.6861185471681339 0.4451041522183693 0.0702819240686406
1.3 6.234507 4584.0 0.3074200231172757 3.8425799768827242 2.2614975549035297 -0.0063237485551702706 6.635342491331022 -0.002727287276607024 0.18525122254823514 0.68801147861652 0.4449762514448297 0.0710851409264693
1.3 6.237302 4584.0 0.3054319374055304 3.8445680625944694 2.256775851338135 -0.006448003912154349 6.636088023472926 0.0004785009335822217 0.18761207433093263 0.6898504578998844 0.44485199608784565 0.07186546456832932
1.3 6.24002 4584.0 0.3034986218547164 3.8465013781452835 2.2521842269049515 -0.006568836134080226 6.6368130168044805 0.0035959722592698307 0.1899078865475243 0.6916387747843874 0.44473116386591977 0.07262429092202381
1.3 6.250178 4583.0 0.2969137616647001 3.8530862383353 2.234770031105867 -0.007005749222353323 6.63904311916765 0.01535522900353972 0.20023798133647974 0.7000063606135365 0.44419137616647 0.07598470020379708
1.3 6.259319 4583.0 0.2910308913439883 3.858969108656012 2.219082376917302 -0.007397940577067447 6.6419845543280065 0.025944395580821053 0.20965057384961872 0.7072619006757478 0.44360308913439883 0.07903398798669939
1.3 6.269532 4582.0 0.2836511470985153 3.866299016772701 2.20215278581068 -0.007944852515905173 6.64414950838635 0.03780301715828066 0.21977842683632184 0.7143940331598228 0.44296511470985156 0.08228200019278975
1.3 6.280296 4582.0 0.27644509024166425 3.8726473947180584 2.1845202406444377 -0.008836993983889051 6.647184969919445 0.05037282553278249 0.22977860711736497 0.7205456612623635 0.44224450902416645 0.0854611542775568
1.3 6.289723 4581.952887537994 0.2706231003039508 3.879329787234043 2.1691048632218832 -0.009223556231003075 6.649141337386019 0.06152188449848121 0.23885227963525907 0.7261214285714289 0.4416670212765957 0.08836133738601847
1.3 6.299337 4581.093420346862 0.26374736277489685 3.8853460575719656 2.1527749865903796 -0.00965328982656895 6.651719738959414 0.07286685142142024 0.2471031646701238 0.7301609243697481 0.4410653942428035 0.0909397389594137
1.3 6.309952 4581.0 0.25720175704332043 3.8917982429566793 2.136504392608301 -0.010569736443501938 6.65489912147834 0.08540657376552518 0.25727718873068733 0.7355285065131777 0.4402269009391094 0.09411912147833978
1.3 6.319012 4581.0 0.25120560678716347 3.8977943932128363 2.121835927701955 -0.01111505717447436 6.656931464404279 0.09622990778310578 0.2637806860936923 0.7373739358170417 0.43974932497233493 0.09610639690151233
1.3 6.329247 4581.0 0.24456043256997487 3.9044395674300247 2.105401081424937 -0.011829945928753142 6.659719783715013 0.10844918893129711 0.2754549618320603 0.7441472646310427 0.43881208651399495 0.09977267016539415
1.3 6.339183 4581.0 0.23834298209079552 3.9106570179092044 2.0901717339997226 -0.012465701790920446 6.662514230181869 0.12037404553658192 0.2888054491184228 0.7524541232819658 0.4376943079272525 0.10390848951825626
1.3 6.349149 4581.0 0.23177993301702518 3.917220066982975 2.0749158526374556 -0.013057605358637986 6.664644013396595 0.1324029165503762 0.2959 0.7538375383756631 0.4371 0.1060355986603405
1.3 6.359221 4581.0 0.22525056132472654 3.9237494386752734 2.059917976424362 -0.013674943867527345 6.6671108616334545 0.14462947656469233 0.30603213584058336 0.7578993264103282 0.4362028838057817 0.10911352090934594
1.3 6.368995 4581.0 0.21928200423429786 3.929717995765702 2.0457050105857446 -0.014314749470712767 6.669858997882851 0.15653664079040214 0.3192231898376851 0.7651904446012703 0.43501345095271704 0.11314554693013405
1.3 6.380304 4581.014884979702 0.21188092016238164 3.9371339648173205 2.028702300405954 -0.015020838971583211 6.673044654939107 0.17035899864681991 0.33444140730717176 0.7731029769959404 0.4335851150202977 0.11774167794316642
1.3 6.391022 4581.778220924436 0.20577423260451488 3.944003988319921 2.013435581511287 -0.01608950929420989 6.675334662773307 0.18364104408518006 0.34169309878213855 0.7732556441848871 0.43282177907556435 0.11987901858841978
1.3 6.399075 4582.0 0.2004640607101946 3.9488287514318445 2.0019281214203892 -0.016682875143184433 6.677414375715922 0.19358181557846527 0.35058900343642635 0.776553064146621 0.4318928121420389 0.12248012600229102
1.3 6.411288 4582.0 0.19314454362222863 3.956587388424993 1.9843613590555715 -0.01745873884249928 6.680927728188886 0.20883561762165276 0.36540368557443137 0.7823647854880507 0.43035571551972357 0.12688646703138498
1.3 6.419516 4582.6519976838445 0.18839200926462088 3.9616079907353794 1.9724800231615522 -0.01802599884192239 6.682651997683845 0.2191071800810651 0.37416838448176004 0.7850431962941516 0.42937840185292414 0.12943879559930507
1.3 6.431994 4583.0 0.1811344978165938 3.968865502183406 1.9550694323144102 -0.019153144104803507 6.685932751091703 0.23485746724890846 0.3814123580786027 0.7834004366812226 0.42844013100436684 0.13141973799126638
1.3 6.440402 4583.694086651054 0.1762236533957846 3.974470433255269 1.9437532201405154 -0.019847043325526923 6.6883881733021076 0.24546914519906304 0.3920843091334892 0.7873891978922715 0.42729768735363 0.13453752927400459
1.3 6.453155 4584.569782046546 0.16872087181381615 3.982279128186184 1.9265870705578132 -0.02087035833025488 6.691139564093092 0.2617286147026226 0.4124181159955669 0.7966412929442187 0.4249441743627632 0.14052560768378275
1.3 6.461752 4585.840118212042 0.16363952715182875 3.987360472848171 1.9145188769855932 -0.02169607683782783 6.693680236424085 0.27271702253417035 0.4204847506464719 0.7978481123014407 0.42392790543036574 0.14281221278167708
1.3 6.470425 4586.128887559808 0.15854889354067003 3.992515550239234 1.902904455741627 -0.022390221291866 6.696193331339712 0.2839213217703345 0.42314976076554967 0.7942055472488035 0.4235002242822967 0.14338332834928214
1.3 6.479174 4587.437051435407 0.15397031997607633 3.997748205741627 1.8917850627990425 -0.023305936004784734 6.69815557715311 0.29530234748803885 0.43989425837320656 0.8023815714712922 0.42147257027511953 0.14828894288277536
1.3 6.492443 4588.431933409005 0.14648823306848277 4.005727733636019 1.874328566023458 -0.024402353386303442 6.701647900113507 0.3125578206583428 0.44984277714718124 0.8016023533863035 0.4200328566023458 0.1509558834657586
1.3 6.501384 4589.785092697692 0.14175217555807812 4.011140370790767 1.8628267120696183 -0.025349564888384375 6.703677639046537 0.32433030646992006 0.45843533863034397 0.8025495648883844 0.4188826712069618 0.15332391222096095
1.3 6.510406 4591.079227645391 0.13644540648226203 4.016554593517738 1.8517323576737417 -0.026471304880852024 6.706237682936174 0.3362706382652667 0.4736141138610066 0.8085950731744693 0.41684946747375684 0.1576693739943299
1.3 6.519509 4591.7767220902615 0.13156294536817084 4.0214370546318285 1.840572446555819 -0.02709904988123518 6.708330166270784 0.34833729216152065 0.48254204275534474 0.8094320665083136 0.41552422802850353 0.16004085510688845
1.3 6.533317 4593.683380978135 0.1241081665765276 4.029733523912539 1.8235329521749202 -0.02847836668469448 6.71236676195627 0.36684541450977426 0.4998770764119608 0.8135717762497104 0.4129957737773313 0.16484011434752394
1.3 6.542625 4595.129754265144 0.11954586007199852 4.035454139928001 1.8120268430114252 -0.029290827985600298 6.715194631397715 0.3794223743934894 0.5120850133041168 0.8166194631397715 0.4111767334481139 0.16820760682422925
1.3 6.552014 4596.599311316325 0.11440241039286268 4.040597589607137 1.801005165127563 -0.030319517921427463 6.717398966974487 0.3921340428862108 0.520975833463766 0.8168398966974487 0.4097806542494913 0.1705588981061199
1.3 6.561484 4599.089086153603 0.10973274153919298 4.046311801537608 1.7893318538479825 -0.031162360307521637 6.7201336292304035 0.4050750495363404 0.5359389712292941 0.8217089086153602 0.40750645953871756 0.17473808353808362
1.3 6.571034 4600.6029166996905 0.10519124990092736 4.051610208448918 1.7779781247523183 -0.03222204168978362 6.722404375049536 0.41824537528731065 0.5450976460331298 0.8218602916699691 0.4059169374653246 0.17708452088452087
1.3 6.580662 4603.206182256122 0.10058763548775562 4.0564810919309515 1.7670378161380964 -0.03299621838619035 6.725206182256122 0.43158898434363796 0.5604316017663595 0.8266 0.4034556724207145 0.1813061822561222
1.3 6.590365 4605.543315937374 0.09591336812525063 4.061934403853874 1.7561311922922516 -0.03408688077077485 6.727543315937375 0.4450664552388607 0.5698580409474112 0.8266 0.40181967884383774 0.1836433159373747
1.3 6.600142 4607.914878108042 0.09117024378391503 4.067468048918766 1.7450639021624683 -0.034938292702680826 6.729914878108042 0.4588062930266464 0.5793595124321699 0.826663829270268 0.4000319267838341 0.1860148781080425
1.3 6.609986 4610.754076973255 0.08724592302674485 4.07350815394651 1.7347377690802346 -0.03608933463796482 6.732754076973255 0.47273023483365995 0.5943121656881937 0.8306466731898241 0.39744592302674486 0.189994227005871
1.3 6.619897 4613.255418719212 0.08248916256157626 4.078510837438424 1.723474712643678 -0.03695180623973729 6.736007224958949 0.48688142857142885 0.6048968555008212 0.8312 0.3954708456486042 0.19265541871921185
1.3 6.629869 4616.3032814053695 0.07812089824328786 4.0840307424593965 1.7125143354325485 -0.0380061484918794 6.738727461054028 0.5012192741133583 0.6139461136890955 0.8305090155783891 0.3936907772621809 0.19478196884322183
1.3 6.6399 4619.6400667779635 0.07435993322203664 4.089460100166945 1.70207979966611 -0.03901001669449084 6.741640066777963 0.5157342904841407 0.6270103505843077 0.8327061101836396 0.3911599332220366 0.1980960934891487
1.3 6.649986 4623.0299360914905 0.07021257988563731 4.094544904137235 1.6919101917255297 -0.03978173562058528 6.744272452068618 0.5304802219979822 0.6423832156071312 0.8364056844937774 0.38830030272452065 0.20208442650521366
1.3 6.66012 4627.07855626327 0.06653715498938431 4.1003099787685775 1.681611464968153 -0.040615711252653924 6.747462845010616 0.5454133757961782 0.6556893842887472 0.8385082802547771 0.38565286624203826 0.20541656050955412
1.3 6.670305 4630.93736094472 0.06209395858291965 4.1059060414170805 1.6711879171658393 -0.04138747218894405 6.74996868047236 0.560527520109533 0.6682744994009928 0.8400718124251241 0.3830469792914598 0.20854362485024822
1.3 6.680532 4635.330430283694 0.05853565577304457 4.111196516340433 1.6606069673191337 -0.04226608605673886 6.753464344226955 0.5758698973872561 0.6811448564283874 0.841572346296456 0.38031513322410954 0.211631301198586
1.3 6.690803 4640.557239937271 0.05496184004181921 4.115797699947726 1.6506450601150027 -0.0431595399895452 6.7562786199686355 0.5914159958180865 0.6941133298484053 0.8431671719811814 0.3774694720334554 0.2147583899634082
1.3 6.701112 4644.984424778761 0.05234371681415933 4.1209844247787615 1.6411952212389382 -0.04396407079646017 6.759656283185841 0.6071548318584069 0.7072954336283185 0.8448953274336283 0.37455856637168145 0.21787424778761058
1.3 6.71146 4650.483948850934 0.048758025574532786 4.126483948850935 1.6311934185817758 -0.044880658141822405 6.763241974425467 0.6231034516677099 0.7206695430564249 0.8465532504694626 0.3715257623178038 0.22107423768219617
1.3 6.721848 4656.058031275423 0.04597098436228875 4.132048359396185 1.6219032812076293 -0.045803868751694836 6.766038687516948 0.6392682906987253 0.7341412094368615 0.8483193437584742 0.36836614842267024 0.2242319172014824
1.3 6.732271 4661.710928319624 0.04314453584018798 4.136759106933019 1.61248178613396 -0.0461807285546416 6.769807285546416 0.6556616921269096 0.7478965922444185 0.8502036427732079 0.365068625146886 0.22734101057579323
1.3 6.742732 4668.350726491822 0.04027826007493368 4.141536233208444 1.6029275335831124 -0.04710724664168877 6.772721739925066 0.6722860915653847 0.755222900484328 0.8473968107465959 0.3629947820524536 0.2284072466416888
1.3 6.753231 4675.638821780339 0.03824605091990326 4.146884872700242 1.5936072291395647 -0.047888487270024184 6.776507898160194 0.6892593569968416 0.7686038282847062 0.8489293439881064 0.359605194201821 0.23140631852815477
1.3 6.76377 4682.52213137863 0.036279391034677165 4.151441217930646 1.5847572596560473 -0.04838015224133071 6.780080913447984 0.7063692979983086 0.7829244149985906 0.8510926698618551 0.3559308429658866 0.23455297434451652
1.3 6.76906 4686.002067474861 0.03528512357861115 4.1534297528427775 1.5802830561037502 -0.04862871910534722 6.781572314632084 0.715019424866083 0.7901328540550693 0.8521863640635278 0.35404173479936113 0.2361438022742222
1.3 6.779694 4693.93505752591 0.03326623561852245 4.158334410953693 1.5720649424740898 -0.0494801939716649 6.785467528762955 0.7326704383379286 0.8048564799847862 0.8545805172577731 0.35020584767519264 0.2393740230103641
1.3 6.790398 4703.056186261304 0.031209736386376852 4.163475659034058 1.5638389455455073 -0.05004756590340578 6.789580527227247 0.7505752934385214 0.8133344621897245 0.8523041177602464 0.34755168366365224 0.24060561862613042
1.3 6.801174 4712.488218111002 0.030056864654333083 4.167772541382668 1.5554549172346646 -0.05057156767283345 6.792829406037001 0.7688105550146044 0.8260778188899698 0.8531317624148003 0.34390471275559914 0.24305783836416728
1.3 6.812024 4722.120782591335 0.029 4.172048313036534 1.546915452186065 -0.05110603912956678 6.797048313036534 0.7875113695348374 0.8396546017169096 0.854616909562787 0.33995531044120586 0.24572898782192054
1.3 6.82295 4733.040024257126 0.029 4.176416009702851 1.5392719830200121 -0.05165200121285627 6.801312007277138 0.8066096422073983 0.8543800485142509 0.8567592177077016 0.3357071861734385 0.24858881140084896
1.3 6.833946 4744.181836797379 0.029 4.180872734718951 1.5314727142418345 -0.052209091839868965 6.804872734718952 0.8260182143954137 0.8754636633561999 0.8640200061431351 0.32963999180915315 0.25345455103921377
1.3 6.839472 4749.839664175284 0.029 4.183135865670113 1.5275122350773012 -0.052491983208764206 6.807135865670114 0.8359194123067472 0.8836675130541619 0.8658870891778437 0.327150547762875 0.25515189925258525
1.3 6.850583 4762.270850622407 0.029 4.187734854771784 1.5203977178423234 -0.053066856846473054 6.811734854771784 0.8559466182572621 0.8936161099585065 0.864452458506224 0.3236789730290455 0.25626685684647305
1.3 6.861762 4776.202172986791 0.03010928845334465 4.191437153813379 1.5133442692799322 -0.05314371538133786 6.816437153813379 0.8765125479335314 0.9101956114188319 0.8684262249680441 0.3183754154239457 0.2595169365146995
1.3 6.873014 4790.056359317643 0.031312027639818676 4.195936082919457 1.5064398618009065 -0.0535 6.821248110559275 0.8975604836968267 0.9254778017706763 0.8713071474843446 0.31319511984452586 0.2622248110559275
1.3 6.884334 4805.521490810574 0.0327246100900637 4.199449220180128 1.5001015596397451 -0.05368115252251592 6.826173830270191 0.9190923921798344 0.9383982499816943 0.8723912132972103 0.30848271216226114 0.2639854506846306
1.3 6.89002 4813.015669619976 0.03355729662444169 4.201114593248883 1.4967708135022333 -0.05388932415611042 6.828671889873325 0.9300005857801861 0.9474745332064145 0.8751390788606576 0.3053601376583437 0.2656924580801055
1.3 6.901441 4829.19957537155 0.035876857749469276 4.204815286624204 1.4912462845010614 -0.054 6.833753715498938 0.9522225053078562 0.9591505307855629 0.8751923566878981 0.3008847133757961 0.26688152866242043
1.3 6.912923 4846.391354334331 0.039484479190618614 4.207726718785928 1.4850310416187629 -0.0545 6.838968958381237 0.9750391929179129 0.9758683490457579 0.8799093124856289 0.2947248332950102 0.26964844791906184
1.3 6.924468 4865.506712457071 0.04293334374024349 4.211160006244146 1.4800666562597566 -0.05469333437402435 6.844320012488292 0.9984307211988759 0.987045363721511 0.8797346706212925 0.28997998751170784 0.2703413362472682
1.3 6.930261 4875.454105526069 0.045194114892288445 4.212516468935373 1.4778058851077116 -0.054919411489228846 6.847032937870746 1.0102771620355915 0.9936468154854823 0.8805937636590696 0.28726706212925385 0.2709743521698408
1.3 6.941885 4896.271604938271 0.04956790123456778 4.215141975308642 1.4735740740740741 -0.055 6.85270987654321 1.034584567901234 1.011536419753086 0.8869432098765433 0.2802172839506174 0.2737141975308642
1.3 6.953562 4919.808255221181 0.055640684098010214 4.2171317217562905 1.46949103765828 -0.055 6.859263443512581 1.059483703338267 1.0232699884887355 0.8878071698733762 0.2748856602532478 0.274252688702516
1.3 6.959417 4932.325111001481 0.05901060680809101 4.218575974346325 1.4675653675382339 -0.055 6.86215194869265 1.0720968426245694 1.0302505426739028 0.889347705969413 0.2718045880611739 0.2748303897385299
1.3 6.971157 4958.945821227141 0.06641309177918316 4.220353272944796 1.4644700905828063 -0.055 6.868236455306786 1.0980455392240647 1.0494612288497693 0.8980772004785507 0.2634988719876943 0.27759430011963765
1.3 6.982933 4987.2475490196075 0.07468671218487392 4.2221874124649865 1.461625175070028 -0.055093706232492996 6.8753118872549015 1.1246289478291316 1.0641362219887953 0.9026932860644257 0.2565881127450981 0.278687412464986
1.3 6.994744 5016.433431556388 0.08403160996517536 4.223 1.4596613983391376 -0.0555 6.88235440664345 1.1519255290650947 1.0784717921242968 0.9074063219930351 0.24957945352263602 0.27939841950174127
1.3 7.000664 5031.594097285481 0.08880506467480456 4.223089451630534 1.4589105483694662 -0.0555 6.885626161413737 1.16585257788304 1.0845970486427405 0.9087903807615234 0.2463291127709962 0.2792805064674805
1.3 7.012521 5063.208022388059 0.09873600746268646 4.224 1.458 -0.0555 6.893215205223881 1.1943656996268655 1.1002824906716417 0.9160846455223879 0.2381806343283583 0.2802215205223881
1.3 7.024408 5097.24844898349 0.11046816836880846 4.224 1.458 -0.0555 6.901023098215139 1.2237010690083052 1.1144988164550926 0.9223156056122936 0.230397127040183 0.28033757755082556
1.3 7.030365 5115.44297031593 0.11729111386847396 4.224 1.458 -0.0555 6.90500314975661 1.2386546912284053 1.1192180204256945 0.9225430371289491 0.2274405173236613 0.27942785148420346
1.3 7.0423 5153.275578245469 0.13046384663471597 4.222961346113774 1.4600773077724527 -0.0555 6.913270577203584 1.2692779433215262 1.1374208272556785 0.9355927693269432 0.2171874036257552 0.2805420191706605
1.3 7.054257 5194.553805774277 0.14588123359580005 4.221402887139108 1.4625971128608923 -0.0555 6.922089895013123 1.3009444881889756 1.1492215223097109 0.94100498687664 0.20951154855643075 0.2791298556430446
1.3 7.060244 5215.505686789151 0.1543929352580925 4.220093394575678 1.463906605424322 -0.0555 6.926673118985127 1.3170512467191597 1.1576022747156602 0.947814348206474 0.2042735783027123 0.2791953302712161
1.3 7.072239 5261.136578278241 0.1714028332727931 4.2182230294224485 1.4682949509625862 -0.0555 6.9363309117326555 1.3501545949872862 1.168425136215038 0.9532064293497999 0.19662520886305865 0.27687769705775517
1.3 7.084254 5308.96350154083 0.19068239599383607 4.214886267334361 1.4738562211093988 -0.0555 6.946341197996918 1.3843744510785814 1.1844753177966099 0.9689214560862863 0.18557854391371367 0.27620901386748853
1.3 7.090269 5333.871533127889 0.20110901386748864 4.213148497688752 1.4767525038520803 -0.0555 6.9515545069337445 1.4018100731895227 1.1902099576271188 0.9733238058551619 0.18117619414483813 0.2748187981510015
1.3 7.102324 5385.864067095088 0.2223422285154124 4.208016991613114 1.4853762117416405 -0.0555 6.962769415096395 1.4378048469665616 1.2054728134190176 0.99215315325128 0.1693237882583596 0.27334951530334384
1.3 7.114401 5439.253461429782 0.2457411698219834 4.201786097767731 1.495427804464538 -0.0555 6.974427804464538 1.4750445888669113 1.218098926250353 1.0089053404916641 0.15829807855326375 0.27039155128567394
1.3 7.120449 5466.621176470588 0.2582700767263423 4.19890547314578 1.5011620460358053 -0.0555 6.980135038363172 1.4940240204603574 1.2260228849104857 1.0222025575447566 0.15137846547314596 0.2694527365728901
1.3 7.132567 5523.8342043811845 0.2837794951629039 4.190073501612366 1.5163025686645164 -0.0555 6.992752140553764 1.5331463360391406 1.2378071833648392 1.0433299232736566 0.1395827310130104 0.2652844434560214
1.3 7.144711 5583.112737792585 0.3128097659331996 4.180067940738143 1.5338777066713425 -0.0555 7.006411677040414 1.5739336723064794 1.2494908915578156 1.0693709125975284 0.12672133777505015 0.26063804681336006
1.3 7.150796 5613.55330986715 0.3277593959350513 4.17468933802657 1.5435177699557168 -0.0555 7.013379697967525 1.5948527989099577 1.2542141137731349 1.0800355399114336 0.12100304303395044 0.2576757352106279
1.3 7.162985 5676.962185273159 0.3591561995249405 4.162147648456058 1.565354489311164 -0.0555 7.028552779097387 1.637362973871734 1.2662920095011876 1.1223081235154393 0.10504253491686466 0.25244893111638955
1.3 7.169089 5710.019477434676 0.37597482185273 4.1557681710213785 1.5775334916864596 -0.0555 7.036092161520189 1.6589952019002354 1.2717435629453677 1.1443463182897842 0.09699859382422879 0.24954916864608104
1.3 7.181315 5779.868110802258 0.41012767181059945 4.14275318700278 1.6010851145403995 -0.0555 7.0530638359052995 1.7027595897632493 1.280807236652928 1.1917829962618591 0.08107093070066206 0.24271318891977411
1.3 7.193567 5854.893185216833 0.444969878231147 4.130624652851955 1.6233287759025847 -0.0555 7.071328775902585 1.7463967314676347 1.2877986327707756 1.2420328989532148 0.06555215765862006 0.23521068147831664
1.3 7.199706 5893.913605642083 0.46185150357527754 4.125572729944167 1.6328545401116665 -0.0555 7.0812818101675 1.767642864139486 1.2906492408659027 1.2667772553629164 0.05810602017827371 0.2313300029385834
1.3 7.212006 5977.835233468819 0.49242549816595543 4.119441261029047 1.645117477941905 -0.0555 7.10330802022405 1.806022345593337 1.2945425498165957 1.3119398235352424 0.044915703380589186 0.2234679091900468
1.3 7.224347 6064.682917162109 0.5180463733650418 4.119005152596116 1.6459896948077684 -0.0555 7.126046373365042 1.837809512485137 1.2970543797066985 1.3500772889417363 0.03346204518430433 0.21623583036068167
1.3 7.230531 6108.001231148047 0.5284330563250234 4.12083594952293 1.6423281009541395 -0.0555 7.137149584487535 1.851365989535242 1.297995537088335 1.3663136349646046 0.028309889196675795 0.21297454601415813
1.3 7.242929 6191.984886649876 0.5409219143576829 4.131996977329975 1.6207748110831226 -0.0555 7.159150125944585 1.8710204030226705 1.2988921914357683 1.3779219143576826 0.021012740554155983 0.20798528967254398
1.3 7.249142 6232.576128175959 0.5439511755783086 4.140214827455442 1.605619169510807 -0.0555 7.169146473265074 1.8781429654910886 1.2992029294653014 1.3808437618505875 0.017796506446719696 0.20619121160409554
1.3 7.261598 6298.9141271442995 0.5355502522704334 4.1674790110999 1.5570566094853666 -0.0555 7.1858263370333 1.88158683148335 1.2995202926337035 1.3591151362260334 0.014040820383451003 0.20566526740666
1.3 7.274086 6338.776144942123 0.5090667337695032 4.204242778057371 1.4921334675390066 -0.0555 7.195771414192249 1.8733347861097136 1.2996 1.3138286864620057 0.012634619023653749 0.2090399899345745
1.3 7.280342 6349.0 0.49086272461345537 4.225137275386545 1.456676138737985 -0.0555 7.199285206853322 1.8669017760133721 1.2996 1.2832465524446295 0.012718907229419152 0.21184189302131223
1.3 7.292874 6343.484560570071 0.44629216152018913 4.26823705463183 1.3854090261282648 -0.0555 7.202367695961995 1.8536495011876482 1.2995264608076011 1.21777672209026 0.01418700712589078 0.21961064133016642
1.3 7.299152 6334.537292161519 0.42243277909738497 4.289710498812354 1.352005890736339 -0.0555 7.2029641805225655 1.847565358669833 1.299407163895487 1.1849700712589044 0.015350152019002482 0.22384568171021416
1.3 7.311731 6305.786214460473 0.38060642875221395 4.323135071289969 1.3008872859191758 -0.0555 7.2018202142917405 1.838031392896313 1.299146064287522 1.1299883573778782 0.018542729266852343 0.2315427571079053
1.3 7.324338 6276.713965798045 0.3515949714983713 4.3449366856677525 1.2685949714983713 -0.0555 7.200412662866449 1.8318777280130294 1.2988706331433224 1.093301302931596 0.0215916164495114 0.2371516388436482
1.3 7.330655 6265.139657980456 0.34194971498371324 4.351366856677525 1.2589497149837132 -0.0555 7.199126628664495 1.8300772801302931 1.2988063314332248 1.0830130293159608 0.022646164495114023 0.23901638843648212
1.3 7.34331 6252.639044229792 0.33400864260294877 4.355495678698525 1.253630401626843 -0.0555 7.198126080325369 1.8294630401626841 1.2985378240976106 1.0723868835790544 0.02426188103711233 0.24042348754448398
1.3 7.349649 6249.427579139148 0.33352414028695065 4.354951719426099 1.254048280573901 -0.0555 7.19747585971305 1.8300289683443407 1.2985 1.0720482805739011 0.02448 0.24054758597130493
1.3 7.362351 6248.826833527358 0.33648050058207224 4.351519499417928 1.2583073341094295 -0.0555 7.197 1.8320883003492434 1.2985826833527356 1.0787878346915019 0.02390121653084982 0.24000389988358556
1.3 7.375074 6253.537083125933 0.3424444997511197 4.347370333499254 1.2644444997511195 -0.0555 7.197 1.8351222498755597 1.2986 1.0827222498755598 0.023743703334992535 0.23881110004977607
1.3 7.381444 6256.619888873059 0.3452456190340505 4.345502920643967 1.2672456190340504 -0.0555 7.197374269839009 1.8366350904687276 1.2986748539678017 1.0863684285510757 0.023365730160991586 0.23828830317709074
1.3 7.394196 6263.439144332432 0.3504634865994592 4.342268256700271 1.272219572166216 -0.0555 7.1982439144332435 1.839846397836243 1.2988 1.0932195721662161 0.02260584706171624 0.23725851979345952
1.3 7.400581 6267.364027538726 0.35281841652323587 4.341090791738382 1.2741820137693631 -0.0555 7.1986364027538725 1.8416910929432013 1.2988 1.0951820137693633 0.022389978485370048 0.2367090361445783
1.3 7.413365 6274.663466666667 0.35683173333333335 4.33890096 1.2774653866666668 -0.0555 7.199366346666666 1.8453416373333333 1.2988366346666667 1.0995644266666666 0.02179068213333333 0.235760384
1.3 7.419769 6278.078933333333 0.35853946666666664 4.3378763199999995 1.2788315733333333 -0.0555 7.199707893333334 1.8471518346666667 1.2988707893333333 1.1019552533333334 0.021418396266666667 0.23535052799999998
1.3 7.432604 6286.138028955822 0.36205521158232873 4.3363149294725565 1.2806850705274428 -0.0555 7.200685070527443 1.8513717750570273 1.2989685070527441 1.1060552115823288 0.02067525627298539 0.23452045063078994
1.3 7.439037 6290.630138261719 0.36385205530468784 4.335715981565104 1.281284018434896 -0.0555 7.201284018434896 1.8537076718960943 1.2990284018434894 1.107852055304688 0.020303908570364508 0.23410118709557282
1.3 7.451926 6299.827954350227 0.3674886489139772 4.334787335869431 1.2826379923917046 -0.0555 7.202425328261136 1.858690440544852 1.2991212664130567 1.111275984783409 0.019572903423732968 0.2332384709780341
1.3 7.464849 6309.342986869554 0.37118893933816 4.334258722951692 1.2842238311449257 -0.0555 7.203482554096617 1.8641351535975783 1.2991741277048308 1.1144476622898516 0.018859275984783423 0.23233982901787542
1.3 7.471325 6314.114762404545 0.3730382541348485 4.333989070247186 1.2850109297528138 -0.0555 7.204010929752814 1.8668677644674458 1.2992005464876406 1.1160546487640695 0.018499944627411252 0.23188961673482683
1.3 7.484301 6323.976729036228 0.3763255763454092 4.3330498353298825 1.2859501646701168 -0.0555 7.204950164670117 1.8726910209547247 1.2992475082335058 1.1207508233505845 0.017635848503492445 0.23099734356338894
1.3 7.490802 6328.917592559083 0.37797253085302746 4.332579276899135 1.2864207231008649 -0.0555 7.205420723100866 1.875608483225363 1.2992710361550432 1.123103615504325 0.017202934747204204 0.23055031305417825
1.3 7.503829 6338.919142585809 0.38119278252611577 4.332 1.2871703975037307 -0.0555 7.206511192511193 1.881449247049247 1.299317039750373 1.1266815900149232 0.016458707095373774 0.22967624474291143
1.3 7.510355 6344.009971509971 0.3827421652421652 4.332 1.2873917378917379 -0.0555 7.207175213675214 1.88437094017094 1.2993391737891737 1.1275669515669515 0.01618424501424503 0.22925569800569803
1.3 7.523432 6354.211131461131 0.385846866096866 4.332 1.2878352665852666 -0.0555 7.208505799755799 1.8902255189255188 1.2993835266585267 1.1293410663410661 0.015634269434269446 0.22841299348799352
1.3 7.529983 6359.265123226288 0.3873450336071695 4.331942494398805 1.288057505601195 -0.0555 7.20911501120239 1.8931993278566093 1.2994057505601195 1.1303450336071694 0.015348342046303228 0.22799648991784915
1.3 7.543113 6369.070948469007 0.3900193495824564 4.33149677506959 1.2885032249304094 -0.0555 7.210006449860819 1.8993948265326908 1.2994503224930412 1.1330193495824563 0.01471542059881866 0.2271941951252631
1.3 7.54969 6373.98282300224 0.39135895172788376 4.331273508045353 1.2887264919546473 -0.0555 7.210452983909295 1.9024982381695974 1.299472649195465 1.1343589517278836 0.014398381424400841 0.22679231448163487
1.3 7.562868 6383.1281772830625 0.393868938134184 4.331 1.289 -0.0555 7.211347575253674 1.9082811789459395 1.2995173787626837 1.1372165133878576 0.013782338208843796 0.22607407608511218
1.3 7.574057 6389.963009468219 0.3957675026300607 4.331 1.289 -0.0555 7.212107001052025 1.9126099059965385 1.2995553500526014 1.139874503682085 0.0132849143109241 0.22558044931618423
1.3 7.583352 6395.640886415312 0.39734469067091993 4.331 1.289 -0.0555 7.212737876268368 1.9162058947296974 1.2995868938134185 1.1420825669392878 0.012871691044218985 0.22517038042556084
1.3 7.591318 6399.870612902246 0.39837412258044913 4.331124707526817 1.2887505849463672 -0.0555 7.213124707526816 1.9187724847306207 1.2996124707526817 1.143374122580449 0.012592751526937923 0.22487529247318364
1.3 7.601487 6404.505667142726 0.39930113342854534 4.331433711142848 1.2881325777143031 -0.0555 7.213433711142849 1.9214299158284964 1.299643371114285 1.1443011334285453 0.012327008417150342 0.22456628885715157
1.3 7.610113 6408.437418335409 0.40008748366708197 4.331695827889027 1.2876083442219453 -0.0555 7.213695827889028 1.9236841198456347 1.2996695827889029 1.145087483667082 0.012101588015436513 0.2243041721109727
1.3 7.619907 6412.901546689355 0.4009803093378711 4.3319934364459565 1.2870131271080858 -0.0555 7.213993436445957 1.9262435534352305 1.2996993436445958 1.145980309337871 0.011845644656476952 0.22400656355404297
1.3 7.630201 6415.764352524892 0.40155287050497845 4.332276435252489 1.2864471294950215 -0.0555 7.214276435252489 1.927682176262446 1.2997 1.1457235647475108 0.011751540719203452 0.2238617823737554
1.3 7.640556 6418.604684971336 0.40212093699426726 4.3325604684971335 1.2858790630057326 -0.0555 7.214560468497134 1.929102342485668 1.2997 1.1454395315028663 0.011660650080917245 0.2237197657514332
1.3 7.64936 6421.019584716241 0.4026039169432482 4.332801958471625 1.2853960830567517 -0.0555 7.214801958471624 1.9303097923581205 1.2997 1.145198041528376 0.01158337328908029 0.22359902076418794
1.3 7.659376 6423.488591542264 0.403 4.3331395975835045 1.284930201208248 -0.0555 7.215139597583504 1.9314675171002047 1.2997 1.144930201208248 0.011498362374556892 0.22347906036247442
1.3 7.669919 6425.330945129562 0.403 4.3336659843227325 1.284667007838634 -0.0555 7.215665984322732 1.9320991811872785 1.2997 1.144667007838634 0.011416772429976534 0.2234001023515902
1.3 7.679717 6427.043112486894 0.403 4.334155174996256 1.2844224125018722 -0.0555 7.216155174996255 1.9326862099955064 1.2997 1.1444224125018723 0.011340947875580407 0.2233267237505617
1.3 7.689565 6428.764017175096 0.403 4.334646862050027 1.2841765689749862 -0.0555 7.216646862050027 1.933276234460033 1.2997 1.144176568974986 0.011264736382245745 0.2232529706924959
1.3 7.69925 6430.299205021879 0.40305984100437586 4.335 1.2839401589956243 -0.0555 7.217059841004375 1.9338496025109395 1.2997 1.1441196820087516 0.011189654058512221 0.22318204769868727
1.3 7.709159 6431.434282572339 0.4032868565144677 4.335 1.2837131434855322 -0.0555 7.217286856514467 1.934417141286169 1.2997 1.1445737130289353 0.01111246878508099 0.2231139430456597
1.3 7.719013 6432.5630598639145 0.40351261197278293 4.335 1.283487388027217 -0.0555 7.217512611972783 1.9349815299319573 1.2997 1.1450252239455656 0.011035711929253818 0.22304621640816513
1.3 7.729013 6433.708561479071 0.40374171229581435 4.335 1.2832582877041856 -0.0555 7.2177417122958145 1.9355542807395358 1.2997 1.1454834245916286 0.010957817819423126 0.2229774863112557
1.3 7.739224 6434.878233178309 0.40397564663566177 4.335 1.2830243533643382 -0.0555 7.2179756466356615 1.9361391165891544 1.2997 1.1459512932713234 0.010878280143875005 0.22290730600930148
1.3 7.749093 6435.9333135492625 0.4041866627098525 4.335 1.2828133372901476 -0.0555 7.2181866627098525 1.9366853230456165 1.2997 1.1463733254197048 0.01080653467865016 0.22284400118704425
1.3 7.759024 6436.985861454977 0.4043971722909954 4.335 1.2826028277090045 -0.0555 7.218397172290995 1.937232647956588 1.2997 1.1467943445819908 0.010734961421061557 0.22278084831270137
1.3 7.769006 6438.043814651518 0.40460876293030357 4.335 1.2823912370696964 -0.0555 7.2186087629303035 1.9377827836187893 1.2997 1.147217525860607 0.010663020603696794 0.22271737112090892
1.3 7.779002 6439.103251653383 0.40482065033067666 4.335 1.2821793496693235 -0.0555 7.218820650330676 1.9383336908597593 1.2997 1.147641300661353 0.010590978887569949 0.222653804900797
1.3 7.78911 6440.130243960302 0.4050651219801511 4.335 1.2820325609900756 -0.0555 7.219032560990076 1.9388651219801512 1.2997 1.1479674390099244 0.010529674390099244 0.22259023170297734
1.3 7.798976 6440.910442449884 0.4054552212249417 4.335 1.2822276106124708 -0.0555 7.219227610612471 1.9392552212249416 1.2997 1.1477723893875291 0.01052772389387529 0.22253171681625875
1.3 7.809045 6441.706694080898 0.4058533470404492 4.335 1.2824266735202245 -0.0555 7.219426673520225 1.9396533470404493 1.2997 1.1475733264797754 0.010525733264797754 0.2224719979439326
1.3 7.819059 6442.498596338619 0.4062492981693092 4.335 1.2826246490846547 -0.0555 7.219624649084655 1.9400492981693094 1.2997 1.1473753509153453 0.010523753509153454 0.2224126052746036
1.3 7.829017 6443.286070143529 0.40664303507176464 4.335 1.2828215175358824 -0.0555 7.219821517535882 1.9404430350717647 1.2997 1.1471784824641176 0.010521784824641176 0.2223535447392353
1.3 7.839033 6444.073431316078 0.40701835782901946 4.335 1.283 -0.0555 7.220018357829019 1.940831208309333 1.299701835782902 1.1470550734870584 0.010513574759843181 0.22229449265129414
1.3 7.84897 6444.811980898939 0.40720299522473474 4.335 1.283 -0.0555 7.220202995224734 1.9411450918820492 1.2997202995224735 1.1476089856742042 0.010448951671342839 0.22223910143257958
1.3 7.858986 6445.556402014158 0.4073891005035396 4.335 1.283 -0.0555 7.22038910050354 1.9414614708560174 1.299738910050354 1.1481673015106189 0.010383814823761127 0.2221832698489381
1.3 7.869011 6446.301492038127 0.40757537300953195 4.335 1.283 -0.0555 7.220575373009532 1.9417781341162044 1.2997575373009533 1.1487261190285958 0.010318619446663815 0.22212738809714042
1.3 7.879364 6447.070960069864 0.4077677400174659 4.335 1.283 -0.0555 7.220767740017466 1.942105158029692 1.2997767740017467 1.1493032200523978 0.010251290993886919 0.2220696779947602
1.3 7.890986 6447.934744235307 0.4079836860588268 4.335 1.283 -0.0555 7.220983686058827 1.9424722663000054 1.2997983686058827 1.1499510581764802 0.010175709879410619 0.22200489418235198
1.3 7.901732 6448.520711308111 0.40817357043603675 4.335 1.283 -0.0555 7.221173570436037 1.9427256415668477 1.2998 1.149826429563963 0.010168264295639632 0.22194792886918896
1.3 7.912677 6449.0982533903225 0.4083660844634408 4.335 1.283 -0.0555 7.221366084463441 1.942975909802473 1.2998 1.1496339155365591 0.010166339155365592 0.22189017466096775
1.3 7.919654 6449.46641338188 0.4084888044606265 4.335 1.283 -0.0555 7.221488804460627 1.9431354457988144 1.2998 1.1495111955393735 0.010165111955393736 0.22185335866181205
1.3 7.933642 6450.204527465569 0.408734842488523 4.335 1.283 -0.0555 7.221734842488523 1.9434552952350799 1.2998 1.149265157511477 0.01016265157511477 0.2217795472534431
1.3 7.940643 6450.573953881061 0.40885798462702055 4.335 1.283 -0.0555 7.221857984627021 1.9436153800151266 1.2998 1.1491420153729794 0.010161420153729795 0.22174260461189385
1.3 7.954667 6451.199487033343 0.4090997435166714 4.334900256483328 1.2830997435166713 -0.0555 7.222099743516671 1.9439296665716728 1.2998 1.149 0.01016 0.22168005129666574
1.3 7.961691 6451.434982314385 0.4092174911571924 4.334782508842808 1.2832174911571923 -0.0555 7.222217491157193 1.9440827385043502 1.2998 1.149 0.01016 0.22165650176856153
1.3 7.975766 6451.906878111747 0.4094534390558731 4.334546560944126 1.2834534390558732 -0.0555 7.222453439055873 1.944389470772635 1.2998 1.149 0.01016 0.22160931218882537
1.3 7.982818 6452.143312155298 0.40957165607764906 4.334428343922351 1.2835716560776491 -0.0555 7.222571656077649 1.9445431529009438 1.2998 1.149 0.01016 0.2215856687844702
1.3 7.98988 6452.380081471175 0.40969004073558746 4.334309959264412 1.2836900407355876 -0.0555 7.222690040735587 1.9446970529562637 1.2998 1.149 0.01016 0.2215619918528825
1.3 8.004033 6452.854592392671 0.40992729619633544 4.334072703803664 1.2839272961963355 -0.0555 7.222927296196335 1.945005485055236 1.2998 1.149 0.01016 0.2215145407607329
1.3 8.01113 6453.0443651444275 0.4100443651444278 4.334 1.2840443651444278 -0.0555 7.223044365144427 1.9451488016588707 1.2998 1.1492218257221392 0.0101435848965617 0.22149112697111442
1.3 8.025363 6453.273151050457 0.4102731510504573 4.334 1.2842731510504573 -0.0555 7.223273151050457 1.945400466155503 1.2998 1.1503657552522866 0.010058934111330789 0.22144536978990853
1.3 8.032498 6453.387841378534 0.41038784137853435 4.334 1.2843878413785343 -0.0555 7.223387841378535 1.9455266255163879 1.2998 1.1509392068926718 0.010016498689942291 0.22142243172429313
1.3 8.039644 6453.502708524216 0.41050270852421594 4.334 1.284502708524216 -0.0555 7.223502708524216 1.9456529793766375 1.2998 1.1515135426210799 0.009973997846040096 0.2213994582951568
1.3 8.053988 6453.733278680619 0.41073327868061915 4.334 1.2847332786806192 -0.0555 7.223733278680619 1.945906606548681 1.2998 1.1526663934030958 0.009888686888170902 0.22135334426387615
1.3 8.061181 6453.848901319702 0.41084890131970225 4.334 1.2848489013197022 -0.0555 7.223848901319703 1.9460337914516725 1.2998 1.1532445065985113 0.009845906511710153 0.22133021973605954
1.3 8.075616 6454.078041446441 0.41107804144644045 4.333921958553559 1.2850780414464404 -0.0555 7.224 1.9462858455910845 1.2998 1.154 0.009789765875660678 0.2212843917107119
1.3 8.082861 6454.190337430445 0.41119033743044464 4.333809662569555 1.2851903374304445 -0.0555 7.224 1.9464093711734891 1.2998 1.154 0.009789428987708666 0.22126193251391105
1.3 8.090124 6454.302912410682 0.4113029124106824 4.333697087589317 1.2853029124106825 -0.0555 7.224 1.9465332036517506 1.2998 1.154 0.009789091262767953 0.2212394175178635
1.3 8.104706 6454.52893035944 0.4115289303594401 4.333471069640559 1.2855289303594402 -0.0555 7.224 1.9467818233953842 1.2998 1.154 0.00978841320892168 0.22119421392811198
1.3 8.112025 6454.64237332796 0.41164237332796005 4.33335762667204 1.28564237332796 -0.0555 7.224 1.946906610660756 1.2998 1.154 0.00978807288001612 0.22117152533440798
1.3 8.119365 6454.756141792086 0.4117561417920858 4.333243858207914 1.2857561417920857 -0.0555 7.224 1.9470317559712944 1.2998 1.154 0.009787731574623744 0.22114877164158284
1.3 8.134104 6454.984593207992 0.4119845932079917 4.333015406792009 1.2859845932079916 -0.0555 7.224 1.947283052528791 1.2998 1.154 0.009787046220376025 0.22110308135840165
1.3 8.141506 6455.096263914552 0.41209626391455223 4.332903736085448 1.2860962639145523 -0.0555 7.224096263914553 1.9474155166974627 1.2998 1.1540962639145522 0.009786807472170896 0.22108074721708953
1.3 8.156373 6455.319602806196 0.41231960280619523 4.332680397193805 1.2863196028061952 -0.0555 7.224319602806196 1.9476835233674343 1.2998 1.1543196028061953 0.00978636079438761 0.22103607943876094
1.3 8.163838 6455.431745459462 0.4124317454594619 4.332568254540538 1.2864317454594618 -0.0555 7.224431745459462 1.9478180945513544 1.2998 1.154431745459462 0.009786136509081077 0.22101365090810762
1.3 8.171329 6455.544278696651 0.4125442786966515 4.332455721303348 1.2865442786966514 -0.0555 7.224544278696651 1.9479531344359817 1.2998 1.1545442786966515 0.009785911442606697 0.2209911442606697
1.3 8.186386 6455.770471855424 0.41277047185542387 4.332229528144576 1.2867704718554238 -0.0555 7.2247704718554235 1.9482245662265085 1.2998 1.154770471855424 0.009785459056289152 0.22094590562891522
1.3 8.193951 6455.884116754548 0.412884116754548 4.332115883245452 1.286884116754548 -0.0555 7.224884116754548 1.9483609401054576 1.2998 1.154884116754548 0.009785231766490904 0.2209231766490904
1.3 8.201545 6455.998197304971 0.4129981973049709 4.332001802695029 1.286998197304971 -0.0555 7.224998197304971 1.948497836765965 1.2998 1.154998197304971 0.009785003605390058 0.22090036053900583
1.3 8.209166 6456.0 0.4131096877970315 4.331890312202969 1.2872193755940629 -0.0555 7.2251096877970316 1.948642594136141 1.2998 1.1551096877970315 0.00978489031220297 0.22087806244059371
1.3 8.224492 6456.0 0.4133338012722088 4.331666198727791 1.2876676025444176 -0.0555 7.225333801272209 1.9489339416538713 1.2998 1.1553338012722087 0.00978466619872779 0.22083323974555824
1.3 8.2322 6456.0 0.4134465160488411 4.331553483951159 1.2878930320976822 -0.0555 7.225446516048841 1.9490804708634935 1.2998 1.1554465160488412 0.009784553483951158 0.2208106967902318
1.3 8.23994 6456.0 0.4135596987643489 4.331440301235651 1.2881193975286978 -0.0555 7.225559698764349 1.9492276083936535 1.2998 1.1555596987643488 0.009784440301235651 0.2207880602471302
1.3 8.255523 6456.0 0.4137875703736199 4.3312124296263805 1.2885751407472399 -0.0555 7.22578757037362 1.949523841485706 1.2998 1.1557875703736198 0.00978421242962638 0.220742485925276
1.3 8.263369 6456.0 0.41390230313665277 4.331097696863347 1.2888046062733056 -0.0555 7.225902303136653 1.9496729940776487 1.2998 1.1559023031366527 0.009784097696863347 0.22071953937266944
1.3 8.271256 6456.0 0.4140353442843954 4.330964655715605 1.2890353442843954 -0.0555 7.226017672142198 1.9498406459270547 1.2998 1.1560353442843954 0.009783946983573407 0.2206929311431209
1.3 8.279185 6456.0 0.41426771976612986 4.33073228023387 1.2892677197661297 -0.0555 7.226133859883065 1.9501078777310494 1.2998 1.1562677197661297 0.009783598420350804 0.22064645604677402
1.3 8.295178 6456.0 0.4147364271793444 4.330263572820655 1.2897364271793443 -0.0555 7.226368213589672 1.950646891256246 1.2998 1.1567364271793443 0.009782895359230983 0.2205527145641311
1.3 8.30325 6456.0 0.41497299356710576 4.3300270064328945 1.2899729935671058 -0.0555 7.226486496783553 1.9509189426021716 1.2998 1.1569729935671058 0.009782540509649341 0.22050540128657883
1.3 8.311377 6456.0 0.4152111718418006 4.3297888281581995 1.2902111718418006 -0.0555 7.2266055859209 1.9511928476180707 1.2998 1.1572111718418006 0.009782183242237298 0.22045776563163988
1.3 8.319562 6456.0 0.41545104992453435 4.329548950075465 1.2904510499245343 -0.0555 7.2267255249622675 1.9514687074132144 1.2998 1.1574510499245343 0.009781823425113198 0.22040979001509312
1.3 8.336125 6456.0 0.41593646234778653 4.329063537652213 1.2909364623477866 -0.0555 7.226968231173894 1.9520269316999546 1.2998 1.1579364623477866 0.00978109530647832 0.2203127075304427
1.3 8.344514 6456.0 0.4162110172653573 4.328894491367321 1.291316525898036 -0.0555 7.227105508632679 1.9523532207184289 1.2998 1.1582110172653572 0.009780894491367322 0.22026834741019638
1.3 8.352981 6456.0 0.41649821919202196 4.328750890403989 1.291747328788033 -0.0555 7.227249109596011 1.9526978630304264 1.2998 1.158498219192022 0.00978075089040399 0.2202252671211967
1.3 8.361531 6456.0 0.4167882364912994 4.32860588175435 1.292182354736949 -0.0555 7.22739411824565 1.9530458837895592 1.2998 1.1587882364912994 0.00978060588175435 0.22018176452630508
1.3 8.370171 6456.0 0.4170813066042535 4.328459346697874 1.2926219599063804 -0.0555 7.2275406533021265 1.953397567925104 1.2998 1.1590813066042536 0.009780459346697874 0.22013780400936198
1.3 8.387747 6456.0 0.4176774871951426 4.328161256402429 1.293516230792714 -0.0555 7.227838743597571 1.9541129846341712 1.2998 1.1596774871951425 0.00978016125640243 0.2200483769207286
1.3 8.396696 6456.0 0.4179810386350531 4.328009480682474 1.2939715579525797 -0.0555 7.227990519317526 1.9544772463620637 1.2998 1.159981038635053 0.009780009480682474 0.22000284420474203
1.3 8.405768 6456.0 0.41816401117426066 4.3276719776514785 1.294492033522782 -0.0555 7.22816401117426 1.9548772257007996 1.2998 1.1603280223485213 0.009779671977651479 0.2199507966477218
1.3 8.41497 6456.0 0.4183412965995569 4.327317406800886 1.2950238897986708 -0.0555 7.228341296599557 1.9552849821789808 1.2998 1.1606825931991138 0.009779317406800887 0.21989761102013294
1.3 8.424315 6456.0 0.41852133705808686 4.326957325883826 1.2955640111742608 -0.0555 7.228521337058087 1.9556990752335999 1.2998 1.1610426741161737 0.009778957325883826 0.21984359888257393
1.3 8.433811 6456.0 0.4187042866775841 4.326591426644832 1.2961128600327523 -0.0555 7.228704286677584 1.9561198593584435 1.2998 1.161408573355168 0.009778591426644832 0.21978871399672478
1.3 8.443476 6456.0 0.41889049224544844 4.3262190155091025 1.2966714767363452 -0.0555 7.228890492245449 1.9565481321645315 1.2998 1.1617809844908968 0.009778219015509104 0.21973285232636547
1.3 8.45332 6456.0 0.4191794689272849 4.325820531072715 1.2972692033909272 -0.0555 7.229 1.9569974158200134 1.2998 1.1625384067818547 0.009752515412325543 0.2196820531072715
1.3 8.463358 6456.0 0.41961252399749777 4.3253874760025015 1.2979187859962467 -0.0555 7.229 1.9574737763972476 1.2998 1.1638375719924934 0.009691021592355313 0.21963874760025023
1.3 8.473605 6456.0 0.42005459565564396 4.324945404344356 1.2985818934834659 -0.0555 7.229 1.9579600552212084 1.2998 1.1651637869669318 0.009628247416898555 0.2195945404344356
1.3 8.484082 6456.0 0.42050658987467376 4.324493410125326 1.2992598848120107 -0.0555 7.229 1.9584572488621412 1.2998 1.1665197696240213 0.009564064237796321 0.21954934101253262
1.3 8.49481 6456.0 0.42096941262753723 4.324030587372462 1.299954118941306 -0.0555 7.229 1.958966353890291 1.2998 1.1679082378826116 0.009498343406889712 0.21950305873724626
1.3 8.505806 6455.50878617133 0.42149121382866966 4.32350878617133 1.3004912138286697 -0.0555 7.229245606914335 1.9593438496800688 1.2998 1.1684912138286696 0.009493754393085665 0.21942631792569955
1.3 8.517106 6454.969200649412 0.42203079935058735 4.322969200649412 1.3010307993505874 -0.0555 7.229515399675294 1.9597215595454112 1.2998 1.1690307993505873 0.009493484600324707 0.2193453800974119
1.3 8.52873 6454.414143825805 0.42258585617419536 4.322414143825805 1.3015858561741955 -0.0555 7.229792928087098 1.9601100993219367 1.2998 1.1695858561741954 0.009493207071912903 0.2192621215738707
1.3 8.540717 6453.9132415309705 0.4230867584690298 4.32182648306194 1.3022602754070896 -0.0555 7.23008675846903 1.9605127860097387 1.2998 1.16991324153097 0.00951755264673544 0.21918264830619405
1.3 8.553118 6453.588591025708 0.4234114089742918 4.321177182051416 1.3032342269228756 -0.0555 7.230411408974292 1.9609348316665793 1.2998 1.1695885910257082 0.00960942873972459 0.21911771820514164
1.3 8.565988 6453.251662390701 0.4237483376092989 4.320503324781402 1.3042450128278968 -0.0555 7.230748337609299 1.9613728388920886 1.2998 1.169251662390701 0.009704779543431597 0.2190503324781402
1.3 8.579052 6453.0 0.4241965877695178 4.319901706115242 1.3052948816542767 -0.0555 7.2310982938847586 1.9619260759349455 1.2998 1.1695897633085535 0.009748084536728473 0.21897051183457233
1.3 8.591956 6453.0 0.42493166994218 4.3195341650289105 1.3063975049132701 -0.0555 7.23146583497109 1.962771420433507 1.2998 1.1717950098265402 0.009643702868210433 0.218860249508673
1.3 8.604698 6453.0 0.4256575237118688 4.319171238144065 1.3074862855678033 -0.0555 7.231828761855935 1.9636061522686492 1.2998 1.1739725711356066 0.009540631632914626 0.21875137144321968
1.3 8.617271 6452.798004987531 0.42620199501246886 4.318596009975062 1.3084039900249378 -0.0555 7.232201995012469 1.9644645885286784 1.2998 1.1754039900249378 0.009491798004987532 0.21863940149625935
1.3 8.629671 6452.416243342262 0.4265837566577384 4.317832486684523 1.3091675133154768 -0.0555 7.232583756657738 1.9653426403127983 1.2998 1.1761675133154768 0.009491416243342262 0.2185248730026785
1.3 8.641893 6452.039961823835 0.4269600381761645 4.317079923647671 1.309920076352329 -0.0555 7.232960038176164 1.9662080878051784 1.2998 1.176920076352329 0.009491039961823836 0.21841198854715066
1.3 8.653935 6451.644473858372 0.4277110522832562 4.316288947716744 1.3110665784248843 -0.0555 7.233355526141628 1.9671177101257444 1.2998 1.1780665784248843 0.009490644473858372 0.2182933421575116
1.3 8.665794 6451.252051621443 0.4284958967571145 4.315504103242886 1.3122438451356717 -0.0555 7.233747948378557 1.9680202812706815 1.2998 1.1792438451356717 0.009490252051621443 0.21817561548643283
1.3 8.677466 6451.0 0.4292870491629208 4.314712950837079 1.3134305737443812 -0.0555 7.2341435245814605 1.968944458995505 1.2998 1.1802870491629207 0.00948985647541854 0.21805694262556186
1.3 8.688953 6451.0 0.4301002017484869 4.313899798251513 1.3146503026227303 -0.0555 7.234550100874244 1.9699202420981843 1.2998 1.1811002017484868 0.009489449899125757 0.21793496973772697
1.3 8.700252 6451.0 0.4309000460128129 4.313099953987187 1.3158500690192194 -0.0555 7.234950023006407 1.9708800552153756 1.2998 1.1819000460128128 0.009489049976993593 0.21781499309807806
1.3 8.711363 6450.634372526106 0.4317312549477891 4.312268745052211 1.3170968824216838 -0.0555 7.235365627473895 1.971877505937347 1.2998 1.182731254947789 0.009488634372526105 0.21769031175783163
1.3 8.722287 6450.22256568779 0.43255486862442033 4.31144513137558 1.3183323029366305 -0.0555 7.23577743431221 1.9728658423493044 1.2998 1.1835548686244204 0.00948822256568779 0.21756676970633695
1.3 8.733023 6449.806712268491 0.4331932877315092 4.310613424536982 1.3195798631945277 -0.0555 7.236 1.9735932877315092 1.2998 1.1845798631945277 0.009488 0.21746134245369816
1.3 8.743576 6449.3845753830155 0.43361542461698466 4.309769150766031 1.3208462738509539 -0.0555 7.236 1.9740154246169845 1.2998 1.1858462738509539 0.009488 0.21737691507660306
1.3 8.753944 6448.904306624926 0.4340318977916914 4.308968102208309 1.3220637955833827 -0.0555 7.236031897791691 1.974377671545816 1.2998 1.1869681022083087 0.00949709087063204 0.21729681022083086
1.3 8.764131 6447.611430747102 0.43446285641763266 4.308537143582368 1.3229257128352654 -0.0555 7.236462856417632 1.9740760005076572 1.2998 1.1865371435823673 0.009619914079025307 0.21725371435823673
1.3 8.774138 6446.341399441577 0.434886200186141 4.308113799813859 1.323772400372282 -0.0555 7.236886200186141 1.9737796598697013 1.2998 1.186113799813859 0.009740567053050181 0.2172113799813859
1.3 8.785851 6446.0 0.4358049781425639 4.307195021857436 1.3252074672138459 -0.0555 7.2374024890712825 1.9746659737710768 1.2998 1.187207467213846 0.009772597510928719 0.2170792532786154
1.3 8.7995 6445.988084627293 0.4370119153727072 4.305976169254586 1.3270357461181217 -0.0555 7.238011915372708 1.9761285968944973 1.2998 1.1890238307454146 0.009771988084627292 0.21689642538818785
1.3 8.815334 6445.245297180654 0.4377547028193461 4.304490594361308 1.3292641084580383 -0.0555 7.238754702819346 1.9779112867664306 1.2998 1.1905094056386922 0.009771245297180655 0.21667358915419618
1.3 8.833602 6444.358316929134 0.43928336614173236 4.302716633858267 1.3319250492125985 -0.0555 7.239 1.980040039370079 1.2998 1.1929250492125985 0.009770358316929134 0.21640749507874013
1.3 8.853335 6444.0 0.4412829838751223 4.300717016124877 1.3349244758126835 -0.0555 7.239641491937562 1.982439580650147 1.2998 1.197207459687806 0.00958781628973263 0.21610755241873164
1.3 8.872209 6443.358788074481 0.4432824238510386 4.298717576148961 1.337923635776558 -0.0555 7.240641211925519 1.9849030298137984 1.2998 1.200923635776558 0.00948535878807448 0.2158076364223442
1.3 8.890297 6443.0 0.4446409810304187 4.296718037939163 1.3409229430912561 -0.0555 7.241640981030419 1.9874024525760468 1.2998 1.2032819620608373 0.00948435901896958 0.21557180379391627
1.3 8.907662 6442.359196073849 0.446281607852302 4.294718392147698 1.343922411778453 -0.0555 7.242640803926151 1.9899020098153775 1.2998 1.205922411778453 0.009482718392147699 0.2153077588221547
1.3 8.924359 6441.359346532248 0.44828130693550367 4.292718693064496 1.3469219604032554 -0.0555 7.243640653467752 1.9924656990161547 1.2998 1.2082813069355036 0.009481359346532249 0.21500780395967445
1.3 8.940438 6441.0 0.4502809781923611 4.2907190218076385 1.3499214672885416 -0.0555 7.244640489096181 1.9950012227404514 1.2998 1.2109214672885416 0.00948035951090382 0.21470785327114586
1.3 8.955943 6440.359662877303 0.45228067424539387 4.288719325754606 1.3529210113680907 -0.0555 7.245640337122698 1.9976289102312816 1.2998 1.2132806742453939 0.009479359662877303 0.21440789886319092
1.3 8.970913 6439.359824146094 0.4536401758539059 4.286719648292188 1.3559205275617177 -0.0555 7.246640175853906 2.000264457220155 1.2998 1.2159205275617178 0.009478359824146094 0.21410794724382823
1.3 8.985385 6439.0 0.4552801790460205 4.284719820953979 1.3589202685690307 -0.0555 7.24764008952301 2.0029282417121275 1.2998 1.2182801790460205 0.00947735991047699 0.21380797314309694
1.3 8.999389 6438.360063574628 0.4572798728507443 4.282720127149256 1.3619198092761164 -0.0555 7.248639936425372 2.005691821991042 1.2998 1.2209198092761164 0.009475720127149256 0.21350801907238837
1.3 9.012955 6438.0 0.4592793679189028 4.280720632081097 1.3649190518783543 -0.0555 7.249639683959451 2.0084911150864637 1.2998 1.2232793679189027 0.009474360316040549 0.2132080948121646
1.3 9.026112 6437.360408821947 0.4612791823561054 4.278720817643895 1.367918773534158 -0.0555 7.250639591178053 2.011290855298548 1.2998 1.2259187735341581 0.009473360408821947 0.21290812264658418
1.3 9.038882 6436.360304013934 0.46263969598606597 4.276720608027868 1.3715587839442638 -0.0555 7.251639695986066 2.0141551183595916 1.2998 1.228919087958198 0.009472360304013935 0.2126080912041802
1.3 9.051288 6435.36023782375 0.4642795243525003 4.2747204756474995 1.3749192865287503 -0.0555 7.25263976217625 2.0170553103111253 1.2998 1.2312795243525003 0.00947136023782375 0.21230807134712495
1.3 9.063348 6435.0 0.46627922948073697 4.272720770519263 1.3779188442211054 -0.0555 7.253639614740369 2.0199548827470686 1.2998 1.2339188442211055 0.00947036038525963 0.21200811557788946
1.3 9.07508 6433.082178814216 0.4676392737285948 4.271360726271405 1.3809178211857844 -0.0555 7.254 2.019401815678513 1.2998 1.2369178211857845 0.009471278547457189 0.21183607262714052
1.3 9.086506 6431.36084113801 0.46927831772397943 4.26908252341403 1.3839174765859692 -0.0555 7.254639158861989 2.0203535606997702 1.2998 1.2399174765859693 0.009472 0.21160825234140307
1.3 9.097639 6430.360692907673 0.4712786141846542 4.266721385815345 1.3875572283693085 -0.0555 7.255639307092327 2.0232539905677487 1.2998 1.2429179212769814 0.009470721385815345 0.21130820787230187
1.3 9.108494 6429.360661833054 0.473278676333891 4.264721323666109 1.3909180145008364 -0.0555 7.256639338166945 2.0262180145008366 1.2998 1.245278676333891 0.00947 0.21100819854991634
1.3 9.119084 6428.3607697437365 0.4746392302562637 4.2627215394874725 1.3939176907687911 -0.0555 7.257639230256264 2.029217690768791 1.2998 1.2479176907687912 0.009468721539487473 0.2106443078974945
1.3 9.129419 6427.36110840082 0.4762777831983609 4.260722216801639 1.3975555663967218 -0.0555 7.25927778319836 2.0322166747975414 1.2998 1.2509166747975413 0.009468 0.21030833252024586
1.3 9.139517 6427.0 0.47827761134411817 4.258722388655881 1.4009164170161772 -0.0555 7.260638805672059 2.035280297583383 1.2998 1.2539164170161772 0.009467361194327941 0.21000835829838227
1.3 9.149385 6426.361295596199 0.4802774088076021 4.256722591192398 1.4045548176152043 -0.0555 7.261638704403801 2.038379983651783 1.2998 1.2569161132114033 0.0094663612955962 0.2097083886788597
1.3 9.159035 6425.36106176194 0.4822778764761207 4.254722123523879 1.4079168147141812 -0.0555 7.2626389382380605 2.041544602361793 1.2998 1.259916814714181 0.00946536106176194 0.2094083185285819
1.3 9.168474 6423.722050186866 0.4842779498131338 4.252083075280299 1.4115558996262678 -0.0555 7.263638974906567 2.044744719701014 1.2998 1.2629169247197007 0.009465 0.20910830752802992
1.3 9.17771 6422.361365619547 0.4862772687609073 4.249722731239093 1.414915903141361 -0.0555 7.264638634380454 2.048007493455497 1.2998 1.265915903141361 0.009464361365619546 0.2088084096858639
1.3 9.186756 6421.36143907329 0.4882771218534196 4.24772287814658 1.418554243706839 -0.0555 7.26563856092671 2.0513072510581423 1.2998 1.2689156827801293 0.00946336143907329 0.20850843172198705
1.3 9.195617 6420.361527967258 0.48963847203274213 4.245723055934516 1.4219154160982264 -0.0555 7.267276944065484 2.054606957708049 1.2998 1.2719154160982262 0.009463 0.20827230559345158
1.3 9.204302 6418.722589627567 0.49127741037243294 4.243722589627567 1.4255548207448658 -0.0555 7.268638705186216 2.057971597633136 1.2998 1.2755548207448657 0.009463 0.20800838844413505
1.3 9.212816 6417.361249112846 0.4932775017743079 4.241083747338538 1.429555003548616 -0.0555 7.269638750887154 2.061371753016324 1.2998 1.278916252661462 0.009463 0.2077083747338538
1.3 9.221166 6414.445556493429 0.4946386108766429 4.238722778246714 1.4329158326299287 -0.0555 7.27 2.0593430845291216 1.2998 1.28 0.009645642710719866 0.20753613891233572
1.3 9.229357 6411.723362418582 0.49627663758141816 4.236723362418582 1.4365532751628363 -0.0555 7.270638318790708 2.059670283888411 1.2998 1.2819149563721273 0.009749 0.20730850436278728
1.3 9.237398 6409.723425566545 0.4982765744334544 4.234723425566545 1.4405531488669088 -0.0555 7.271638287216727 2.0630701765368724 1.2998 1.2855531488669087 0.009749 0.20700851383498184
1.3 9.245293 6408.361561025379 0.5002768779492412 4.232084683076138 1.4445537558984824 -0.0555 7.273276877949241 2.0665983803086343 1.2998 1.2895537558984824 0.009749 0.2067084683076138
1.3 9.253047 6406.723001038421 0.5022769989615786 4.229723001038422 1.4485539979231572 -0.0555 7.2746384994807896 2.0701985981308413 1.2998 1.2929154984423679 0.00974836150051921 0.20640845015576323
1.3 9.260665 6405.361558784676 0.5042768824306473 4.227084676354029 1.4525537648612945 -0.0555 7.275638441215324 2.0739899207397623 1.2998 1.2965537648612946 0.009748 0.20610846763540291
1.3 9.26815 6404.361827956989 0.5062763440860216 4.224723655913978 1.4565526881720432 -0.0555 7.276638172043011 2.0780803225806457 1.2998 1.2999145161290324 0.009747361827956989 0.20580854838709675
1.3 9.275509 6403.361995898838 0.5082760082023239 4.222085987696515 1.4611900205058097 -0.0555 7.278276008202324 2.0825348188653448 1.2998 1.3035520164046477 0.009745723991797677 0.20544479835953525
1.3 9.282747 6403.0 0.5109148936170212 4.219723404255319 1.4655531914893618 -0.0555 7.27963829787234 2.08751914893617 1.2998 1.3069148936170212 0.009743085106382979 0.2049808510638298
1.3 9.289865 6403.0 0.5139150650084794 4.2170849349915205 1.4701917750141325 -0.0555 7.2812767100056535 2.092847117015263 1.2998 1.3124684850197852 0.009560707179197282 0.20454465799886942
1.3 9.296869 6403.0 0.5169151227918998 4.2140848772081005 1.4745534970558662 -0.0555 7.283276748527933 2.0985025707310063 1.2998 1.3175534970558662 0.009455446502944134 0.20408081286801671
1.3 9.30376 6403.0 0.5192760431864607 4.211085935220309 1.4791901079661518 -0.0555 7.2846380215932305 2.104109118762767 1.2998 1.320914064779691 0.009452085935220308 0.20358098920338483
1.3 9.310545 6402.361992291729 0.5219140231248145 4.208723984583457 1.4841900385413576 -0.0555 7.286276015416543 2.109736643937148 1.2998 1.324552030833086 0.009449085976875184 0.2031447969166914
1.3 9.317225 6402.0 0.5249136062612889 4.206086393738711 1.488551475015052 -0.0555 7.288275737507526 2.115435851896449 1.2998 1.328551475015052 0.009446724262492474 0.20268106562311852
1.3 9.323805 6400.723742547011 0.527276257452989 4.203085613820517 1.4931906436324727 -0.0555 7.289638128726494 2.12094589512307 1.2998 1.332552514905978 0.009445361871273506 0.20224474850940222
1.3 9.330286 6398.723549488055 0.5292764505119452 4.200085324232083 1.4981911262798628 -0.0555 7.291276450511945 2.1262825938566547 1.2998 1.3365529010238903 0.009445 0.20190853242320822
1.3 9.33667 6396.724181360201 0.5312758186397984 4.197086272040302 1.503189546599496 -0.0555 7.293275818639798 2.1313257556675063 1.2998 1.341189546599496 0.009446275818639799 0.20160862720403025
1.3 9.342963 6393.448969813129 0.5332755150934354 4.194724484906565 1.5081887877335882 -0.0555 7.295275515093436 2.1362250119789166 1.2998 1.3461887877335883 0.009447637757546718 0.20137244849065647
1.3 9.349167 6389.448711716092 0.5352756441419542 4.1920865337870685 1.5131891103548851 -0.0555 7.297275644141954 2.1408701993193966 1.2998 1.3486378220709772 0.00962977929022846 0.20117243558580458
1.3 9.355283 6384.809962189709 0.5372760151241163 4.189085977313825 1.5181900378102906 -0.0555 7.298638007562058 2.1453710340292615 1.2998 1.3521900378102907 0.00973619003781029 0.20097239848758838
1.3 9.361314 6379.171638060323 0.5386380603232794 4.186085819030161 1.5231903016163972 -0.0555 7.300276120646559 2.1496160473254458 1.2998 1.3546380603232795 0.009975358440259954 0.2009
1.3 9.367263 6372.533198175369 0.539638114546376 4.1830856563608725 1.5281905727318796 -0.0555 7.302276229092752 2.153652458185504 1.2997361885453624 1.356276229092752 0.01033334009123158 0.20083618854536242
1.3 9.373129 6365.5363013698625 0.5406376712328769 4.18008698630137 1.5338260273972608 -0.0555 7.3036376712328765 2.157523150684932 1.2997 1.3582753424657537 0.010683184931506884 0.20086376712328768
1.3 9.378919 6357.898993405068 0.5416376258243665 4.177087122526901 1.5391881291218323 -0.0555 7.305275251648733 2.160685352308226 1.2997 1.3609128774730996 0.011020416522040943 0.2009
1.3 9.384633 6349.259630606862 0.5426378188214599 4.174086543535621 1.5448269129287588 -0.0555 7.30663781882146 2.1639961477572554 1.2997 1.3639134564643793 0.011337723834652539 0.20096378188214598
1.3 9.390273 6340.896133974701 0.543 4.17044806698735 1.5501899162658117 -0.0555 7.308275966506325 2.167788134687333 1.2997 1.3675519330126493 0.01164777480848033 0.20106379832531623
1.3 9.39584 6333.53419960296 0.5442759429705829 4.167086085544126 1.5564658003970402 -0.0555 7.308362028514709 2.1625012994044397 1.2997 1.3709139144558744 0.011945011730734522 0.2009724057029417
1.3 9.401335 6326.414238773276 0.5465285870755747 4.163707119386638 1.5635857612267239 -0.0555 7.309528587075574 2.1628271851040513 1.2996235706462214 1.374292880613362 0.01226400219058045 0.2009
1.3 9.406763 6319.374145891044 0.5478036934441366 4.160588919667591 1.569018467220683 -0.0555 7.310803693444137 2.167154035087719 1.2996 1.3774110803324096 0.012555034164358244 0.20081963065558633
1.3 9.412124 6310.764309764309 0.5488039655817436 4.156784137673026 1.5748237934904612 -0.0555 7.312607931163487 2.1712766554433225 1.2996 1.3804118967452306 0.012939625888514841 0.20088039655817436
1.3 9.41742 6301.763202725724 0.549 4.153587734241907 1.5808245315161842 -0.0555 7.31380408858603 2.175396763202726 1.2996 1.3842163543441228 0.013333594548551972 0.20106081771720613
1.3 9.422652 6290.9953188999425 0.5498186073727326 4.150544177881803 1.5869116442363953 -0.0555 7.315637214745465 2.1794744294909303 1.2995181392627269 1.3825441778818024 0.01420404915155055 0.20126372147454652
1.3 9.42782 6279.0 0.551009796533535 4.145990203466465 1.5950195930670699 -0.0555 7.316983672444109 2.1840141170560097 1.2995 1.3850326551117833 0.014848530519969752 0.20139836724441082
1.3 9.432929 6278.653191489362 0.5550404255319149 4.141959574468085 1.6030808510638297 -0.0555 7.312693617021277 2.160192978723404 1.2995 1.3946531914893616 0.014552595744680846 0.20072659574468085
1.3 9.437979 6275.036015325671 0.5577409961685825 4.1377770114942525 1.6099639846743297 -0.0555 7.315481992337165 2.1676639846743297 1.2995 1.397704980842912 0.014847409961685825 0.2004
1.3 9.44297 6268.015692175408 0.558854901117799 4.135290197764402 1.6152745055889948 -0.0555 7.316854901117799 2.1716066638005165 1.2994145098882202 1.399854901117799 0.015234705503009526 0.2004854901117799
1.3 9.447905 6257.337945112271 0.559 4.132101383533681 1.6217972329326373 -0.0555 7.3189324109775455 2.1750952370151957 1.2994 1.4038648219550913 0.01570580630528461 0.20059662054887728
1.3 9.452783 6246.322377070733 0.56 4.12749671312122 1.6290065737575603 -0.0555 7.320167762292927 2.1789200631080727 1.2993832237707075 1.407 0.01625749934262433 0.20091677622929266
1.3 9.46238 6222.167068757539 0.561 4.119389022919179 1.643351628468034 -0.0555 7.323740651387213 2.1870239445114596 1.2992129674306392 1.4118703256936067 0.017739975874547693 0.20147406513872138
1.3 9.47177 6197.545873320539 0.5620648752399231 4.111870249520154 1.6592595009596922 -0.0555 7.327064875239923 2.195962188099808 1.2990935124760077 1.414 0.01968957389635307 0.2021064875239923
1.3 9.480959 6170.770729497052 0.563 4.103220208427729 1.6745595831445415 -0.0555 7.33 2.205813729043952 1.2988110104213864 1.4152202084277294 0.02184411871318557 0.2027779791572271
1.3 9.48996 6145.312105565118 0.564 4.095462421113024 1.6906127366609291 -0.0555 7.334537578886976 2.2168364314400457 1.2986 1.4231503155479055 0.02346075157773953 0.20350751577739526
1.3 9.503119 6108.078008298758 0.566 4.083359336099586 1.7149219917012428 -0.0555 7.340640663900414 2.2363813278008284 1.2982 1.428562655601657 0.026612813278008286 0.20456406639004143
1.3 9.511676 6085.219026548673 0.5678904867256631 4.075109513274337 1.7308904867256631 -0.0555 7.346 2.2528809734513264 1.2979 1.4297809734513263 0.028918904867256633 0.205
1.3 9.520068 6066.8896103896095 0.5701103896103904 4.06688961038961 1.7481103896103904 -0.0555 7.353 2.2730876623376637 1.2977 1.4382207792207808 0.030291103896103906 0.2052
1.3 9.532358 6071.70564516129 0.5857056451612896 4.053 1.7757056451612896 -0.0555 7.371 2.3326407258064505 1.2979 1.466 0.028912943548387107 0.20245887096774207
nan nan nan nan nan nan nan nan nan nan nan nan nan
nan nan nan nan nan nan nan nan nan nan nan nan nan
nan nan nan nan nan nan nan nan nan nan nan nan nan
nan nan nan nan nan nan nan nan nan nan nan nan nan
nan nan nan nan nan nan nan nan nan nan nan nan nan
nan nan nan nan nan nan nan nan nan nan nan nan nan
nan nan nan nan nan nan nan nan nan nan nan nan nan
nan nan nan nan nan nan nan nan nan nan nan nan nan
nan nan nan nan nan nan nan nan nan nan nan nan nan
nan nan nan nan nan nan nan nan nan nan nan nan nan
nan nan nan nan nan nan nan nan nan nan nan nan nan
nan nan nan nan nan nan nan nan nan nan nan nan nan
nan nan nan nan nan nan nan nan nan nan nan nan nan
nan nan nan nan nan nan nan nan nan nan nan nan nan
nan nan nan nan nan nan nan nan nan nan nan nan nan
nan nan nan nan nan nan nan nan nan nan nan nan nan
nan nan nan nan nan nan nan nan nan nan nan nan nan
nan nan nan nan nan nan nan nan nan nan nan nan nan
nan nan nan nan nan nan nan nan nan nan nan nan nan
nan nan nan nan nan nan nan nan nan nan nan nan nan
nan nan nan nan nan nan nan nan nan nan nan nan nan
nan nan nan nan nan nan nan nan nan nan nan nan nan
nan nan nan nan nan nan nan nan nan nan nan nan nan
nan nan nan nan nan nan nan nan nan nan nan nan nan
nan nan nan nan nan nan nan nan nan nan nan nan nan
nan nan nan nan nan nan nan nan nan nan nan nan nan
nan nan nan nan nan nan nan nan nan nan nan nan nan
nan nan nan nan nan nan nan nan nan nan nan nan nan
nan nan nan nan nan nan nan nan nan nan nan nan nan
nan nan nan nan nan nan nan nan nan nan nan nan nan
nan nan nan nan nan nan nan nan nan nan nan nan nan
nan nan nan nan nan nan nan nan nan nan nan nan nan
nan nan nan nan nan nan nan nan nan nan nan nan nan
nan nan nan nan nan nan nan nan nan nan nan nan nan
nan nan nan nan nan nan nan nan nan nan nan nan nan
nan nan nan nan nan nan nan nan nan nan nan nan nan
nan nan nan nan nan nan nan nan nan nan nan nan nan
nan nan nan nan nan nan nan nan nan nan nan nan nan
nan nan nan nan nan nan nan nan nan nan nan nan nan
nan nan nan nan nan nan nan nan nan nan nan nan nan
nan nan nan nan nan nan nan nan nan nan nan nan nan
nan nan nan nan nan nan nan nan nan nan nan nan nan
nan nan nan nan nan nan nan nan nan nan nan nan nan
nan nan nan nan nan nan nan nan nan nan nan nan nan
nan nan nan nan nan nan nan nan nan nan nan nan nan
nan nan nan nan nan nan nan nan nan nan nan nan nan
nan nan nan nan nan nan nan nan nan nan nan nan nan
